#OBSTEMP,8
#CONFIGTEMP,19
#EQUINOX,J2000.0
#CENTRE,16 00 09.88,-22 01 26.5 #Field centre
#UTTIME,14 00 00.00 #Target observing time
#UTDATE,2021 07 10 #Target observing date
#PLATEID,a test_plateID
#LABEL,240_m20_comissioning Tile 000
#TILING_DATE,2021 06 15 # Date the tile was created/configured
#PROXIMITY,220 # tiling proximity value in arcseconds
"ID","RA","DEC","g_mag","r_mag","i_mag","z_mag","y_mag","GAIA_g_mag","GAIA_bp_mag","GAIA_rp_mag","pmRA","pmDEC","Re","GAL_MU_E_R","Mstar","priority","remaining_observations","Tile_number","COMPLETED","MagnetX_noDC","MagnetY_noDC","type","MagnetX","MagnetY","SkyFibrePosition","fibre_type","x","y","grads","gangs","gazAngs","gangs_gazAng"
"6243564481837370624",240.48537,-21.617958,NA,10.6978998184204,NA,NA,NA,NA,NA,NA,-11.7230724170359,-23.547779629735,NA,NA,NA,NA,NA,NA,NA,100385.925306122,91770.9159999998,2,96931.88,95166.59,NA,"G",-143.44352,-69.46325,159.377496939037,4.99142756629516,0.45097250187958,4.54045506441558
"6243612104440601600",240.04935,-21.589516,NA,10.8283996582031,NA,NA,NA,NA,NA,NA,-14.5950334169632,-4.69607135305918,NA,NA,NA,NA,NA,NA,NA,1845.40530612526,98198.8080000002,2,1795,101511.17,NA,"G",-155.52413,118.30545,195.407099441037,3.00001280481608,-0.650306860836906,3.65031966565299
"6243569876323017088",240.40779,-21.490728,NA,11.5790996551514,NA,NA,NA,NA,NA,NA,-41.5046450094698,15.2672698429117,NA,NA,NA,NA,NA,NA,NA,82852.8453061256,120524.896,2,80195.82,125252.48,NA,"G",58.28085,20.13774,61.6618686793556,3.53909512545357,3.47427910819032,0.064816017263249
"6243203120476661376",239.97186,-22.79337,NA,11.6497001647949,NA,NA,NA,NA,NA,NA,-6.3634313784849,-10.2514756752206,NA,NA,NA,NA,NA,NA,NA,-15667.3346938774,-173872.196,2,-15160.78,-182076.21,NA,"G",18.67141,-161.35112,162.427846986416,3.83544538582813,1.68600303163059,2.14944235419755
"6243227172292998528",240.48427,-22.491997,NA,11.87380027771,NA,NA,NA,NA,NA,NA,-5.60784288000512,3.53525769502851,NA,NA,NA,NA,NA,NA,NA,100137.325306126,-105761.898,2,96249.37,-110212.22,NA,"G",-114.25572,-98.8966,151.112233271428,2.320815240526,0.713465472738668,1.60734976778733
"6246530345736828288",239.47615,-21.590834,NA,12.191499710083,NA,NA,NA,NA,NA,NA,-9.03548479081139,-11.5381205272271,NA,NA,NA,NA,NA,NA,NA,-127697.794693878,97900.9399999999,2,-123674.34,101783.03,NA,"G",141.91767,-53.68766,151.733285387566,4.40016288984594,2.77993070978685,1.62023218005909
