#OBSTEMP,8
#CONFIGTEMP,19
#EQUINOX,J2000.0
#CENTRE,16 00 10.55,-22 07 38.2 #Field centre
#UTTIME,12 00 00.00 #Target observing time
#UTDATE,2021 07 10 #Target observing date
#PLATEID,a test_plateID
#LABEL,240_m20_comissioning Tile 015
#TILING_DATE,2021 06 07 # Date the tile was created/configured
#PROXIMITY,220 # tiling proximity value in arcseconds
"ID","RA","DEC","g_mag","r_mag","i_mag","z_mag","y_mag","GAIA_g_mag","GAIA_bp_mag","GAIA_rp_mag","pmRA","pmDEC","priority","remaining_observations","Tile_number","COMPLETED","MagnetX_noDC","MagnetY_noDC","type","MagnetX","MagnetY","Position","fibre_type","x","y","grads","gangs","gazAngs","gangs_gazAng"
"6243564481837370624",240.48537,-21.617958,NA,10.6978998184204,NA,NA,NA,NA,NA,NA,-11.7230724170359,-23.547779629735,NA,NA,NA,NA,99762.59885714,115108.521885715,2,96543.97,119694.11,NA,"G",-87.46392,-22.95109,90.4250509203866,5.38486960680745,0.256620736848367,5.12824886995908
"6243612104440601600",240.04935,-21.589516,NA,10.8283996582031,NA,NA,NA,NA,NA,NA,-14.5950334169632,-4.69607135305918,NA,NA,NA,NA,1222.07885713692,121536.413885714,2,1174.22,126029.37,NA,"G",-9.5411,104.78517,105.218650633521,6.2390910060597,-1.47999280410702,1.43589850298714
"6243203120476661376",239.97186,-22.79337,NA,11.6497001647949,NA,NA,NA,NA,NA,NA,-6.36343137848489,-10.2514756752206,NA,NA,NA,NA,-16290.6611428593,-150534.590114286,2,-15646.39,-156885.01,NA,"G",141.24514,-29.35338,144.262990718493,4.50304952582869,2.93669055034301,1.56635897548568
"6237185974371659136",239.94101,-22.877972,NA,11.8268003463745,NA,NA,NA,NA,NA,NA,-64.8859508882771,-43.6202203661294,NA,NA,NA,NA,-23262.7611428627,-169654.642114286,2,-22421.02,-177531.26,NA,"G",-15.64639,-156.88501,157.663299098846,5.30078142109075,1.4713934432674,3.82938797782334
"6243232081430715392",240.7765,-22.371107,NA,12.2285995483398,NA,NA,NA,NA,NA,NA,-17.3132852790657,-9.67093476320869,NA,NA,NA,NA,165557.978857136,-55103.1521142864,2,159915.34,-57934.02,NA,"G",117.48334,-78.82944,141.479382908851,0.8971049401039,2.55060708799867,4.62968315928482
"6243514557142507520",240.00003,-21.678959,NA,12.245400428772,NA,NA,NA,NA,NA,NA,-11.7798565660068,-16.0499582879932,NA,NA,NA,NA,-9924.24114286825,101322.295885714,2,-9541.1,104785.17,NA,"G",-5.45076,-74.2698,74.4695506674882,1.60670491330987,1.49753633348509,0.109168579824776
