#OBSTEMP,8
#CONFIGTEMP,19
#EQUINOX,J2000.0
#CENTRE,15 59 49.37,-21 57 12.4 #Field centre
#UTTIME,12 00 00.00 #Target observing time
#UTDATE,2021 07 10 #Target observing date
#PLATEID,a test_plateID
#LABEL,240_m20_comissioning Tile 000
#TILING_DATE,2021 06 07 # Date the tile was created/configured
#PROXIMITY,220 # tiling proximity value in arcseconds
"ID","RA","DEC","g_mag","r_mag","i_mag","z_mag","y_mag","GAIA_g_mag","GAIA_bp_mag","GAIA_rp_mag","pmRA","pmDEC","priority","remaining_observations","Tile_number","COMPLETED","MagnetX_noDC","MagnetY_noDC","type","MagnetX","MagnetY","Position","fibre_type","x","y","grads","gangs","gazAngs","gangs_gazAng"
"6243564481837370624",240.48537,-21.617958,NA,10.6978998184204,NA,NA,NA,NA,NA,NA,-11.7230724170359,-23.547779629735,NA,NA,NA,NA,119697.955151518,75821.5344242433,2,115647.86,78608.54,NA,"G",-147.85307,-104.18119,180.870812068285,2.45243674179987,0.613824248254351,1.83861249354552
"6243612104440601600",240.04935,-21.589516,NA,10.8283996582031,NA,NA,NA,NA,NA,NA,-14.5950334169632,-4.69607135305918,NA,NA,NA,NA,21157.4351515146,82249.426424243,2,20323.04,84973.24,NA,"G",-120.13819,152.76957,194.349495019825,0.484361403509409,-0.904402446341541,1.38876384985095
"6243569876323017088",240.40779,-21.490728,NA,11.5790996551514,NA,NA,NA,NA,NA,NA,-41.5046450094698,15.2672698429117,NA,NA,NA,NA,102164.875151509,104575.514424243,2,98896.05,108657.76,NA,"G",28.06371,201.76069,203.703087478418,2.75370885563247,4.57418169123862,4.46271247157343
"6243203120476661376",239.97186,-22.79337,NA,11.6497001647949,NA,NA,NA,NA,NA,NA,-6.36343137848489,-10.2514756752206,NA,NA,NA,NA,3644.69515151836,-189821.577575757,2,3536.93,-199431.25,NA,"G",180.50359,-99.80125,206.256722325481,4.64099706977961,2.63652222355246,2.00447484622716
"6237185974371659136",239.94101,-22.877972,NA,11.8268003463745,NA,NA,NA,NA,NA,NA,-64.8859508882771,-43.6202203661294,NA,NA,NA,NA,-3327.40484848506,-208941.629575757,2,-3230.25,-220657.09,NA,"G",-124.66729,-85.91076,151.40208677466,2.29801068206054,0.603386769271652,1.69462391278889
"6243227172292998528",240.48427,-22.491997,NA,11.87380027771,NA,NA,NA,NA,NA,NA,-5.60784288000512,3.5352576950285,NA,NA,NA,NA,119449.355151516,-121711.279575757,2,115331.23,-127378.95,NA,"G",-168.58084,62.94645,179.949312815326,2.09894499484331,-0.357358677928253,2.45630367277156
