#OBSTEMP,8
#CONFIGTEMP,19
#EQUINOX,J2000.0
#CENTRE,16 00 19.89,-21 45 13.2 #Field centre
#UTTIME,12 00 00.00 #Target observing time
#UTDATE,2021 07 10 #Target observing date
#PLATEID,a test_plateID
#LABEL,240_m20_comissioning Tile 023
#TILING_DATE,2021 06 07 # Date the tile was created/configured
#PROXIMITY,220 # tiling proximity value in arcseconds
"probe","ID","x","y","rads","angs","azAngs","angs_azAng","RA","DEC","g_mag","r_mag","i_mag","z_mag","y_mag","GAIA_g_mag","GAIA_bp_mag","GAIA_rp_mag","pmRA","pmDEC","priority","remaining_observations","Tile_number","COMPLETED","MagnetX_noDC","MagnetY_noDC","type","MagnetX","MagnetY","Position","fibre_type","fraction_plate_radius_X","fraction_plate_radius_Y"
1,"6243416563169175424",-90.66159,-147.59426,173.215442401293,2.48217461068234,1.01995579009933,1.46221882058301,239.66771,-22.37805,18.5331993103027,17.9615993499756,17.695499420166,17.5687007904053,17.4652996063232,17.977783,18.4128,17.323061,-7.80351658194368,-13.4185102140596,1,1,-999,"False",-93823.571272733,-141109.974509091,1,-90661.59,-147594.26,NA,"P",-0.401157477876106,-0.653071946902655
2,"6246657648568984192",-106.58619,166.52694,197.716558852514,2.96634794676199,-1.00144501556182,3.96779296232381,239.60126,-21.050686,18.4258003234863,17.9638004302979,17.7485008239746,17.6494007110596,17.5620994567871,17.984108,18.396923,17.36598,-2.22821979769415,2.31086446969031,1,1,-999,"False",-108841.271272734,158874.28949091,1,-106586.19,166526.94,NA,"P",-0.471620309734513,0.736844867256637
3,"6243508372389623936",-90.20326,-18.01195,91.9840119663744,1.98000813087239,0.197089586818359,1.78291854405403,239.66692,-21.830225,16.4375991821289,15.6690998077393,15.2713003158569,15.066499710083,14.9277000427246,15.656393,16.277258,14.887491,-7.4142779382672,-4.31213909832668,1,1,-999,"False",-94002.1112727318,-17301.5245090903,1,-90203.26,-18011.95,NA,"P",-0.399129469026549,-0.0796988938053097
4,"6243631826930471424",-33.59505,90.95764,96.9634965276732,3.23742012257296,-1.21698975180521,4.45440987437817,239.92838,-21.36405,17.2735004425049,16.4712009429932,16.1112995147705,15.9181995391846,15.8022003173828,16.491364,17.121462,15.724907,-2.78772233434029,-3.94781492888552,1,1,-999,"False",-34912.1512727384,88054.0254909097,1,-33595.05,90957.64,NA,"P",-0.148650663716814,0.402467433628319
5,"6243564000807706240",82.82643,22.64297,85.8657184035969,1.24924327338554,3.40845079878118,4.12397778178395,240.46451,-21.656284,17.309700012207,16.8661003112793,16.6674003601074,16.5834999084473,16.5310001373291,16.873669,17.255032,16.305204,-6.11113178076922,-3.84719233159503,1,1,-999,"False",86253.2287272713,22009.1414909096,1,82826.43,22642.97,NA,"P",0.366488628318584,0.100190132743363
6,"6243419380666683264",-122.15085,-139.10022,185.120775062582,2.19468728412743,0.850185072220262,1.34450221190717,239.52498,-22.340286,16.3577003479004,15.7792997360229,15.5441999435425,15.4259996414185,15.3487997055054,15.802101,16.274328,15.168911,4.21292351361897,-8.94964112683944,1,1,-999,"False",-126080.551272739,-132575.31050909,1,-122150.85,-139100.22,NA,"P",-0.540490486725664,-0.615487699115044
7,"6243603342707788416",151.33907,116.27175,190.847148148793,0.00947610116290309,3.79669470943448,2.49596669890801,240.76817,-21.261635,16.6368007659912,15.976300239563,15.6282997131348,15.4524002075195,15.3131999969482,15.962725,16.511023,15.244616,-5.11611435940137,-3.46613178397003,1,1,-999,"False",154880.388727273,111199.815490909,1,151339.07,116271.75,NA,"P",0.669641902654867,0.514476769911504
8,"6243592072713569920",125.46452,82.64949,150.240753379669,3.64399945289146,3.72409298472095,6.2030917753501,240.65594,-21.40124,16.2537002563477,15.7608003616333,15.5034999847412,15.4191999435425,15.3224000930786,15.762553,16.184902,15.145271,-12.8543159211081,-6.78624699549392,1,1,-999,"False",129516.408727264,79649.0854909099,1,125464.52,82649.49,NA,"P",0.555152743362832,0.365705707964602
9,"6246638888151779328",-79.72257,131.62937,153.889503261274,0.483843361895456,-1.02622586456182,1.51006922645728,239.71936,-21.193645,17.4438991546631,16.8061008453369,16.5398998260498,16.4139995574951,16.3262004852295,16.831703,17.342813,16.163713,-6.30125686084336,1.01729809736227,1,1,-999,"False",-82150.6712727277,126565.555490909,1,-79722.57,131629.37,NA,"P",-0.352754734513274,0.582430840707965
10,"6246651326377090816",-111.13115,133.70419,173.858974240269,0.160229138991729,-0.877335076492102,1.03756421548383,239.57799,-21.186493,17.8596992492676,16.9799995422363,16.5790004730225,16.357400894165,16.2071990966797,16.999195,17.685122,16.191729,-5.05021125407041,-1.0585093274655,1,1,-999,"False",-114100.291272733,128181.90749091,1,-111131.15,133704.19,NA,"P",-0.491730752212389,0.591611460176991
11,"6243573621533897856",157.05135,29.15549,159.734683566102,4.22350060331415,3.32514610818127,0.898354495132886,240.80005,-21.628399,16.8248996734619,16.2618007659912,16.0090007781982,15.8968000411987,15.811900138855,16.276403,16.744806,15.637775,-1.47828534207469,0.483837337000229,1,1,-999,"False",162085.268727267,28311.1514909098,1,157051.35,29155.49,NA,"P",0.694917477876106,0.129006592920354
12,"6243250571275067392",85.74628,-99.94648,131.687977424778,0.973457560657164,2.27987155584419,4.97677131199256,240.47743,-22.179123,17.1951999664307,16.6275005340576,16.3838005065918,16.2852001190186,16.2126998901367,16.653625,17.122969,16.01853,-0.748820270186235,0.839466112337578,1,1,-999,"False",89173.1487272603,-96152.4725090907,1,85746.28,-99946.48,NA,"P",0.379408318584071,-0.442241061946903
13,"6243509403181759360",-54.54947,-2.811,54.6218490924731,1.81050628412969,0.0514856658720837,1.75902061825761,239.8306,-21.765537,17.0914993286133,16.4430999755859,16.1697006225586,16.0310001373291,15.9428997039795,16.474867,16.99032,15.798375,-1.91097689804511,0.448337873302668,1,1,-999,"False",-57010.431272732,-2682.0365090902,1,-54549.47,-2811,NA,"P",-0.241369336283186,-0.0124380530973451
14,"6243530946737807488",-57.324,38.5486,69.0799213806733,-0.493546602413456,-0.59200869768593,0.098462095272474,239.8184,-21.588078,18.0168991088867,17.2819004058838,16.9099998474121,16.7117004394531,16.5671997070313,17.283049,17.858763,16.519327,-2.28430271265145,-2.19921417355797,1,1,-999,"False",-59767.6312727336,37423.6974909096,1,-57324,38548.6,NA,"P",-0.253646017699115,0.170569026548673
15,"6243569154767785344",51.70675,43.72631,67.7168973135849,1.38139335107047,3.84356149407313,3.82101716417693,240.32138,-21.565931,16.8087005615234,16.3269004821777,16.1077003479004,16.0216999053955,15.9456996917725,16.333883,16.747812,15.742887,-1.818188839512,0.183453568210185,1,1,-999,"False",53905.8487272618,42428.9194909096,1,51706.75,43726.31,NA,"P",0.22879092920354,0.193479247787611
16,"6243641791255524992",3.93805,140.26456,140.319831206413,3.04211272580235,4.68432048068417,4.64097755229777,240.10086,-21.15639,17.8931999206543,17.2148990631104,16.9099998474121,16.7693004608154,16.6662006378174,17.244022,17.784061,16.533203,-4.23026911237903,-2.86690882288404,1,1,-999,"False",4068.32872726972,134985.18549091,1,3938.05,140264.56,NA,"P",0.017425,0.620639646017699
17,"6243499645016314624",-172.48171,-14.75561,173.111722049653,-1.39085388600536,0.0853410510890305,4.8069903700852,239.29591,-21.814266,15.1977996826172,14.2579002380371,13.7995004653931,13.5223999023438,13.3533000946045,14.219296,14.964043,13.378774,-4.599565035075,-5.59481269350423,1,1,-999,"False",-177850.371272728,-13694.7905090906,1,-172481.71,-14755.61,NA,"P",-0.763193407079646,-0.0652903097345133
18,"6243654057681710592",140.19261,155.4851,209.355162870711,-0.587938134377787,3.97866490558353,1.71658226721827,240.71465,-21.098793,17.5280990600586,16.9512996673584,16.692699432373,16.5743007659912,16.4846000671387,16.973429,17.428417,16.313076,-0.826479615228962,-6.48188375328107,1,1,-999,"False",142784.868727268,148002.107490909,1,140192.61,155485.1,NA,"P",0.620321283185841,0.687987168141593
19,"6243620453857566464",68.40665,98.01099,119.522482926864,2.55251872784231,4.10304100690638,4.73266302811552,240.39648,-21.334858,15.8233995437622,15.263500213623,15.0162000656128,14.8979997634888,14.8191995620728,15.280398,15.74452,14.648279,-0.49583116739658,-4.72218367254249,1,1,-999,"False",70878.44872726,94651.4174909101,1,68406.65,98010.99,NA,"P",0.302684292035398,0.433676946902655
20,"6243330212844797440",176.83179,-96.31506,201.360554075041,0.632779335041081,2.64285039310887,4.2731142491118,240.88663,-22.157232,17.9571990966797,17.9461002349854,17.9955997467041,18.0562000274658,18.0228004455566,17.899406,17.998837,17.608362,-5.40630827541848,-2.25834544380631,1,NA,NA,"",181652.34872726,-91205.1065090907,0,176831.79,-96315.06,NA,"P",0.782441548672566,-0.426172831858407
21,"6243485213925450368",-170.1082,-82.05209,188.863297600693,2.43930077193183,0.449430077763052,1.98987069416877,239.30777,-22.098211,17.6215991973877,17.5254993438721,17.5461006164551,17.5494003295898,17.5058994293213,17.493319,17.646734,17.169073,-12.4119526611313,-4.57187882124394,1,NA,NA,"",-175170.011272732,-77866.3605090904,0,-170108.2,-82052.09,NA,"P",-0.752691150442478,-0.363062345132743
NA,"Sky-A1-1",-226.46104,82.44066,NA,NA,NA,NA,239.0696104,-21.407123388,NA,NA,NA,NA,NA,NA,NA,NA,NA,NA,NA,NA,NA,"",NA,NA,NA,-226461.04,82440.66,1,"S",-1.00204,0.364781681415929
NA,"Sky-A1-2",-222.23219,93.24117,NA,NA,NA,NA,239.0888211,-21.362243016,NA,NA,NA,NA,NA,NA,NA,NA,NA,NA,NA,NA,NA,"",NA,NA,NA,-222232.19,93241.17,1,"S",-0.983328274336283,0.412571548672566
NA,"Sky-A1-3",-217.48859,103.8257,NA,NA,NA,NA,239.1103171,-21.318272283,NA,NA,NA,NA,NA,NA,NA,NA,NA,NA,NA,NA,NA,"",NA,NA,NA,-217488.59,103825.7,1,"S",-0.96233889380531,0.459405752212389
NA,"Sky-A1-4",-212.24121,114.16975,NA,NA,NA,NA,239.1340473,-21.275312284,NA,NA,NA,NA,NA,NA,NA,NA,NA,NA,NA,NA,NA,"",NA,NA,NA,-212241.21,114169.75,1,"S",-0.939120398230089,0.505175884955752
NA,"Sky-A1-5",-206.50222,124.24934,NA,NA,NA,NA,239.1599552,-21.233461868,NA,NA,NA,NA,NA,NA,NA,NA,NA,NA,NA,NA,NA,"",NA,NA,NA,-206502.22,124249.34,1,"S",-0.913726637168142,0.549775840707965
NA,"Sky-A1-6",-200.2849,134.04112,NA,NA,NA,NA,239.1879796,-21.192817183,NA,NA,NA,NA,NA,NA,NA,NA,NA,NA,NA,NA,NA,"",NA,NA,NA,-200284.9,134041.12,1,"S",-0.886216371681416,0.593102300884956
NA,"Sky-A1-7",-193.60365,143.52243,NA,NA,NA,NA,239.2180548,-21.153471446,NA,NA,NA,NA,NA,NA,NA,NA,NA,NA,NA,NA,NA,"",NA,NA,NA,-193603.65,143522.43,1,"S",-0.856653318584071,0.635055
NA,"Sky-A2-1",-3.01251,240.9813,NA,NA,NA,NA,240.0694727,-20.749763094,NA,NA,NA,NA,NA,NA,NA,NA,NA,NA,NA,NA,NA,"",NA,NA,NA,-3012.51,240981.3,1,"S",-0.0133296902654867,1.0662889380531
NA,"Sky-A2-2",8.5856,240.84715,NA,NA,NA,NA,240.121138,-20.750336151,NA,NA,NA,NA,NA,NA,NA,NA,NA,NA,NA,NA,NA,"",NA,NA,NA,8585.6,240847.15,1,"S",0.0379893805309735,1.0656953539823
NA,"Sky-A2-3",20.16382,240.15512,NA,NA,NA,NA,240.1727148,-20.753218567,NA,NA,NA,NA,NA,NA,NA,NA,NA,NA,NA,NA,NA,"",NA,NA,NA,20163.82,240155.12,1,"S",0.0892204424778761,1.06263327433628
NA,"Sky-A2-4",31.69534,238.90682,NA,NA,NA,NA,240.2240857,-20.758403646,NA,NA,NA,NA,NA,NA,NA,NA,NA,NA,NA,NA,NA,"",NA,NA,NA,31695.34,238906.82,1,"S",0.140244867256637,1.05710982300885
NA,"Sky-A2-5",43.15344,237.10513,NA,NA,NA,NA,240.2751341,-20.765879521,NA,NA,NA,NA,NA,NA,NA,NA,NA,NA,NA,NA,NA,"",NA,NA,NA,43153.44,237105.13,1,"S",0.190944424778761,1.04913774336283
NA,"Sky-A2-6",54.51158,234.75423,NA,NA,NA,NA,240.3257437,-20.775629032,NA,NA,NA,NA,NA,NA,NA,NA,NA,NA,NA,NA,NA,"",NA,NA,NA,54511.58,234754.23,1,"S",0.241201681415929,1.03873553097345
NA,"Sky-A2-7",65.74346,231.85957,NA,NA,NA,NA,240.3757995,-20.787629851,NA,NA,NA,NA,NA,NA,NA,NA,NA,NA,NA,NA,NA,"",NA,NA,NA,65743.46,231859.57,1,"S",0.290900265486726,1.02592730088496
NA,"Sky-A3-1",231.67752,66.38214,NA,NA,NA,NA,241.1192973,-21.47415671,NA,NA,NA,NA,NA,NA,NA,NA,NA,NA,NA,NA,NA,"",NA,NA,NA,231677.52,66382.14,1,"S",1.0251217699115,0.293726283185841
NA,"Sky-A3-2",234.60313,55.15828,NA,NA,NA,NA,241.1326909,-21.520804051,NA,NA,NA,NA,NA,NA,NA,NA,NA,NA,NA,NA,NA,"",NA,NA,NA,234603.13,55158.28,1,"S",1.03806694690265,0.244063185840708
NA,"Sky-A3-3",236.98531,43.80666,NA,NA,NA,NA,241.1436646,-21.567994545,NA,NA,NA,NA,NA,NA,NA,NA,NA,NA,NA,NA,NA,"",NA,NA,NA,236985.31,43806.66,1,"S",1.04860756637168,0.193834778761062
NA,"Sky-A3-4",238.81857,32.35357,NA,NA,NA,NA,241.1521913,-21.615619429,NA,NA,NA,NA,NA,NA,NA,NA,NA,NA,NA,NA,NA,"",NA,NA,NA,238818.57,32353.57,1,"S",1.05671933628319,0.143157389380531
NA,"Sky-A3-5",240.09865,20.82553,NA,NA,NA,NA,241.1582489,-21.663568874,NA,NA,NA,NA,NA,NA,NA,NA,NA,NA,NA,NA,NA,"",NA,NA,NA,240098.65,20825.53,1,"S",1.06238340707965,0.0921483628318584
NA,"Sky-A3-6",240.82258,9.24926,NA,NA,NA,NA,241.1618212,-21.711732104,NA,NA,NA,NA,NA,NA,NA,NA,NA,NA,NA,NA,NA,"",NA,NA,NA,240822.58,9249.26,1,"S",1.06558663716814,0.0409259292035398
NA,"Sky-A3-7",240.98869,2.34844,NA,NA,NA,NA,241.162763,-21.740449405,NA,NA,NA,NA,NA,NA,NA,NA,NA,NA,NA,NA,NA,"",NA,NA,NA,240988.69,2348.44,1,"S",1.06632163716814,0.0103913274336283
NA,"Sky-A4-1",210.21182,-117.86456,NA,NA,NA,NA,241.027927,-22.241503386,NA,NA,NA,NA,NA,NA,NA,NA,NA,NA,NA,NA,NA,"",NA,NA,NA,210211.82,-117864.56,1,"S",0.930140796460177,-0.521524601769911
NA,"Sky-A4-2",204.2974,-127.84223,NA,NA,NA,NA,241.0015922,-22.283161718,NA,NA,NA,NA,NA,NA,NA,NA,NA,NA,NA,NA,NA,"",NA,NA,NA,204297.4,-127842.23,1,"S",0.903970796460177,-0.565673584070796
NA,"Sky-A4-3",197.90977,-137.52377,NA,NA,NA,NA,240.9731077,-22.323594636,NA,NA,NA,NA,NA,NA,NA,NA,NA,NA,NA,NA,NA,"",NA,NA,NA,197909.77,-137523.77,1,"S",0.875706946902655,-0.608512256637168
NA,"Sky-A4-4",191.06371,-146.88677,NA,NA,NA,NA,240.9425383,-22.362707676,NA,NA,NA,NA,NA,NA,NA,NA,NA,NA,NA,NA,NA,"",NA,NA,NA,191063.71,-146886.77,1,"S",0.845414646017699,-0.649941460176991
NA,"Sky-A4-5",183.77509,-155.90952,NA,NA,NA,NA,240.9099538,-22.400409227,NA,NA,NA,NA,NA,NA,NA,NA,NA,NA,NA,NA,NA,"",NA,NA,NA,183775.09,-155909.52,1,"S",0.813164115044248,-0.689865132743363
NA,"Sky-A4-6",176.06079,-164.57115,NA,NA,NA,NA,240.8754292,-22.436611117,NA,NA,NA,NA,NA,NA,NA,NA,NA,NA,NA,NA,NA,"",NA,NA,NA,176060.79,-164571.15,1,"S",0.779030044247788,-0.72819092920354
NA,"Sky-A4-7",167.93867,-172.85157,NA,NA,NA,NA,240.8390438,-22.471228389,NA,NA,NA,NA,NA,NA,NA,NA,NA,NA,NA,NA,NA,"",NA,NA,NA,167938.67,-172851.57,1,"S",0.743091460176991,-0.764829955752212
NA,"Sky-A5-1",-148.4702,-189.83588,NA,NA,NA,NA,239.4136946,-22.542489633,NA,NA,NA,NA,NA,NA,NA,NA,NA,NA,NA,NA,NA,"",NA,NA,NA,-148470.2,-189835.88,1,"S",-0.656947787610619,-0.839981769911504
NA,"Sky-A5-2",-157.43205,-182.47249,NA,NA,NA,NA,239.373442,-22.511690825,NA,NA,NA,NA,NA,NA,NA,NA,NA,NA,NA,NA,NA,"",NA,NA,NA,-157432.05,-182472.49,1,"S",-0.696601991150442,-0.807400398230088
NA,"Sky-A5-3",-166.02924,-174.68645,NA,NA,NA,NA,239.3348566,-22.479129152,NA,NA,NA,NA,NA,NA,NA,NA,NA,NA,NA,NA,NA,"",NA,NA,NA,-166029.24,-174686.45,1,"S",-0.734642654867257,-0.77294889380531
NA,"Sky-A5-4",-174.24185,-166.49577,NA,NA,NA,NA,239.2980281,-22.444880952,NA,NA,NA,NA,NA,NA,NA,NA,NA,NA,NA,NA,NA,"",NA,NA,NA,-174241.85,-166495.77,1,"S",-0.770981637168142,-0.736706946902655
NA,"Sky-A5-5",-182.05086,-157.91943,NA,NA,NA,NA,239.2630418,-22.409026606,NA,NA,NA,NA,NA,NA,NA,NA,NA,NA,NA,NA,NA,"",NA,NA,NA,-182050.86,-157919.43,1,"S",-0.805534778761062,-0.698758539823009
NA,"Sky-A5-6",-189.43818,-148.97731,NA,NA,NA,NA,239.2299787,-22.371650247,NA,NA,NA,NA,NA,NA,NA,NA,NA,NA,NA,NA,NA,"",NA,NA,NA,-189438.18,-148977.31,1,"S",-0.83822203539823,-0.659191637168142
NA,"Sky-A5-7",-196.38671,-139.6901,NA,NA,NA,NA,239.1989148,-22.332839369,NA,NA,NA,NA,NA,NA,NA,NA,NA,NA,NA,NA,NA,"",NA,NA,NA,-196386.71,-139690.1,1,"S",-0.868967743362832,-0.61809778761062
NA,"Sky-H1-1",-181.17025,158.92893,NA,NA,NA,NA,239.2739339,-21.089559069,NA,NA,NA,NA,NA,NA,NA,NA,NA,NA,NA,NA,NA,"",NA,NA,NA,-181170.25,158928.93,1,"S",-0.801638274336283,0.703225353982301
NA,"Sky-H1-2",-173.31368,167.46173,NA,NA,NA,NA,239.3091947,-21.054173466,NA,NA,NA,NA,NA,NA,NA,NA,NA,NA,NA,NA,NA,"",NA,NA,NA,-173313.68,167461.73,1,"S",-0.766874690265487,0.74098110619469
NA,"Sky-H1-3",-165.05567,175.60663,NA,NA,NA,NA,239.3462236,-21.020404618,NA,NA,NA,NA,NA,NA,NA,NA,NA,NA,NA,NA,NA,"",NA,NA,NA,-165055.67,175606.63,1,"S",-0.73033482300885,0.777020486725664
NA,"Sky-H1-4",-156.41534,183.34477,NA,NA,NA,NA,239.3849349,-20.988329766,NA,NA,NA,NA,NA,NA,NA,NA,NA,NA,NA,NA,NA,"",NA,NA,NA,-156415.34,183344.77,1,"S",-0.692103274336283,0.811260044247788
NA,"Sky-H1-5",-147.4127,190.65822,NA,NA,NA,NA,239.4252389,-20.958022271,NA,NA,NA,NA,NA,NA,NA,NA,NA,NA,NA,NA,NA,"",NA,NA,NA,-147412.7,190658.22,1,"S",-0.652268584070796,0.843620442477876
NA,"Sky-H1-6",-138.06861,197.53006,NA,NA,NA,NA,239.4670429,-20.929551309,NA,NA,NA,NA,NA,NA,NA,NA,NA,NA,NA,NA,NA,"",NA,NA,NA,-138068.61,197530.06,1,"S",-0.610923053097345,0.874026814159292
NA,"Sky-H1-7",-128.4047,203.94434,NA,NA,NA,NA,239.5102506,-20.902982028,NA,NA,NA,NA,NA,NA,NA,NA,NA,NA,NA,NA,NA,"",NA,NA,NA,-128404.7,203944.34,1,"S",-0.568162389380531,0.902408584070796
NA,"Sky-H1-8",-118.44464,209.88551,NA,NA,NA,NA,239.5547571,-20.878377939,NA,NA,NA,NA,NA,NA,NA,NA,NA,NA,NA,NA,NA,"",NA,NA,NA,-118444.64,209885.51,1,"S",-0.524091327433628,0.928696946902655
NA,"Sky-H2-1",-100.81652,218.89973,NA,NA,NA,NA,239.6334744,-20.841058647,NA,NA,NA,NA,NA,NA,NA,NA,NA,NA,NA,NA,NA,"",NA,NA,NA,-100816.52,218899.73,1,"S",-0.446090796460177,0.968582876106195
NA,"Sky-H2-2",-90.16757,223.49692,NA,NA,NA,NA,239.6809983,-20.822032073,NA,NA,NA,NA,NA,NA,NA,NA,NA,NA,NA,NA,NA,"",NA,NA,NA,-90167.57,223496.92,1,"S",-0.398971548672566,0.988924424778761
NA,"Sky-H2-3",-79.30977,227.57641,NA,NA,NA,NA,239.7294357,-20.805152289,NA,NA,NA,NA,NA,NA,NA,NA,NA,NA,NA,NA,NA,"",NA,NA,NA,-79309.77,227576.41,1,"S",-0.350928185840708,1.00697526548673
NA,"Sky-H2-4",-68.26826,231.12877,NA,NA,NA,NA,239.7786762,-20.790457632,NA,NA,NA,NA,NA,NA,NA,NA,NA,NA,NA,NA,NA,"",NA,NA,NA,-68268.26,231128.77,1,"S",-0.302071946902655,1.02269367256637
NA,"Sky-H2-5",-57.06862,234.14576,NA,NA,NA,NA,239.8286074,-20.777981563,NA,NA,NA,NA,NA,NA,NA,NA,NA,NA,NA,NA,NA,"",NA,NA,NA,-57068.62,234145.76,1,"S",-0.252516017699115,1.03604318584071
NA,"Sky-H2-6",-45.73679,236.62039,NA,NA,NA,NA,239.8791155,-20.767752438,NA,NA,NA,NA,NA,NA,NA,NA,NA,NA,NA,NA,NA,"",NA,NA,NA,-45736.79,236620.39,1,"S",-0.20237517699115,1.04699287610619
NA,"Sky-H2-7",-34.29902,238.54693,NA,NA,NA,NA,239.9300855,-20.759793465,NA,NA,NA,NA,NA,NA,NA,NA,NA,NA,NA,NA,NA,"",NA,NA,NA,-34299.02,238546.93,1,"S",-0.151765575221239,1.05551738938053
NA,"Sky-H2-8",-22.78326,239.92079,NA,NA,NA,NA,239.981395,-20.754123211,NA,NA,NA,NA,NA,NA,NA,NA,NA,NA,NA,NA,NA,"",NA,NA,NA,-22783.26,239920.79,1,"S",-0.100810884955752,1.0615964159292
NA,"Sky-H3-1",184.61356,154.91577,NA,NA,NA,NA,240.9069028,-21.106601691,NA,NA,NA,NA,NA,NA,NA,NA,NA,NA,NA,NA,NA,"",NA,NA,NA,184613.56,154915.77,1,"S",0.816874159292035,0.685468008849557
NA,"Sky-H3-2",191.8534,145.85382,NA,NA,NA,NA,240.9394104,-21.144192408,NA,NA,NA,NA,NA,NA,NA,NA,NA,NA,NA,NA,NA,"",NA,NA,NA,191853.4,145853.82,1,"S",0.848908849557522,0.645370884955752
NA,"Sky-H3-3",198.64884,136.45402,NA,NA,NA,NA,240.9699567,-21.183191597,NA,NA,NA,NA,NA,NA,NA,NA,NA,NA,NA,NA,NA,"",NA,NA,NA,198648.84,136454.02,1,"S",0.878977168141593,0.603778849557522
NA,"Sky-H3-4",204.98415,126.73816,NA,NA,NA,NA,240.9984707,-21.22350981,NA,NA,NA,NA,NA,NA,NA,NA,NA,NA,NA,NA,NA,"",NA,NA,NA,204984.15,126738.16,1,"S",0.907009513274336,0.560788318584071
NA,"Sky-H3-5",210.84465,116.72873,NA,NA,NA,NA,241.0248853,-21.265054653,NA,NA,NA,NA,NA,NA,NA,NA,NA,NA,NA,NA,NA,"",NA,NA,NA,210844.65,116728.73,1,"S",0.93294092920354,0.516498805309734
NA,"Sky-H3-6",216.21677,106.44891,NA,NA,NA,NA,241.0491387,-21.307730823,NA,NA,NA,NA,NA,NA,NA,NA,NA,NA,NA,NA,NA,"",NA,NA,NA,216216.77,106448.91,1,"S",0.956711371681416,0.471012876106195
NA,"Sky-H3-7",221.08806,95.92253,NA,NA,NA,NA,241.0711735,-21.351440266,NA,NA,NA,NA,NA,NA,NA,NA,NA,NA,NA,NA,NA,"",NA,NA,NA,221088.06,95922.53,1,"S",0.978265752212389,0.424435973451327
NA,"Sky-H3-8",225.44672,85.17533,NA,NA,NA,NA,241.0909348,-21.396076926,NA,NA,NA,NA,NA,NA,NA,NA,NA,NA,NA,NA,NA,"",NA,NA,NA,225446.72,85175.33,1,"S",0.99755185840708,0.376881991150442
NA,"Sky-H4-1",239.9828,-22.12059,NA,NA,NA,NA,241.1589573,-21.842314367,NA,NA,NA,NA,NA,NA,NA,NA,NA,NA,NA,NA,NA,"",NA,NA,NA,239982.8,-22120.59,1,"S",1.06187079646018,-0.0978787168141593
NA,"Sky-H4-2",238.64054,-33.64155,NA,NA,NA,NA,241.1532695,-21.890297519,NA,NA,NA,NA,NA,NA,NA,NA,NA,NA,NA,NA,NA,"",NA,NA,NA,238640.54,-33641.55,1,"S",1.05593159292035,-0.148856415929204
NA,"Sky-H4-3",236.74552,-45.08459,NA,NA,NA,NA,241.1450971,-21.937969791,NA,NA,NA,NA,NA,NA,NA,NA,NA,NA,NA,NA,NA,"",NA,NA,NA,236745.52,-45084.59,1,"S",1.04754654867257,-0.199489336283186
NA,"Sky-H4-4",234.30213,-56.42319,NA,NA,NA,NA,241.1344568,-21.985220522,NA,NA,NA,NA,NA,NA,NA,NA,NA,NA,NA,NA,NA,"",NA,NA,NA,234302.13,-56423.19,1,"S",1.03673508849558,-0.249660132743363
NA,"Sky-H4-5",231.31601,-67.6311,NA,NA,NA,NA,241.1213709,-22.031940052,NA,NA,NA,NA,NA,NA,NA,NA,NA,NA,NA,NA,NA,"",NA,NA,NA,231316.01,-67631.1,1,"S",1.02352216814159,-0.299252654867257
NA,"Sky-H4-6",227.79409,-78.68236,NA,NA,NA,NA,241.1058676,-22.078019801,NA,NA,NA,NA,NA,NA,NA,NA,NA,NA,NA,NA,NA,"",NA,NA,NA,227794.09,-78682.36,1,"S",1.00793845132743,-0.34815203539823
NA,"Sky-H4-7",223.74453,-89.55136,NA,NA,NA,NA,241.0879807,-22.12335253,NA,NA,NA,NA,NA,NA,NA,NA,NA,NA,NA,NA,NA,"",NA,NA,NA,223744.53,-89551.36,1,"S",0.990020044247788,-0.396244955752212
NA,"Sky-H4-8",219.17732,-100.21161,NA,NA,NA,NA,241.0677526,-22.167827207,NA,NA,NA,NA,NA,NA,NA,NA,NA,NA,NA,NA,NA,"",NA,NA,NA,219177.32,-100211.61,1,"S",0.969811150442478,-0.443414203539823
NA,"Sky-H5-1",41.83481,-237.34134,NA,NA,NA,NA,240.271568,-22.74117775,NA,NA,NA,NA,NA,NA,NA,NA,NA,NA,NA,NA,NA,"",NA,NA,NA,41834.81,-237341.34,1,"S",0.185109778761062,-1.05018292035398
NA,"Sky-H5-2",30.36687,-239.07931,NA,NA,NA,NA,240.2198366,-22.748468614,NA,NA,NA,NA,NA,NA,NA,NA,NA,NA,NA,NA,NA,"",NA,NA,NA,30366.87,-239079.31,1,"S",0.134366681415929,-1.05787305309735
NA,"Sky-H5-3",18.8286,-240.26349,NA,NA,NA,NA,240.16778,-22.753440512,NA,NA,NA,NA,NA,NA,NA,NA,NA,NA,NA,NA,NA,"",NA,NA,NA,18828.6,-240263.49,1,"S",0.083312389380531,-1.06311278761062
NA,"Sky-H5-4",7.2467,-240.89115,NA,NA,NA,NA,240.1155212,-22.75608166,NA,NA,NA,NA,NA,NA,NA,NA,NA,NA,NA,NA,NA,"",NA,NA,NA,7246.7,-240891.15,1,"S",0.0320650442477876,-1.06589004424779
NA,"Sky-H5-5",-4.35197,-240.96083,NA,NA,NA,NA,240.0631836,-22.756385696,NA,NA,NA,NA,NA,NA,NA,NA,NA,NA,NA,NA,NA,"",NA,NA,NA,-4351.97,-240960.83,1,"S",-0.0192565044247788,-1.06619836283186
NA,"Sky-H5-6",-15.94057,-240.47237,NA,NA,NA,NA,240.010891,-22.754351802,NA,NA,NA,NA,NA,NA,NA,NA,NA,NA,NA,NA,NA,"",NA,NA,NA,-15940.57,-240472.37,1,"S",-0.0705334955752212,-1.06403703539823
NA,"Sky-H5-7",-27.49224,-239.4269,NA,NA,NA,NA,239.9587668,-22.749984669,NA,NA,NA,NA,NA,NA,NA,NA,NA,NA,NA,NA,NA,"",NA,NA,NA,-27492.24,-239426.9,1,"S",-0.121647079646018,-1.0594110619469
NA,"Sky-H5-8",-38.97879,-237.82707,NA,NA,NA,NA,239.9069408,-22.743295455,NA,NA,NA,NA,NA,NA,NA,NA,NA,NA,NA,NA,NA,"",NA,NA,NA,-38978.79,-237827.07,1,"S",-0.172472522123894,-1.05233216814159
NA,"Sky-H6-1",-58.36925,-233.82492,NA,NA,NA,NA,239.81947,-22.726552554,NA,NA,NA,NA,NA,NA,NA,NA,NA,NA,NA,NA,NA,"",NA,NA,NA,-58369.25,-233824.92,1,"S",-0.258271017699115,-1.03462353982301
NA,"Sky-H6-2",-69.55194,-230.74573,NA,NA,NA,NA,239.7690383,-22.713667737,NA,NA,NA,NA,NA,NA,NA,NA,NA,NA,NA,NA,NA,"",NA,NA,NA,-69551.94,-230745.73,1,"S",-0.307751946902655,-1.02099880530973
NA,"Sky-H6-3",-80.57354,-227.13205,NA,NA,NA,NA,239.7193461,-22.698545148,NA,NA,NA,NA,NA,NA,NA,NA,NA,NA,NA,NA,NA,"",NA,NA,NA,-80573.54,-227132.05,1,"S",-0.356520088495575,-1.00500907079646
NA,"Sky-H6-4",-91.4085,-222.99226,NA,NA,NA,NA,239.6705105,-22.681220397,NA,NA,NA,NA,NA,NA,NA,NA,NA,NA,NA,NA,NA,"",NA,NA,NA,-91408.5,-222992.26,1,"S",-0.404462389380531,-0.986691415929204
NA,"Sky-H6-5",-102.03172,-218.33596,NA,NA,NA,NA,239.6226465,-22.661734278,NA,NA,NA,NA,NA,NA,NA,NA,NA,NA,NA,NA,NA,"",NA,NA,NA,-102031.72,-218335.96,1,"S",-0.45146778761062,-0.966088318584071
NA,"Sky-H6-6",-112.41861,-213.17391,NA,NA,NA,NA,239.5758667,-22.640132527,NA,NA,NA,NA,NA,NA,NA,NA,NA,NA,NA,NA,NA,"",NA,NA,NA,-112418.61,-213173.91,1,"S",-0.497427477876106,-0.943247389380531
NA,"Sky-H6-7",-122.54511,-207.51809,NA,NA,NA,NA,239.5302809,-22.616466042,NA,NA,NA,NA,NA,NA,NA,NA,NA,NA,NA,NA,NA,"",NA,NA,NA,-122545.11,-207518.09,1,"S",-0.542235,-0.918221637168142
NA,"Sky-H6-8",-132.38652,-201.3824,NA,NA,NA,NA,239.4860016,-22.590793825,NA,NA,NA,NA,NA,NA,NA,NA,NA,NA,NA,NA,NA,"",NA,NA,NA,-132386.52,-201382.4,1,"S",-0.585781061946903,-0.891072566371681
NA,"Sky-H7-1",-207.18967,-123.09956,NA,NA,NA,NA,239.1507041,-22.263528546,NA,NA,NA,NA,NA,NA,NA,NA,NA,NA,NA,NA,NA,"",NA,NA,NA,-207189.67,-123099.56,1,"S",-0.916768451327434,-0.544688318584071
NA,"Sky-H7-2",-212.87255,-112.98823,NA,NA,NA,NA,239.1253959,-22.221299122,NA,NA,NA,NA,NA,NA,NA,NA,NA,NA,NA,NA,NA,"",NA,NA,NA,-212872.55,-112988.23,1,"S",-0.941913938053097,-0.499947920353982
NA,"Sky-H7-3",-218.06235,-102.61518,NA,NA,NA,NA,239.1023257,-22.177986993,NA,NA,NA,NA,NA,NA,NA,NA,NA,NA,NA,NA,NA,"",NA,NA,NA,-218062.35,-102615.18,1,"S",-0.964877654867257,-0.454049469026549
NA,"Sky-H7-4",-222.74704,-92.00444,NA,NA,NA,NA,239.0815455,-22.13369334,NA,NA,NA,NA,NA,NA,NA,NA,NA,NA,NA,NA,NA,"",NA,NA,NA,-222747.04,-92004.44,1,"S",-0.985606371681416,-0.407099292035398
NA,"Sky-H7-5",-226.91579,-81.18059,NA,NA,NA,NA,239.0631017,-22.088521553,NA,NA,NA,NA,NA,NA,NA,NA,NA,NA,NA,NA,NA,"",NA,NA,NA,-226915.79,-81180.59,1,"S",-1.00405216814159,-0.359206150442478
NA,"Sky-H7-6",-230.55892,-70.1687,NA,NA,NA,NA,239.0470356,-22.042576981,NA,NA,NA,NA,NA,NA,NA,NA,NA,NA,NA,NA,NA,"",NA,NA,NA,-230558.92,-70168.7,1,"S",-1.02017221238938,-0.310480973451327
NA,"Sky-H7-7",-233.66801,-58.99428,NA,NA,NA,NA,239.0333822,-21.995966702,NA,NA,NA,NA,NA,NA,NA,NA,NA,NA,NA,NA,NA,"",NA,NA,NA,-233668.01,-58994.28,1,"S",-1.03392924778761,-0.261036637168142
NA,"Sky-H7-8",-236.23556,-47.68464,NA,NA,NA,NA,239.0221725,-21.948805194,NA,NA,NA,NA,NA,NA,NA,NA,NA,NA,NA,NA,NA,"",NA,NA,NA,-236235.56,-47684.64,1,"S",-1.04529008849558,-0.210993982300885
