#OBSTEMP,8
#CONFIGTEMP,19
#EQUINOX,J2000.0
#CENTRE,15 59 48.92,-21 57 05.5 #Field centre
#UTTIME,12 00 00.00 #Target observing time
#UTDATE,2021 07 10 #Target observing date
#PLATEID,a test_plateID
#LABEL,240_m20_comissioning Tile 002
#TILING_DATE,2021 06 07 # Date the tile was created/configured
#PROXIMITY,220 # tiling proximity value in arcseconds
"ID","RA","DEC","g_mag","r_mag","i_mag","z_mag","y_mag","GAIA_g_mag","GAIA_bp_mag","GAIA_rp_mag","pmRA","pmDEC","priority","remaining_observations","Tile_number","COMPLETED","MagnetX_noDC","MagnetY_noDC","type","MagnetX","MagnetY","Position","fibre_type","x","y","grads","gangs","gazAngs","gangs_gazAng"
"6243612104440601600",240.04935,-21.589516,NA,10.8283996582031,NA,NA,NA,NA,NA,NA,-14.5950334169632,-4.69607135305918,NA,NA,NA,NA,21589.470736838,81817.3621473686,2,20737.45,84523.92,NA,"G",-168.14194,62.48964,179.378558067271,1.90588439103129,-0.35582882378003,2.26171321481132
"6243569876323017088",240.40779,-21.490728,NA,11.5790996551514,NA,NA,NA,NA,NA,NA,-41.5046450094698,15.2672698429117,NA,NA,NA,NA,102596.910736832,104143.450147368,2,99313.6,108206.31,NA,"G",28.48459,201.28752,203.292984569607,2.33447818433595,4.57181045973109,4.04585303178444
"6243203120476661376",239.97186,-22.79337,NA,11.6497001647949,NA,NA,NA,NA,NA,NA,-6.36343137848489,-10.2514756752206,NA,NA,NA,NA,4076.73073684185,-190253.641852631,2,3955.86,-199907.61,NA,"G",180.95089,-100.27302,206.876540795984,0.60723607752478,2.63557271823049,4.25484866647388
"6237185974371659136",239.94101,-22.877972,NA,11.8268003463745,NA,NA,NA,NA,NA,NA,-64.8859508882771,-43.6202203661294,NA,NA,NA,NA,-2895.36926316157,-209373.693852631,2,-2810.21,-221140.74,NA,"G",-147.43275,-104.6298,180.7866444752,2.14591879553775,0.617191871730982,1.52872692380677
"6243578706775272448",240.70114,-21.511024,NA,12.1492004394531,NA,NA,NA,NA,NA,NA,-27.2239483700119,-27.8582475887286,NA,NA,NA,NA,168894.010736833,99556.5541473688,2,164907.58,104096.67,NA,"G",164.90758,104.09667,195.014426765163,6.25850200707461,3.70466835534212,2.55383365173248
"6246530345736828288",239.47615,-21.590834,NA,12.191499710083,NA,NA,NA,NA,NA,NA,-9.03548479081139,-11.5381205272271,NA,NA,NA,NA,-107953.729263165,81519.4941473683,2,-104209.32,84460.66,NA,"G",3.95586,-199.90761,199.946746320743,4.16257343880845,1.59058218573687,2.57199125307158
