#OBSTEMP,8
#CONFIGTEMP,19
#EQUINOX,J2000.0
#CENTRE,16 00 47.76,-21 51 27.0 #Field centre
#UTTIME,12 00 00.00 #Target observing time
#UTDATE,2021 07 10 #Target observing date
#PLATEID,a test_plateID
#LABEL,240_m20_comissioning Tile 024
#TILING_DATE,2021 06 07 # Date the tile was created/configured
#PROXIMITY,220 # tiling proximity value in arcseconds
"ID","RA","DEC","g_mag","r_mag","i_mag","z_mag","y_mag","GAIA_g_mag","GAIA_bp_mag","GAIA_rp_mag","pmRA","pmDEC","priority","remaining_observations","Tile_number","COMPLETED","MagnetX_noDC","MagnetY_noDC","type","MagnetX","MagnetY","Position","fibre_type","x","y","grads","gangs","gazAngs","gangs_gazAng"
"6243564481837370624",240.48537,-21.617958,NA,10.6978998184204,NA,NA,NA,NA,NA,NA,-11.7230724170359,-23.547779629735,NA,NA,NA,NA,64715.3132075478,54136.7990188684,2,62140.48,55864.02,NA,"G",-150.12014,-139.66504,205.042385451938,2.61967888197522,0.749335010880501,1.87034387109472
"6243612104440601600",240.04935,-21.589516,NA,10.8283996582031,NA,NA,NA,NA,NA,NA,-14.5950334169632,-4.69607135305918,NA,NA,NA,NA,-33825.2067924552,60564.691018868,2,-32446.45,62457.99,NA,"G",-190.87007,78.84898,206.515242219177,2.46688378333853,-0.391750702444835,2.85863448578336
"6243569876323017088",240.40779,-21.490728,NA,11.5790996551514,NA,NA,NA,NA,NA,NA,-41.5046450094698,15.2672698429117,NA,NA,NA,NA,47182.2332075387,82890.7790188678,2,45359.99,85621.32,NA,"G",109.66248,81.16619,136.432437194629,3.49588961227416,3.77875698643982,6.00031793301393
"6243227172292998528",240.48427,-22.491997,NA,11.87380027771,NA,NA,NA,NA,NA,NA,-5.60784288000512,3.5352576950285,NA,NA,NA,NA,64466.713207546,-143396.014981132,2,62132.51,-149622.63,NA,"G",84.11733,-142.658,165.61108106141,0.780768236477622,2.1035657808108,4.96038776284641
"6243578706775272448",240.70114,-21.511024,NA,12.1492004394531,NA,NA,NA,NA,NA,NA,-27.2239483700119,-27.8582475887286,NA,NA,NA,NA,113479.33320754,78303.8830188682,2,109662.48,81166.19,NA,"G",-15.73393,-202.20996,202.821163778454,5.23121895379117,1.49314292232763,3.73807603146354
"6243232081430715392",240.7765,-22.371107,NA,12.2285995483398,NA,NA,NA,NA,NA,NA,-17.3132852790657,-9.67093476320869,NA,NA,NA,NA,130510.693207544,-116074.874981133,2,126204.57,-121607.25,NA,"G",30.05557,99.62299,104.05804834113,3.22216462681818,4.41937959578535,5.08597033821242
