#OBSTEMP,8
#CONFIGTEMP,19
#EQUINOX,J2000.0
#CENTRE,16 00 19.89,-21 45 13.2 #Field centre
#UTTIME,12 00 00.00 #Target observing time
#UTDATE,2021 07 10 #Target observing date
#PLATEID,a test_plateID
#LABEL,240_m20_comissioning Tile 023
#TILING_DATE,2021 06 07 # Date the tile was created/configured
#PROXIMITY,220 # tiling proximity value in arcseconds
"ID","RA","DEC","g_mag","r_mag","i_mag","z_mag","y_mag","GAIA_g_mag","GAIA_bp_mag","GAIA_rp_mag","pmRA","pmDEC","priority","remaining_observations","Tile_number","COMPLETED","MagnetX_noDC","MagnetY_noDC","type","MagnetX","MagnetY","Position","fibre_type","x","y","grads","gangs","gazAngs","gangs_gazAng"
"6243578706775272448",240.70114,-21.511024,NA,12.1492004394531,NA,NA,NA,NA,NA,NA,-27.2239483700119,-27.8582475887286,NA,NA,NA,NA,139731.608727263,54837.9014909097,2,135258.48,56796.13,NA,"G",152.78257,-147.39748,212.29350156365,0.475158923246389,2.37413209937945,4.38421213104653
"6243232081430715392",240.7765,-22.371107,NA,12.2285995483398,NA,NA,NA,NA,NA,NA,-17.3132852790657,-9.67093476320869,NA,NA,NA,NA,156762.968727267,-139540.856509091,2,152782.57,-147397.48,NA,"G",-164.08411,53.94818,172.725219003493,2.10094977150557,-0.317650306578471,2.41860007808404
"6246531136010824192",239.54382,-21.518038,NA,12.8070001602173,NA,NA,NA,NA,NA,NA,41.8750318719462,-29.4161833239491,NA,NA,NA,NA,-121822.71127273,53252.7374909093,2,-117586.13,55040.16,NA,"G",-13.98741,-163.16582,163.764258783107,4.06292462454834,1.48528027481351,2.57764434973483
"6243526995367929600",239.6511,-21.607485,NA,13.5787000656128,NA,NA,NA,NA,NA,NA,-3.87073576064965,0.514649398742688,NA,NA,NA,NA,-97577.4312727298,33037.7154909093,2,-93765.9,34010.53,NA,"G",73.3902,-159.86225,175.90355434471,4.29092710981682,2.00117877346029,2.28974833635652
"6243539055636907520",240.4761,-21.903076,NA,13.5797996520996,NA,NA,NA,NA,NA,NA,5.12048092946642,0.437138792055123,NA,NA,NA,NA,88872.5687272677,-33765.8505090911,2,85259.97,-35017.05,NA,"G",-42.20287,-141.11554,147.291133018008,3.95988465447048,1.28019656868201,2.67968808578847
"6237410618339534464",239.51561,-22.443686,NA,13.7376003265381,NA,NA,NA,NA,NA,NA,-12.0418313400713,22.5133430231054,NA,NA,NA,NA,-128198.171272731,-155943.71050909,2,-124648.74,-164295.94,NA,"G",23.73595,-147.79734,149.69117887664,4.12939120756242,1.73003456029536,2.39935664726706
