#OBSTEMP,8
#CONFIGTEMP,19
#EQUINOX,J2000.0
#CENTRE,16 00 22.29,-22 16 26.6 #Field centre
#UTTIME,12 00 00.00 #Target observing time
#UTDATE,2021 07 10 #Target observing date
#PLATEID,a test_plateID
#LABEL,240_m20_comissioning Tile 026
#TILING_DATE,2021 06 07 # Date the tile was created/configured
#PROXIMITY,220 # tiling proximity value in arcseconds
"probe","ID","x","y","rads","angs","azAngs","angs_azAng","RA","DEC","g_mag","r_mag","i_mag","z_mag","y_mag","GAIA_g_mag","GAIA_bp_mag","GAIA_rp_mag","pmRA","pmDEC","priority","remaining_observations","Tile_number","COMPLETED","MagnetX_noDC","MagnetY_noDC","type","MagnetX","MagnetY","Position","fibre_type","fraction_plate_radius_X","fraction_plate_radius_Y"
1,"6243546683498986496",135.64734,112.09747,175.971712583235,0.14126956894806,3.83221861474474,2.59223626138291,240.71129,-21.79843,18.656099319458,17.7131004333496,17.3332996368408,17.1445999145508,17.0030994415283,17.762537,18.439346,16.944275,2.54552601265039,4.82335672560694,1,1,-999,"False",139763.934693873,107493.805183674,1,135647.34,112097.47,NA,"P",0.600209469026549,0.496006504424779
2,"6243331866415129984",123.92651,18.40408,125.285633818992,4.04922933776892,3.28902312871463,0.760206209054287,240.66385,-22.194588,17.532600402832,16.8983993530273,16.6340999603271,16.5174007415771,16.4274997711182,16.927292,17.449472,16.260994,1.41336260524888,-1.81488981308776,1,1,-999,"False",129042.494693874,17962.0971836737,1,123926.51,18404.08,NA,"P",0.548347389380531,0.081433982300885
3,"6243487069351329920",-165.82446,54.75222,174.629771600435,-1.09658313999426,-0.318911504943419,5.50551367212875,239.33522,-22.040392,16.9164009094238,16.1800003051758,15.8557996749878,15.6701002120972,15.5395002365112,16.194162,16.772312,15.463111,-1.88665512139855,-0.456083516981169,1,1,-999,"False",-171227.88530612,52810.3931836734,1,-165824.46,54752.22,NA,"P",-0.733736548672566,0.242266460176991
4,"6237202501405852416",-55.9676,-115.70384,128.529182836061,2.04037039401377,1.12026196811412,0.920108425899652,239.83405,-22.767181,18.1947002410889,17.5160999298096,17.1907005310059,17.0349006652832,16.9384994506836,17.524088,17.995935,16.796635,1.76172329059782,-1.19126529214981,1,1,-999,"False",-58492.3053061269,-111443.920816327,1,-55967.6,-115703.84,NA,"P",-0.247644247787611,-0.51196389380531
5,"6243235452990055040",96.2252,-12.48496,97.0317645992363,4.3620066967408,3.0125661568046,1.34944053993621,240.53821,-22.326933,18.1289005279541,17.3922004699707,17.0897998809814,16.931999206543,16.8211002349854,17.430656,17.950987,16.693233,-1.3841540866541,-4.17001595704746,1,1,-999,"False",100647.85469388,-11947.8728163265,1,96225.2,-12484.96,NA,"P",0.425775221238938,-0.055243185840708
6,"6237383302346860288",-141.6876,-138.65526,198.243933373578,2.5891580346792,0.774582044344118,1.81457599033508,239.44489,-22.857038,15.521900177002,14.7940998077393,14.4394998550415,14.2582998275757,14.1251001358032,14.786194,15.371939,14.053121,-9.42869560949829,-3.85781234093477,1,1,-999,"False",-146442.465306128,-131751.602816326,1,-141687.6,-138655.26,NA,"P",-0.626936283185841,-0.613518849557522
7,"6243411645423821440",-59.89522,-7.15416,60.3209696884425,-0.72424971022213,0.118881364533817,5.44005423242364,239.81496,-22.304525,18.7570991516113,17.9032001495361,17.5319995880127,17.3502006530762,17.2001991271973,17.940931,18.551355,17.148857,-6.59389948141372,4.31319672473708,1,1,-999,"False",-62806.6453061218,-6883.66481632679,1,-59895.22,-7154.16,NA,"P",-0.265023097345133,-0.0316555752212389
8,"6237388868624456320",-106.2611,-124.27644,163.511635403367,2.37800773496066,0.863384606613665,1.51462312834699,239.60387,-22.800495,18.0123996734619,17.531400680542,17.3080997467041,17.1968002319336,17.1023006439209,17.546343,17.943468,16.929846,-5.15150436148153,-5.04656039284462,1,1,-999,"False",-110512.985306118,-118972.884816327,1,-106261.1,-124276.44,NA,"P",-0.47018185840708,-0.549895752212389
9,"6243435220506256512",8.99895,18.39226,20.4757497789483,-0.432895996323587,4.25735474750842,1.59293456334758,240.13477,-22.19477,18.4454002380371,17.4911003112793,17.0287990570068,16.7844009399414,16.621000289917,17.481173,18.183752,16.63866,3.45482259712152,-9.11529779004396,1,1,-999,"False",9470.41469388233,17920.9651836732,1,8998.95,18392.26,NA,"P",0.0398183628318584,0.0813816814159292
10,"6243629009432083712",-12.75532,215.77832,216.154994321956,0.511806802319836,-1.51175196189204,2.02355876421188,240.03539,-21.368055,16.8148002624512,16.2691993713379,16.0312004089355,15.9242000579834,15.8168001174927,16.288488,16.743555,15.66144,0.693643046978432,-4.34804094157939,1,1,-999,"False",-12989.4653061297,204758.555183674,1,-12755.32,215778.32,NA,"P",-0.0564394690265487,0.954771327433628
11,"6243414467224075136",-107.02811,-43.00221,115.343861540423,-1.05382980753471,0.382043585484042,4.84731191416083,239.59808,-22.457006,17.8323993682861,16.8943996429443,16.4286003112793,16.1812000274658,16.0212993621826,16.883526,17.607506,16.035736,-1.52254120921092,-6.65567958622677,1,1,-999,"False",-111821.525306129,-41344.3708163264,1,-107028.11,-43002.21,NA,"P",-0.473575707964602,-0.190275265486726
12,"6243224835830791424",101.03509,-40.24005,108.753625389274,4.07004036502505,2.7625716706826,1.30746869434245,240.56018,-22.445444,18.2915000915527,17.5632991790771,17.252799987793,17.1026992797852,17.0013999938965,17.60632,18.129978,16.869701,-3.72704915548087,-1.66849393250763,1,1,-999,"False",105613.074693869,-38731.3588163268,1,101035.09,-40240.05,NA,"P",0.447057920353982,-0.178053318584071
13,"6243177728629248000",144.77368,-79.33878,165.088038429896,0.79187478513337,2.64027135638687,4.43478873592609,240.7578,-22.609142,17.823299407959,17.2203006744385,16.9519004821777,16.8416004180908,16.7532997131348,17.251505,17.731071,16.581015,-3.42942340321538,-1.7196215812336,1,1,-999,"False",150275.194693876,-75727.1068163269,1,144773.68,-79338.78,NA,"P",0.640591504424779,-0.351056548672566
14,"6243522631681099904",-86.57347,133.71837,159.297106638187,0.385180713849744,-0.99622892814759,1.38140964199733,239.69711,-21.705606,18.6417007446289,17.9918994903564,17.6933994293213,17.558500289917,17.3852996826172,18.017279,18.494913,17.298422,2.38828333792487,4.06696693949198,1,1,-999,"False",-89440.7453061227,128472.029183674,1,-86573.47,133718.37,NA,"P",-0.383068451327434,0.591674203539823
15,"6243513732508745600",2.58479,135.82194,135.84653298744,0.162973668273132,4.69336055224841,1.75279842320431,240.10474,-21.695318,18.6872005462646,17.6002006530762,17.1238994598389,16.8924007415771,16.7338008880615,17.613276,18.395287,16.735577,4.27589570866463,-1.53858203750454,1,1,-999,"False",2683.6346938735,130797.117183674,1,2584.79,135821.94,NA,"P",0.0114371238938053,0.60098203539823
16,"6243224148636007680",86.62641,-54.35519,102.267402379371,1.10340844669625,2.58122147792523,4.80537227595061,240.49402,-22.506138,17.4995002746582,16.9120998382568,16.6616992950439,16.5541000366211,16.4589004516602,16.947025,17.394016,16.27345,-7.43945225819174,-0.810582010795427,1,1,-999,"False",90660.9146938766,-52448.2028163264,1,86626.41,-54355.19,NA,"P",0.383302699115044,-0.240509690265487
17,"6243198756789325056",24.84015,-102.20668,105.181930428401,1.37276792184731,1.80921225862483,5.84674097040206,240.20801,-22.71113,17.2686004638672,16.6291999816895,16.3362007141113,16.1912994384766,16.0762996673584,16.647608,17.08952,15.940386,-2.61199113159765,-5.94261774746103,1,1,-999,"False",26022.6546938756,-98776.3948163258,1,24840.15,-102206.68,NA,"P",0.109912168141593,-0.452241946902655
18,"6243591076281127168",112.8079,185.70681,217.284701676823,2.39870792220189,4.16650836571182,4.51538486366966,240.60168,-21.493963,15.9580001831055,15.3494997024536,15.1105003356934,15.0136995315552,14.9392995834351,15.384457,15.864403,14.746741,-0.483435219323446,4.15495175328198,1,1,-999,"False",114992.074693872,176303.347183673,1,112807.9,185706.81,NA,"P",0.49915,0.821711548672566
19,"6243557197578797824",64.24136,124.56438,140.154333145408,0.354158865624163,4.23623815055198,2.40110602225177,240.38737,-21.743433,18.2343006134033,17.7481994628906,17.527099609375,17.4256000518799,17.346399307251,17.76243,18.16353,17.150105,-9.33076631819838,-3.00845206333411,1,1,-999,"False",66558.0146938826,119923.127183674,1,64241.36,124564.38,NA,"P",0.284253805309735,0.55116982300885
20,"6237406009834692224",-182.41985,-65.14026,193.701458814564,-1.49626375902891,0.342976846734272,4.4439447014164,240.33374,-21.383965,17.1898002624512,17.2623996734619,17.3973007202148,17.4747009277344,17.4505004882813,17.200605,17.274626,17.026464,-1.83819414408674,-3.89230095333115,1,NA,NA,"",54437.6346938701,201162.895183674,0,53452.86,212109.68,NA,"P",0.236517079646018,0.938538407079646
21,"6243619972821588608",53.45286,212.10968,218.741227462685,2.25844230088494,4.46552344081043,4.0761041672541,239.25983,-22.546618,18.0578994750977,17.7684993743896,17.6587009429932,17.6249008178711,17.5941009521484,17.748343,17.977957,17.277533,-9.30312418832899,-0.588341722384249,1,NA,NA,"",-188266.025306126,-61596.6828163261,0,-182419.85,-65140.26,NA,"P",-0.807167477876106,-0.288231238938053
NA,"Sky-A1-1",-226.46104,82.44066,NA,NA,NA,NA,239.0759554,-21.927438651,NA,NA,NA,NA,NA,NA,NA,NA,NA,NA,NA,NA,NA,"",NA,NA,NA,-226461.04,82440.66,1,"S",-1.00204,0.364781681415929
NA,"Sky-A1-2",-222.23219,93.24117,NA,NA,NA,NA,239.0952438,-21.882561389,NA,NA,NA,NA,NA,NA,NA,NA,NA,NA,NA,NA,NA,"",NA,NA,NA,-222232.19,93241.17,1,"S",-0.983328274336283,0.412571548672566
NA,"Sky-A1-3",-217.48859,103.8257,NA,NA,NA,NA,239.1168253,-21.83859406,NA,NA,NA,NA,NA,NA,NA,NA,NA,NA,NA,NA,NA,"",NA,NA,NA,-217488.59,103825.7,1,"S",-0.96233889380531,0.459405752212389
NA,"Sky-A1-4",-212.24121,114.16975,NA,NA,NA,NA,239.1406484,-21.79563773,NA,NA,NA,NA,NA,NA,NA,NA,NA,NA,NA,NA,NA,"",NA,NA,NA,-212241.21,114169.75,1,"S",-0.939120398230089,0.505175884955752
NA,"Sky-A1-5",-206.50222,124.24934,NA,NA,NA,NA,239.1666564,-21.753791212,NA,NA,NA,NA,NA,NA,NA,NA,NA,NA,NA,NA,NA,"",NA,NA,NA,-206502.22,124249.34,1,"S",-0.913726637168142,0.549775840707965
NA,"Sky-A1-6",-200.2849,134.04112,NA,NA,NA,NA,239.194788,-21.713150619,NA,NA,NA,NA,NA,NA,NA,NA,NA,NA,NA,NA,NA,"",NA,NA,NA,-200284.9,134041.12,1,"S",-0.886216371681416,0.593102300884956
NA,"Sky-A1-7",-193.60365,143.52243,NA,NA,NA,NA,239.224977,-21.67380913,NA,NA,NA,NA,NA,NA,NA,NA,NA,NA,NA,NA,NA,"",NA,NA,NA,-193603.65,143522.43,1,"S",-0.856653318584071,0.635055
NA,"Sky-A2-1",-3.01251,240.9813,NA,NA,NA,NA,240.0794344,-21.270160712,NA,NA,NA,NA,NA,NA,NA,NA,NA,NA,NA,NA,NA,"",NA,NA,NA,-3012.51,240981.3,1,"S",-0.0133296902654867,1.0662889380531
NA,"Sky-A2-2",8.5856,240.84715,NA,NA,NA,NA,240.1312803,-21.270733672,NA,NA,NA,NA,NA,NA,NA,NA,NA,NA,NA,NA,NA,"",NA,NA,NA,8585.6,240847.15,1,"S",0.0379893805309735,1.0656953539823
NA,"Sky-A2-3",20.16382,240.15512,NA,NA,NA,NA,240.1830374,-21.273615566,NA,NA,NA,NA,NA,NA,NA,NA,NA,NA,NA,NA,NA,"",NA,NA,NA,20163.82,240155.12,1,"S",0.0892204424778761,1.06263327433628
NA,"Sky-A2-4",31.69534,238.90682,NA,NA,NA,NA,240.234588,-21.278799704,NA,NA,NA,NA,NA,NA,NA,NA,NA,NA,NA,NA,NA,"",NA,NA,NA,31695.34,238906.82,1,"S",0.140244867256637,1.05710982300885
NA,"Sky-A2-5",43.15344,237.10513,NA,NA,NA,NA,240.2858151,-21.286274224,NA,NA,NA,NA,NA,NA,NA,NA,NA,NA,NA,NA,NA,"",NA,NA,NA,43153.44,237105.13,1,"S",0.190944424778761,1.04913774336283
NA,"Sky-A2-6",54.51158,234.75423,NA,NA,NA,NA,240.3366021,-21.296021981,NA,NA,NA,NA,NA,NA,NA,NA,NA,NA,NA,NA,NA,"",NA,NA,NA,54511.58,234754.23,1,"S",0.241201681415929,1.03873553097345
NA,"Sky-A2-7",65.74346,231.85957,NA,NA,NA,NA,240.3868337,-21.308020662,NA,NA,NA,NA,NA,NA,NA,NA,NA,NA,NA,NA,NA,"",NA,NA,NA,65743.46,231859.57,1,"S",0.290900265486726,1.02592730088496
NA,"Sky-A3-1",231.67752,66.38214,NA,NA,NA,NA,241.1330639,-21.99446841,NA,NA,NA,NA,NA,NA,NA,NA,NA,NA,NA,NA,NA,"",NA,NA,NA,231677.52,66382.14,1,"S",1.0251217699115,0.293726283185841
NA,"Sky-A3-2",234.60313,55.15828,NA,NA,NA,NA,241.146515,-22.04111349,NA,NA,NA,NA,NA,NA,NA,NA,NA,NA,NA,NA,NA,"",NA,NA,NA,234603.13,55158.28,1,"S",1.03806694690265,0.244063185840708
NA,"Sky-A3-3",236.98531,43.80666,NA,NA,NA,NA,241.1575378,-22.088302102,NA,NA,NA,NA,NA,NA,NA,NA,NA,NA,NA,NA,NA,"",NA,NA,NA,236985.31,43806.66,1,"S",1.04860756637168,0.193834778761062
NA,"Sky-A3-4",238.81857,32.35357,NA,NA,NA,NA,241.1661049,-22.135925502,NA,NA,NA,NA,NA,NA,NA,NA,NA,NA,NA,NA,NA,"",NA,NA,NA,238818.57,32353.57,1,"S",1.05671933628319,0.143157389380531
NA,"Sky-A3-5",240.09865,20.82553,NA,NA,NA,NA,241.1721941,-22.183873873,NA,NA,NA,NA,NA,NA,NA,NA,NA,NA,NA,NA,NA,"",NA,NA,NA,240098.65,20825.53,1,"S",1.06238340707965,0.0921483628318584
NA,"Sky-A3-6",240.82258,9.24926,NA,NA,NA,NA,241.175789,-22.232036449,NA,NA,NA,NA,NA,NA,NA,NA,NA,NA,NA,NA,NA,"",NA,NA,NA,240822.58,9249.26,1,"S",1.06558663716814,0.0409259292035398
NA,"Sky-A3-7",240.98869,2.34844,NA,NA,NA,NA,241.1767399,-22.260753563,NA,NA,NA,NA,NA,NA,NA,NA,NA,NA,NA,NA,NA,"",NA,NA,NA,240988.69,2348.44,1,"S",1.06632163716814,0.0103913274336283
NA,"Sky-A4-1",210.21182,-117.86456,NA,NA,NA,NA,241.0414955,-22.761828817,NA,NA,NA,NA,NA,NA,NA,NA,NA,NA,NA,NA,NA,"",NA,NA,NA,210211.82,-117864.56,1,"S",0.930140796460177,-0.521524601769911
NA,"Sky-A4-2",204.2974,-127.84223,NA,NA,NA,NA,241.0150685,-22.803491014,NA,NA,NA,NA,NA,NA,NA,NA,NA,NA,NA,NA,NA,"",NA,NA,NA,204297.4,-127842.23,1,"S",0.903970796460177,-0.565673584070796
NA,"Sky-A4-3",197.90977,-137.52377,NA,NA,NA,NA,240.986483,-22.843927992,NA,NA,NA,NA,NA,NA,NA,NA,NA,NA,NA,NA,NA,"",NA,NA,NA,197909.77,-137523.77,1,"S",0.875706946902655,-0.608512256637168
NA,"Sky-A4-4",191.06371,-146.88677,NA,NA,NA,NA,240.9558041,-22.88304525,NA,NA,NA,NA,NA,NA,NA,NA,NA,NA,NA,NA,NA,"",NA,NA,NA,191063.71,-146886.77,1,"S",0.845414646017699,-0.649941460176991
NA,"Sky-A4-5",183.77509,-155.90952,NA,NA,NA,NA,240.9231019,-22.920751136,NA,NA,NA,NA,NA,NA,NA,NA,NA,NA,NA,NA,NA,"",NA,NA,NA,183775.09,-155909.52,1,"S",0.813164115044248,-0.689865132743363
NA,"Sky-A4-6",176.06079,-164.57115,NA,NA,NA,NA,240.8884514,-22.956957439,NA,NA,NA,NA,NA,NA,NA,NA,NA,NA,NA,NA,NA,"",NA,NA,NA,176060.79,-164571.15,1,"S",0.779030044247788,-0.72819092920354
NA,"Sky-A4-7",167.93867,-172.85157,NA,NA,NA,NA,240.8519324,-22.991579159,NA,NA,NA,NA,NA,NA,NA,NA,NA,NA,NA,NA,NA,"",NA,NA,NA,167938.67,-172851.57,1,"S",0.743091460176991,-0.764829955752212
NA,"Sky-A5-1",-148.4702,-189.83588,NA,NA,NA,NA,239.4211403,-23.062849994,NA,NA,NA,NA,NA,NA,NA,NA,NA,NA,NA,NA,NA,"",NA,NA,NA,-148470.2,-189835.88,1,"S",-0.656947787610619,-0.839981769911504
NA,"Sky-A5-2",-157.43205,-182.47249,NA,NA,NA,NA,239.3807378,-23.032046791,NA,NA,NA,NA,NA,NA,NA,NA,NA,NA,NA,NA,NA,"",NA,NA,NA,-157432.05,-182472.49,1,"S",-0.696601991150442,-0.807400398230088
NA,"Sky-A5-3",-166.02924,-174.68645,NA,NA,NA,NA,239.3420097,-22.999480667,NA,NA,NA,NA,NA,NA,NA,NA,NA,NA,NA,NA,NA,"",NA,NA,NA,-166029.24,-174686.45,1,"S",-0.734642654867257,-0.77294889380531
NA,"Sky-A5-4",-174.24185,-166.49577,NA,NA,NA,NA,239.3050458,-22.965228,NA,NA,NA,NA,NA,NA,NA,NA,NA,NA,NA,NA,NA,"",NA,NA,NA,-174241.85,-166495.77,1,"S",-0.770981637168142,-0.736706946902655
NA,"Sky-A5-5",-182.05086,-157.91943,NA,NA,NA,NA,239.2699319,-22.929369214,NA,NA,NA,NA,NA,NA,NA,NA,NA,NA,NA,NA,NA,"",NA,NA,NA,-182050.86,-157919.43,1,"S",-0.805534778761062,-0.698758539823009
NA,"Sky-A5-6",-189.43818,-148.97731,NA,NA,NA,NA,239.2367492,-22.891988483,NA,NA,NA,NA,NA,NA,NA,NA,NA,NA,NA,NA,NA,"",NA,NA,NA,-189438.18,-148977.31,1,"S",-0.83822203539823,-0.659191637168142
NA,"Sky-A5-7",-196.38671,-139.6901,NA,NA,NA,NA,239.2055739,-22.853173343,NA,NA,NA,NA,NA,NA,NA,NA,NA,NA,NA,NA,NA,"",NA,NA,NA,-196386.71,-139690.1,1,"S",-0.868967743362832,-0.61809778761062
NA,"Sky-H1-1",-181.17025,158.92893,NA,NA,NA,NA,239.281065,-21.609904256,NA,NA,NA,NA,NA,NA,NA,NA,NA,NA,NA,NA,NA,"",NA,NA,NA,-181170.25,158928.93,1,"S",-0.801638274336283,0.703225353982301
NA,"Sky-H1-2",-173.31368,167.46173,NA,NA,NA,NA,239.3164564,-21.574523127,NA,NA,NA,NA,NA,NA,NA,NA,NA,NA,NA,NA,NA,"",NA,NA,NA,-173313.68,167461.73,1,"S",-0.766874690265487,0.74098110619469
NA,"Sky-H1-3",-165.05567,175.60663,NA,NA,NA,NA,239.3536213,-21.540758763,NA,NA,NA,NA,NA,NA,NA,NA,NA,NA,NA,NA,NA,"",NA,NA,NA,-165055.67,175606.63,1,"S",-0.73033482300885,0.777020486725664
NA,"Sky-H1-4",-156.41534,183.34477,NA,NA,NA,NA,239.3924739,-21.508688361,NA,NA,NA,NA,NA,NA,NA,NA,NA,NA,NA,NA,NA,"",NA,NA,NA,-156415.34,183344.77,1,"S",-0.692103274336283,0.811260044247788
NA,"Sky-H1-5",-147.4127,190.65822,NA,NA,NA,NA,239.4329242,-21.478385243,NA,NA,NA,NA,NA,NA,NA,NA,NA,NA,NA,NA,NA,"",NA,NA,NA,-147412.7,190658.22,1,"S",-0.652268584070796,0.843620442477876
NA,"Sky-H1-6",-138.06861,197.53006,NA,NA,NA,NA,239.4748791,-21.449918546,NA,NA,NA,NA,NA,NA,NA,NA,NA,NA,NA,NA,NA,"",NA,NA,NA,-138068.61,197530.06,1,"S",-0.610923053097345,0.874026814159292
NA,"Sky-H1-7",-128.4047,203.94434,NA,NA,NA,NA,239.518242,-21.423353378,NA,NA,NA,NA,NA,NA,NA,NA,NA,NA,NA,NA,NA,"",NA,NA,NA,-128404.7,203944.34,1,"S",-0.568162389380531,0.902408584070796
NA,"Sky-H1-8",-118.44464,209.88551,NA,NA,NA,NA,239.5629077,-21.398753213,NA,NA,NA,NA,NA,NA,NA,NA,NA,NA,NA,NA,NA,"",NA,NA,NA,-118444.64,209885.51,1,"S",-0.524091327433628,0.928696946902655
NA,"Sky-H2-1",-100.81652,218.89973,NA,NA,NA,NA,239.641905,-21.361440084,NA,NA,NA,NA,NA,NA,NA,NA,NA,NA,NA,NA,NA,"",NA,NA,NA,-100816.52,218899.73,1,"S",-0.446090796460177,0.968582876106195
NA,"Sky-H2-2",-90.16757,223.49692,NA,NA,NA,NA,239.6895972,-21.342416749,NA,NA,NA,NA,NA,NA,NA,NA,NA,NA,NA,NA,NA,"",NA,NA,NA,-90167.57,223496.92,1,"S",-0.398971548672566,0.988924424778761
NA,"Sky-H2-3",-79.30977,227.57641,NA,NA,NA,NA,239.7382057,-21.325539896,NA,NA,NA,NA,NA,NA,NA,NA,NA,NA,NA,NA,NA,"",NA,NA,NA,-79309.77,227576.41,1,"S",-0.350928185840708,1.00697526548673
NA,"Sky-H2-4",-68.26826,231.12877,NA,NA,NA,NA,239.7876195,-21.310847833,NA,NA,NA,NA,NA,NA,NA,NA,NA,NA,NA,NA,NA,"",NA,NA,NA,-68268.26,231128.77,1,"S",-0.302071946902655,1.02269367256637
NA,"Sky-H2-5",-57.06862,234.14576,NA,NA,NA,NA,239.8377262,-21.298374,NA,NA,NA,NA,NA,NA,NA,NA,NA,NA,NA,NA,NA,"",NA,NA,NA,-57068.62,234145.76,1,"S",-0.252516017699115,1.03604318584071
NA,"Sky-H2-6",-45.73679,236.62039,NA,NA,NA,NA,239.8884114,-21.288146729,NA,NA,NA,NA,NA,NA,NA,NA,NA,NA,NA,NA,NA,"",NA,NA,NA,-45736.79,236620.39,1,"S",-0.20237517699115,1.04699287610619
NA,"Sky-H2-7",-34.29902,238.54693,NA,NA,NA,NA,239.93956,-21.280189215,NA,NA,NA,NA,NA,NA,NA,NA,NA,NA,NA,NA,NA,"",NA,NA,NA,-34299.02,238546.93,1,"S",-0.151765575221239,1.05551738938053
NA,"Sky-H2-8",-22.78326,239.92079,NA,NA,NA,NA,239.9910489,-21.27452001,NA,NA,NA,NA,NA,NA,NA,NA,NA,NA,NA,NA,NA,"",NA,NA,NA,-22783.26,239920.79,1,"S",-0.100810884955752,1.0615964159292
NA,"Sky-H3-1",184.61356,154.91577,NA,NA,NA,NA,240.919844,-21.62694511,NA,NA,NA,NA,NA,NA,NA,NA,NA,NA,NA,NA,NA,"",NA,NA,NA,184613.56,154915.77,1,"S",0.816874159292035,0.685468008849557
NA,"Sky-H3-2",191.8534,145.85382,NA,NA,NA,NA,240.9524731,-21.664531453,NA,NA,NA,NA,NA,NA,NA,NA,NA,NA,NA,NA,NA,"",NA,NA,NA,191853.4,145853.82,1,"S",0.848908849557522,0.645370884955752
NA,"Sky-H3-3",198.64884,136.45402,NA,NA,NA,NA,240.9831347,-21.703526376,NA,NA,NA,NA,NA,NA,NA,NA,NA,NA,NA,NA,NA,"",NA,NA,NA,198648.84,136454.02,1,"S",0.878977168141593,0.603778849557522
NA,"Sky-H3-4",204.98415,126.73816,NA,NA,NA,NA,241.0117572,-21.74384047,NA,NA,NA,NA,NA,NA,NA,NA,NA,NA,NA,NA,NA,"",NA,NA,NA,204984.15,126738.16,1,"S",0.907009513274336,0.560788318584071
NA,"Sky-H3-5",210.84465,116.72873,NA,NA,NA,NA,241.0382736,-21.785381377,NA,NA,NA,NA,NA,NA,NA,NA,NA,NA,NA,NA,NA,"",NA,NA,NA,210844.65,116728.73,1,"S",0.93294092920354,0.516498805309734
NA,"Sky-H3-6",216.21677,106.44891,NA,NA,NA,NA,241.0626215,-21.828053833,NA,NA,NA,NA,NA,NA,NA,NA,NA,NA,NA,NA,NA,"",NA,NA,NA,216216.77,106448.91,1,"S",0.956711371681416,0.471012876106195
NA,"Sky-H3-7",221.08806,95.92253,NA,NA,NA,NA,241.0847434,-21.871759815,NA,NA,NA,NA,NA,NA,NA,NA,NA,NA,NA,NA,NA,"",NA,NA,NA,221088.06,95922.53,1,"S",0.978265752212389,0.424435973451327
NA,"Sky-H3-8",225.44672,85.17533,NA,NA,NA,NA,241.1045842,-21.916393301,NA,NA,NA,NA,NA,NA,NA,NA,NA,NA,NA,NA,NA,"",NA,NA,NA,225446.72,85175.33,1,"S",0.99755185840708,0.376881991150442
NA,"Sky-H4-1",239.9828,-22.12059,NA,NA,NA,NA,241.1729404,-22.362619091,NA,NA,NA,NA,NA,NA,NA,NA,NA,NA,NA,NA,NA,"",NA,NA,NA,239982.8,-22120.59,1,"S",1.06187079646018,-0.0978787168141593
NA,"Sky-H4-2",238.64054,-33.64155,NA,NA,NA,NA,241.167241,-22.410603172,NA,NA,NA,NA,NA,NA,NA,NA,NA,NA,NA,NA,NA,"",NA,NA,NA,238640.54,-33641.55,1,"S",1.05593159292035,-0.148856415929204
NA,"Sky-H4-3",236.74552,-45.08459,NA,NA,NA,NA,241.1590477,-22.458276788,NA,NA,NA,NA,NA,NA,NA,NA,NA,NA,NA,NA,NA,"",NA,NA,NA,236745.52,-45084.59,1,"S",1.04754654867257,-0.199489336283186
NA,"Sky-H4-4",234.30213,-56.42319,NA,NA,NA,NA,241.148377,-22.505529266,NA,NA,NA,NA,NA,NA,NA,NA,NA,NA,NA,NA,NA,"",NA,NA,NA,234302.13,-56423.19,1,"S",1.03673508849558,-0.249660132743363
NA,"Sky-H4-5",231.31601,-67.6311,NA,NA,NA,NA,241.1352514,-22.552250929,NA,NA,NA,NA,NA,NA,NA,NA,NA,NA,NA,NA,NA,"",NA,NA,NA,231316.01,-67631.1,1,"S",1.02352216814159,-0.299252654867257
NA,"Sky-H4-6",227.79409,-78.68236,NA,NA,NA,NA,241.1196989,-22.59833318,NA,NA,NA,NA,NA,NA,NA,NA,NA,NA,NA,NA,NA,"",NA,NA,NA,227794.09,-78682.36,1,"S",1.00793845132743,-0.34815203539823
NA,"Sky-H4-7",223.74453,-89.55136,NA,NA,NA,NA,241.1017536,-22.643668753,NA,NA,NA,NA,NA,NA,NA,NA,NA,NA,NA,NA,NA,"",NA,NA,NA,223744.53,-89551.36,1,"S",0.990020044247788,-0.396244955752212
NA,"Sky-H4-8",219.17732,-100.21161,NA,NA,NA,NA,241.0814577,-22.688146592,NA,NA,NA,NA,NA,NA,NA,NA,NA,NA,NA,NA,NA,"",NA,NA,NA,219177.32,-100211.61,1,"S",0.969811150442478,-0.443414203539823
NA,"Sky-H5-1",41.83481,-237.34134,NA,NA,NA,NA,240.2823023,-23.261570865,NA,NA,NA,NA,NA,NA,NA,NA,NA,NA,NA,NA,NA,"",NA,NA,NA,41834.81,-237341.34,1,"S",0.185109778761062,-1.05018292035398
NA,"Sky-H5-2",30.36687,-239.07931,NA,NA,NA,NA,240.2303713,-23.268863055,NA,NA,NA,NA,NA,NA,NA,NA,NA,NA,NA,NA,NA,"",NA,NA,NA,30366.87,-239079.31,1,"S",0.134366681415929,-1.05787305309735
NA,"Sky-H5-3",18.8286,-240.26349,NA,NA,NA,NA,240.1781136,-23.27383586,NA,NA,NA,NA,NA,NA,NA,NA,NA,NA,NA,NA,NA,"",NA,NA,NA,18828.6,-240263.49,1,"S",0.083312389380531,-1.06311278761062
NA,"Sky-H5-4",7.2467,-240.89115,NA,NA,NA,NA,240.1256528,-23.276477487,NA,NA,NA,NA,NA,NA,NA,NA,NA,NA,NA,NA,NA,"",NA,NA,NA,7246.7,-240891.15,1,"S",0.0320650442477876,-1.06589004424779
NA,"Sky-H5-5",-4.35197,-240.96083,NA,NA,NA,NA,240.073113,-23.276781568,NA,NA,NA,NA,NA,NA,NA,NA,NA,NA,NA,NA,NA,"",NA,NA,NA,-4351.97,-240960.83,1,"S",-0.0192565044247788,-1.06619836283186
NA,"Sky-H5-6",-15.94057,-240.47237,NA,NA,NA,NA,240.0206182,-23.274747287,NA,NA,NA,NA,NA,NA,NA,NA,NA,NA,NA,NA,NA,"",NA,NA,NA,-15940.57,-240472.37,1,"S",-0.0705334955752212,-1.06403703539823
NA,"Sky-H5-7",-27.49224,-239.4269,NA,NA,NA,NA,239.9682926,-23.270379336,NA,NA,NA,NA,NA,NA,NA,NA,NA,NA,NA,NA,NA,"",NA,NA,NA,-27492.24,-239426.9,1,"S",-0.121647079646018,-1.0594110619469
NA,"Sky-H5-8",-38.97879,-237.82707,NA,NA,NA,NA,239.9162666,-23.263688883,NA,NA,NA,NA,NA,NA,NA,NA,NA,NA,NA,NA,NA,"",NA,NA,NA,-38978.79,-237827.07,1,"S",-0.172472522123894,-1.05233216814159
NA,"Sky-H6-1",-58.36925,-233.82492,NA,NA,NA,NA,239.8284587,-23.246942925,NA,NA,NA,NA,NA,NA,NA,NA,NA,NA,NA,NA,NA,"",NA,NA,NA,-58369.25,-233824.92,1,"S",-0.258271017699115,-1.03462353982301
NA,"Sky-H6-2",-69.55194,-230.74573,NA,NA,NA,NA,239.7778331,-23.234055795,NA,NA,NA,NA,NA,NA,NA,NA,NA,NA,NA,NA,NA,"",NA,NA,NA,-69551.94,-230745.73,1,"S",-0.307751946902655,-1.02099880530973
NA,"Sky-H6-3",-80.57354,-227.13205,NA,NA,NA,NA,239.7279502,-23.218930534,NA,NA,NA,NA,NA,NA,NA,NA,NA,NA,NA,NA,NA,"",NA,NA,NA,-80573.54,-227132.05,1,"S",-0.356520088495575,-1.00500907079646
NA,"Sky-H6-4",-91.4085,-222.99226,NA,NA,NA,NA,239.6789277,-23.201602775,NA,NA,NA,NA,NA,NA,NA,NA,NA,NA,NA,NA,NA,"",NA,NA,NA,-91408.5,-222992.26,1,"S",-0.404462389380531,-0.986691415929204
NA,"Sky-H6-5",-102.03172,-218.33596,NA,NA,NA,NA,239.6308811,-23.182113342,NA,NA,NA,NA,NA,NA,NA,NA,NA,NA,NA,NA,NA,"",NA,NA,NA,-102031.72,-218335.96,1,"S",-0.45146778761062,-0.966088318584071
NA,"Sky-H6-6",-112.41861,-213.17391,NA,NA,NA,NA,239.5839234,-23.160508003,NA,NA,NA,NA,NA,NA,NA,NA,NA,NA,NA,NA,NA,"",NA,NA,NA,-112418.61,-213173.91,1,"S",-0.497427477876106,-0.943247389380531
NA,"Sky-H6-7",-122.54511,-207.51809,NA,NA,NA,NA,239.5381648,-23.136837688,NA,NA,NA,NA,NA,NA,NA,NA,NA,NA,NA,NA,NA,"",NA,NA,NA,-122545.11,-207518.09,1,"S",-0.542235,-0.918221637168142
NA,"Sky-H6-8",-132.38652,-201.3824,NA,NA,NA,NA,239.4937184,-23.111161438,NA,NA,NA,NA,NA,NA,NA,NA,NA,NA,NA,NA,NA,"",NA,NA,NA,-132386.52,-201382.4,1,"S",-0.585781061946903,-0.891072566371681
NA,"Sky-H7-1",-207.18967,-123.09956,NA,NA,NA,NA,239.1571928,-22.783855608,NA,NA,NA,NA,NA,NA,NA,NA,NA,NA,NA,NA,NA,"",NA,NA,NA,-207189.67,-123099.56,1,"S",-0.916768451327434,-0.544688318584071
NA,"Sky-H7-2",-212.87255,-112.98823,NA,NA,NA,NA,239.1317967,-22.741622413,NA,NA,NA,NA,NA,NA,NA,NA,NA,NA,NA,NA,NA,"",NA,NA,NA,-212872.55,-112988.23,1,"S",-0.941913938053097,-0.499947920353982
NA,"Sky-H7-3",-218.06235,-102.61518,NA,NA,NA,NA,239.1086476,-22.698306762,NA,NA,NA,NA,NA,NA,NA,NA,NA,NA,NA,NA,NA,"",NA,NA,NA,-218062.35,-102615.18,1,"S",-0.964877654867257,-0.454049469026549
NA,"Sky-H7-4",-222.74704,-92.00444,NA,NA,NA,NA,239.0877977,-22.654009869,NA,NA,NA,NA,NA,NA,NA,NA,NA,NA,NA,NA,NA,"",NA,NA,NA,-222747.04,-92004.44,1,"S",-0.985606371681416,-0.407099292035398
NA,"Sky-H7-5",-226.91579,-81.18059,NA,NA,NA,NA,239.0692935,-22.608835155,NA,NA,NA,NA,NA,NA,NA,NA,NA,NA,NA,NA,NA,"",NA,NA,NA,-226915.79,-81180.59,1,"S",-1.00405216814159,-0.359206150442478
NA,"Sky-H7-6",-230.55892,-70.1687,NA,NA,NA,NA,239.0531761,-22.562887994,NA,NA,NA,NA,NA,NA,NA,NA,NA,NA,NA,NA,NA,"",NA,NA,NA,-230558.92,-70168.7,1,"S",-1.02017221238938,-0.310480973451327
NA,"Sky-H7-7",-233.66801,-58.99428,NA,NA,NA,NA,239.039481,-22.516275489,NA,NA,NA,NA,NA,NA,NA,NA,NA,NA,NA,NA,NA,"",NA,NA,NA,-233668.01,-58994.28,1,"S",-1.03392924778761,-0.261036637168142
NA,"Sky-H7-8",-236.23556,-47.68464,NA,NA,NA,NA,239.0282389,-22.46911214,NA,NA,NA,NA,NA,NA,NA,NA,NA,NA,NA,NA,NA,"",NA,NA,NA,-236235.56,-47684.64,1,"S",-1.04529008849558,-0.210993982300885
