#OBSTEMP,8
#CONFIGTEMP,19
#EQUINOX,J2000.0
#CENTRE,16 00 22.29,-22 16 26.6 #Field centre
#UTTIME,12 00 00.00 #Target observing time
#UTDATE,2021 07 10 #Target observing date
#PLATEID,a test_plateID
#LABEL,240_m20_comissioning Tile 026
#TILING_DATE,2021 06 07 # Date the tile was created/configured
#PROXIMITY,220 # tiling proximity value in arcseconds
"ID","RA","DEC","g_mag","r_mag","i_mag","z_mag","y_mag","GAIA_g_mag","GAIA_bp_mag","GAIA_rp_mag","pmRA","pmDEC","priority","remaining_observations","Tile_number","COMPLETED","MagnetX_noDC","MagnetY_noDC","type","MagnetX","MagnetY","Position","fibre_type","x","y","grads","gangs","gazAngs","gangs_gazAng"
"6243612104440601600",240.04935,-21.589516,NA,10.8283996582031,NA,NA,NA,NA,NA,NA,-14.5950334169632,-4.69607135305918,NA,NA,NA,NA,-9834.5053061239,154708.369183674,2,-9535.95,161234.8,NA,"G",36.37153,168.61567,172.493861815688,2.58507512388934,4.49993744098343,4.3683229900855
"6243569876323017088",240.40779,-21.490728,NA,11.5790996551514,NA,NA,NA,NA,NA,NA,-41.5046450094698,15.2672698429117,NA,NA,NA,NA,71172.93469387,177034.457183673,2,69502.49,185741.63,NA,"G",115.31795,-127.49122,171.907651863699,0.774469457347277,2.30610129949943,4.75155346502743
"6243203120476661376",239.97186,-22.79337,NA,11.6497001647949,NA,NA,NA,NA,NA,NA,-6.36343137848489,-10.2514756752206,NA,NA,NA,NA,-27347.2453061201,-117362.634816326,2,-26146,-121743.63,NA,"G",-131.43067,-104.26245,167.76376097552,5.00009324712595,0.670635196287557,4.3294580508384
"6237185974371659136",239.94101,-22.877972,NA,11.8268003463745,NA,NA,NA,NA,NA,NA,-64.8859508882771,-43.6202203661294,NA,NA,NA,NA,-34319.3453061235,-136482.686816326,2,-32897.09,-142035.77,NA,"G",-97.17926,157.56046,185.119170075817,0.424678149446172,-1.01813391997218,1.44281206941835
"6246530345736828288",239.47615,-21.590834,NA,12.191499710083,NA,NA,NA,NA,NA,NA,-9.03548479081139,-11.5381205272271,NA,NA,NA,NA,-139377.705306127,154410.501183673,2,-136437.95,162267.76,NA,"G",128.93032,-159.97282,205.461262903874,0.519651944441619,2.24915565768189,4.55368159393932
"6243232081430715392",240.7765,-22.371107,NA,12.2285995483398,NA,NA,NA,NA,NA,NA,-17.3132852790657,-9.67093476320869,NA,NA,NA,NA,154501.394693875,-21931.1968163269,2,148698.58,-23153.63,NA,"G",-114.65055,-111.22962,159.739716353344,3.76722982525628,0.7702544326053,2.99697539265098
