#OBSTEMP,8
#CONFIGTEMP,19
#EQUINOX,J2000.0
#CENTRE,16 00 19.71,-22 12 04.8 #Field centre
#UTTIME,12 00 00.00 #Target observing time
#UTDATE,2021 07 10 #Target observing date
#PLATEID,a test_plateID
#LABEL,240_m20_comissioning Tile 013
#TILING_DATE,2021 06 07 # Date the tile was created/configured
#PROXIMITY,220 # tiling proximity value in arcseconds
"ID","RA","DEC","g_mag","r_mag","i_mag","z_mag","y_mag","GAIA_g_mag","GAIA_bp_mag","GAIA_rp_mag","pmRA","pmDEC","priority","remaining_observations","Tile_number","COMPLETED","MagnetX_noDC","MagnetY_noDC","type","MagnetX","MagnetY","Position","fibre_type","x","y","grads","gangs","gazAngs","gangs_gazAng"
"6243564481837370624",240.48537,-21.617958,NA,10.6978998184204,NA,NA,NA,NA,NA,NA,-11.7230724170359,-23.547779629735,NA,NA,NA,NA,91133.9808108134,131843.922756757,2,88337.96,137363.09,NA,"G",-14.8864,-175.52537,176.155500676524,5.1737041162583,1.48618826424237,3.68751585201593
"6243612104440601600",240.04935,-21.589516,NA,10.8283996582031,NA,NA,NA,NA,NA,NA,-14.5950334169632,-4.69607135305918,NA,NA,NA,NA,-7406.53918918963,138271.814756757,2,-7165.01,143756.58,NA,"G",-108.57171,179.05157,209.397423412489,0.721134140944246,-1.02570530749681,1.74683944844106
"6243569876323017088",240.40779,-21.490728,NA,11.5790996551514,NA,NA,NA,NA,NA,NA,-41.5046450094698,15.2672698429117,NA,NA,NA,NA,73600.9008108043,160597.902756757,2,71664.99,167996.01,NA,"G",137.11932,164.09574,213.84368076567,2.42451830507842,4.01631118948659,4.69139242277141
"6246530345736828288",239.47615,-21.590834,NA,12.191499710083,NA,NA,NA,NA,NA,NA,-9.03548479081139,-11.5381205272271,NA,NA,NA,NA,-136949.739189193,137973.946756757,2,-133590.41,144466.96,NA,"G",185.21718,-58.61698,194.271341456924,4.65125591574871,2.83508871191642,1.8161672038323
"6243514557142507520",240.00003,-21.678959,NA,12.245400428772,NA,NA,NA,NA,NA,NA,-11.7798565660068,-16.0499582879932,NA,NA,NA,NA,-18552.8591891948,118057.696756757,2,-17875.99,122374.51,NA,"G",-94.51485,139.91642,168.848042500169,0.41917535402234,-0.976696823957148,1.39587217797949
"6243410511552109568",239.88884,-22.353481,NA,12.4773998260498,NA,NA,NA,NA,NA,NA,0.79299492387791,-5.12680770111516,NA,NA,NA,NA,-43681.7991891933,-34384.2752432427,2,-41624.99,-35457.84,NA,"G",118.02198,-145.12289,187.055716205286,0.408030819715973,2.25356775595901,4.43764837093655
