#OBSTEMP,8
#CONFIGTEMP,19
#EQUINOX,J2000.0
#CENTRE,15 59 50.28,-21 59 55.9 #Field centre
#UTTIME,12 00 00.00 #Target observing time
#UTDATE,2021 07 10 #Target observing date
#PLATEID,a test_plateID
#LABEL,240_m20_comissioning Tile 014
#TILING_DATE,2021 06 07 # Date the tile was created/configured
#PROXIMITY,220 # tiling proximity value in arcseconds
"ID","RA","DEC","g_mag","r_mag","i_mag","z_mag","y_mag","GAIA_g_mag","GAIA_bp_mag","GAIA_rp_mag","pmRA","pmDEC","priority","remaining_observations","Tile_number","COMPLETED","MagnetX_noDC","MagnetY_noDC","type","MagnetX","MagnetY","Position","fibre_type","x","y","grads","gangs","gazAngs","gangs_gazAng"
"6243564481837370624",240.48537,-21.617958,NA,10.6978998184204,NA,NA,NA,NA,NA,NA,-11.7230724170359,-23.547779629735,NA,NA,NA,NA,118842.884722223,86083.0610000009,2,114921.96,89353.89,NA,"G",-103.04807,-170.12659,198.901888768692,2.52387997681739,1.0261858907906,1.49769408602679
"6243569876323017088",240.40779,-21.490728,NA,11.5790996551514,NA,NA,NA,NA,NA,NA,-41.5046450094698,15.2672698429117,NA,NA,NA,NA,101309.804722213,114837.041,2,98141.19,119424.55,NA,"G",27.29727,213.10633,214.8475013481,2.84422908151995,4.58499047339193,4.5424239153076
"6243410511552109568",239.88884,-22.353481,NA,12.4773998260498,NA,NA,NA,NA,NA,NA,0.79299492387791,-5.12680770111516,NA,NA,NA,NA,-15972.8952777842,-80145.1369999992,2,-15259.57,-82806.58,NA,"G",-80.54467,129.55345,152.550123803003,0.11924285231174,-1.01456638321115,1.13380923552289
"6246531136010824192",239.54382,-21.518038,NA,12.8070001602173,NA,NA,NA,NA,NA,NA,41.8750318719462,-29.4161833239491,NA,NA,NA,NA,-93947.4152777789,108664.981,2,-90881.6,112861.91,NA,"G",38.2282,181.31315,185.299362217366,3.05133124593068,4.50459168632333,4.82992486678694
"6243443157605830528",240.3797,-22.035347,NA,12.9666996002197,NA,NA,NA,NA,NA,NA,0.389783862736087,-6.80398876502442,NA,NA,NA,NA,94961.4647222218,-8246.85299999984,2,91004.43,-8645.92,NA,"G",136.57186,-109.68446,175.164361984255,0.705468660148195,2.46494830296255,4.52370566436523
"6243427592645087104",239.63945,-22.225021,NA,13.0481996536255,NA,NA,NA,NA,NA,NA,10.0255122010553,7.80013702774417,NA,NA,NA,NA,-72335.035277779,-51113.1769999991,2,-69189.89,-52893.03,NA,"G",-69.18989,-52.89303,87.0914088805147,5.36398862456681,0.652692615530935,4.71129600903588
