#OBSTEMP,8
#CONFIGTEMP,19
#EQUINOX,J2000.0
#CENTRE,15 59 49.15,-21 57 09.1 #Field centre
#UTTIME,12 00 00.00 #Target observing time
#UTDATE,2021 07 10 #Target observing date
#PLATEID,a test_plateID
#LABEL,240_m20_comissioning Tile 001
#TILING_DATE,2021 06 07 # Date the tile was created/configured
#PROXIMITY,220 # tiling proximity value in arcseconds
"probe","ID","x","y","rads","angs","azAngs","angs_azAng","RA","DEC","g_mag","r_mag","i_mag","z_mag","y_mag","GAIA_g_mag","GAIA_bp_mag","GAIA_rp_mag","pmRA","pmDEC","priority","remaining_observations","Tile_number","COMPLETED","MagnetX_noDC","MagnetY_noDC","type","MagnetX","MagnetY","Position","fibre_type","fraction_plate_radius_X","fraction_plate_radius_Y"
1,"6246549415391762944",-137.07439,142.69272,197.865107421371,3.50831918189909,-0.805477632010222,4.31379681390931,239.3342,-21.349598,17.3612003326416,16.5375003814697,16.1895008087158,16.0058994293213,15.8842000961304,16.567287,17.18701,15.809598,-5.27148402205793,-1.61233682774485,1,1,-999,"False",-140254.901030931,136259.316556701,1,-137074.39,142692.72,NA,"P",-0.606523849557522,0.631383716814159
2,"6237407285444414208",-107.89663,-149.43977,184.320176928653,2.5244725926117,0.945452437398977,1.57902015521272,239.46109,-22.58309,15.8127002716064,15.256799697876,15.012900352478,14.9121999740601,14.8270998001099,15.274972,15.727655,14.651729,-4.86696900464587,-12.9989923315237,1,1,-999,"False",-111577.761030937,-142509.875443298,1,-107896.63,-149439.77,NA,"P",-0.477418716814159,-0.661237920353982
3,"6246536599209312512",-122.01503,131.06256,179.067200178186,0.218075457372762,-0.821132969120555,1.03920842649332,239.40025,-21.396927,16.8782997131348,16.3607997894287,16.1329002380371,16.0296001434326,15.9568996429443,16.37963,16.809439,15.767635,-1.40312535323176,-1.74654208994671,1,1,-999,"False",-125327.601030933,125562.962556702,1,-122015.03,131062.56,NA,"P",-0.539889513274336,0.579922831858407
4,"6237401787886307584",-139.04709,-157.86254,210.367950916293,2.68595156520528,0.848684502934991,1.83726706227029,239.32185,-22.614588,17.6334991455078,17.1194000244141,16.8859996795654,16.7723007202148,16.7080993652344,17.132713,17.529812,16.515793,-3.65028447534611,4.90360663979115,1,1,-999,"False",-143046.001030931,-149628.423443299,1,-139047.09,-157862.54,NA,"P",-0.615252610619469,-0.698506814159292
5,"6243460406194628096",62.47164,10.58231,63.3615900149744,3.79689971810765,3.30939360235354,0.487506115754108,240.24374,-21.906868,18.1723003387451,17.6809005737305,17.4568004608154,17.3554000854492,17.2961006164551,17.69484,18.107798,17.096235,-3.24241725536949,-5.54002429286451,1,1,-999,"False",65301.1389690673,10316.2965567014,1,62471.64,10582.31,NA,"P",0.276423185840708,0.0468243805309735
6,"6243503218428783232",-50.27272,-1.23441,50.2878727353474,-0.665769565106545,0.0245493382774415,5.5928664037956,239.72192,-21.957642,17.4612007141113,16.7658996582031,16.4549007415771,16.307300567627,16.1917991638184,16.785973,17.321226,16.075762,-3.27898970275078,-4.85425067275226,1,1,-999,"False",-52630.1810309307,-1158.62744329876,1,-50272.72,-1234.41,NA,"P",-0.222445663716814,-0.00546199115044248
7,"6243239881092378752",72.5327,-103.14716,126.09650742727,1.03746324133406,2.18366423107957,5.13698431743407,240.28934,-22.392088,18.432300567627,17.8505992889404,17.6256999969482,17.5181999206543,17.4470996856689,17.90345,18.321997,17.23156,-4.27546545514834,1.95996169580505,1,1,-999,"False",75606.7389690626,-99343.423443299,1,72532.7,-103147.16,NA,"P",0.320941150442478,-0.456403362831858
8,"6243350970430677376",165.54205,-1.49895,165.548836206435,0.935422604892621,3.13253810197576,4.08606981009645,240.71164,-21.957178,17.503999710083,16.9748992919922,16.7548999786377,16.6487998962402,16.5797004699707,17.004396,17.43636,16.38638,-6.98209821613455,1.12827437596572,1,1,-999,"False",171046.538969064,-1053.76344329856,1,165542.05,-1498.95,NA,"P",0.732486946902655,-0.00663252212389381
9,"6246647478087108480",-15.13764,213.65482,214.19040654054,0.508495182089178,-1.50006360733344,2.00855878942262,239.88669,-21.054981,15.8368997573853,15.2898998260498,15.0413999557495,14.9355001449585,14.8573999404907,15.309302,15.763265,14.682702,4.82836655312033,-3.57312943577407,1,1,-999,"False",-15392.1610309361,202842.758556701,1,-15137.64,213654.82,NA,"P",-0.0669807079646018,0.945375309734513
10,"6243648972440470656",101.56155,181.16531,207.691160105091,2.51498670824752,4.20144285098169,4.59672916444541,240.41301,-21.18984,18.0356998443604,17.1140995025635,16.6935997009277,16.4724998474121,16.3178997039795,17.129112,17.810558,16.300373,-5.61018102650687,-12.4322855177516,1,1,-999,"False",103556.15896907,172364.624556701,1,101561.55,181165.31,NA,"P",0.449387389380531,0.801616415929204
11,"6243346056988071040",177.10491,-26.87482,179.132367527872,0.843860199889741,2.9909963473709,4.13604915969843,240.76294,-22.06423,15.4315996170044,14.5573997497559,14.2011003494263,14.0246000289917,13.9074001312256,14.585573,15.232837,13.820856,-7.65201283773289,-4.17703935754453,1,1,-999,"False",182640.338969064,-25247.5154432984,1,177104.91,-26874.82,NA,"P",0.783650044247788,-0.118915132743363
12,"6243465938112636800",28.28633,40.27815,49.2183485327515,3.55133740930366,4.10013793122419,5.73438478525906,240.08568,-21.779413,17.3691005706787,16.5918006896973,16.230899810791,16.0576000213623,15.9372997283936,16.603708,17.212463,15.849477,0.539150858557799,-0.386848658469748,1,1,-999,"False",29579.5789690595,39121.1265567008,1,28286.33,40278.15,NA,"P",0.125160752212389,0.178221902654867
13,"6243471779267726336",-128.27731,-61.284,142.164682382215,-1.2015641850837,0.445686619706584,4.6359345023893,239.36508,-22.21225,14.9422998428345,14.0558996200562,13.7096004486084,13.4615001678467,13.3232002258301,14.067028,14.740612,13.280759,-7.57962750840872,0.402134221421935,1,1,-999,"False",-133276.021030938,-58700.035443299,1,-128277.31,-61284,NA,"P",-0.567598716814159,-0.27116814159292
14,"6243546305542639744",148.067,30.87348,151.251473567402,4.18661059467806,3.3471575476781,0.839453046999958,240.63287,-21.819908,16.2294006347656,15.6273002624512,15.3763999938965,15.2613000869751,15.1695003509521,15.65746,16.142355,15.001938,-0.653016109744213,-1.06037410479404,1,1,-999,"False",153244.518969072,29969.2565567016,1,148067,30873.48,NA,"P",0.655163716814159,0.136608318584071
15,"6246541443932401408",-105.54958,127.69404,165.669797155963,2.98153207027754,-0.880055765963656,3.8615878362412,239.47382,-21.410038,19.0638999938965,17.8174991607666,17.2082996368408,16.8696002960205,16.6170997619629,17.799448,18.566385,16.773296,-9.65048249378268,-4.36702776446471,1,1,-999,"False",-108700.781030929,122599.876556701,1,-105549.58,127694.04,NA,"P",-0.467033539823009,0.565017876106195
16,"6243207174925388416",11.98854,-156.38318,156.842035431335,4.10072161071097,1.64730798929887,2.4534136214121,240.00992,-22.616556,16.6737003326416,16.1573009490967,15.9263000488281,15.8443002700806,15.7739000320435,16.205746,16.492662,15.567149,-7.27943187880674,-2.37905915533785,1,1,-999,"False",12457.8189690718,-150073.191443299,1,11988.54,-156383.18,NA,"P",0.0530466371681416,-0.691960973451327
17,"6243242428017033728",94.817,-79.06838,123.45878747511,4.22866104179925,2.44651703537033,1.78214400642892,240.39198,-22.289295,17.6783008575439,17.0867004394531,16.8313999176025,16.7199001312256,16.6298007965088,17.115925,17.561579,16.457964,-3.33417085600869,2.71617834183566,1,1,-999,"False",98803.3789690644,-76112.2054432994,1,94817,-79068.38,NA,"P",0.419544247787611,-0.349860088495575
18,"6243591179360351104",144.00041,113.82351,183.553560327465,0.00242406444192866,3.8104763387926,2.47513303282891,240.60881,-21.470188,18.2486991882324,17.7367992401123,17.5090999603271,17.4402008056641,17.3425998687744,17.757399,18.170681,17.14059,0.301814348863383,-5.25872925413945,1,1,-999,"False",147806.958969068,109005.976556701,1,144000.41,113823.51,NA,"P",0.637169955752212,0.503643849557522
19,"6243244004263822848",38.21511,-89.34671,97.1762791021358,0.974109044432655,1.97496607564237,5.28232827596987,240.13164,-22.334898,18.5020999908447,17.9029006958008,17.6233005523682,17.4785003662109,17.3850994110107,17.919275,18.377771,17.224174,2.74849496115075,-6.1378948124248,1,1,-999,"False",39966.5389690678,-86418.4834432994,1,38215.11,-89346.71,NA,"P",0.169093407079646,-0.395339424778761
20,"6243175563965829120",142.29304,-153.5231,209.324273475514,0.471099265713144,2.3182497391487,4.43603483374403,240.60233,-22.59631,17.6082000732422,17.2770004272461,17.1632995605469,17.1231994628906,17.0715999603271,17.292,17.532253,16.784187,-6.52326677869885,-6.07175807870703,1,NA,NA,"",146342.478969066,-145497.595443299,0,142293.04,-153523.1,NA,"P",0.629615221238938,-0.679305752212389
21,"6243427386486651392",-54.57559,-66.99221,86.4086293406637,2.01369720052262,0.88718261061677,1.12651458990585,239.7023,-22.239182,16.8428993225098,16.8423004150391,16.8978004455566,16.9332008361816,16.8847007751465,16.779839,16.883238,16.536991,-5.50065306758402,-3.57890473518369,1,NA,NA,"",-57064.3010309314,-64786.6674432987,0,-54575.59,-66992.21,NA,"P",-0.241484911504425,-0.296425707964602
NA,"Sky-A1-1",-226.46104,82.44066,NA,NA,NA,NA,238.9401618,-21.605938763,NA,NA,NA,NA,NA,NA,NA,NA,NA,NA,NA,NA,NA,"",NA,NA,NA,-226461.04,82440.66,1,"S",-1.00204,0.364781681415929
NA,"Sky-A1-2",-222.23219,93.24117,NA,NA,NA,NA,238.9594019,-21.561059562,NA,NA,NA,NA,NA,NA,NA,NA,NA,NA,NA,NA,NA,"",NA,NA,NA,-222232.19,93241.17,1,"S",-0.983328274336283,0.412571548672566
NA,"Sky-A1-3",-217.48859,103.8257,NA,NA,NA,NA,238.9809303,-21.517090111,NA,NA,NA,NA,NA,NA,NA,NA,NA,NA,NA,NA,NA,"",NA,NA,NA,-217488.59,103825.7,1,"S",-0.96233889380531,0.459405752212389
NA,"Sky-A1-4",-212.24121,114.16975,NA,NA,NA,NA,239.0046956,-21.474131493,NA,NA,NA,NA,NA,NA,NA,NA,NA,NA,NA,NA,NA,"",NA,NA,NA,-212241.21,114169.75,1,"S",-0.939120398230089,0.505175884955752
NA,"Sky-A1-5",-206.50222,124.24934,NA,NA,NA,NA,239.0306413,-21.432282545,NA,NA,NA,NA,NA,NA,NA,NA,NA,NA,NA,NA,NA,"",NA,NA,NA,-206502.22,124249.34,1,"S",-0.913726637168142,0.549775840707965
NA,"Sky-A1-6",-200.2849,134.04112,NA,NA,NA,NA,239.0587063,-21.3916394,NA,NA,NA,NA,NA,NA,NA,NA,NA,NA,NA,NA,NA,"",NA,NA,NA,-200284.9,134041.12,1,"S",-0.886216371681416,0.593102300884956
NA,"Sky-A1-7",-193.60365,143.52243,NA,NA,NA,NA,239.0888246,-21.352295261,NA,NA,NA,NA,NA,NA,NA,NA,NA,NA,NA,NA,NA,"",NA,NA,NA,-193603.65,143522.43,1,"S",-0.856653318584071,0.635055
NA,"Sky-A2-1",-3.01251,240.9813,NA,NA,NA,NA,239.9413929,-20.948609168,NA,NA,NA,NA,NA,NA,NA,NA,NA,NA,NA,NA,NA,"",NA,NA,NA,-3012.51,240981.3,1,"S",-0.0133296902654867,1.0662889380531
NA,"Sky-A2-2",8.5856,240.84715,NA,NA,NA,NA,239.9931265,-20.949182153,NA,NA,NA,NA,NA,NA,NA,NA,NA,NA,NA,NA,NA,"",NA,NA,NA,8585.6,240847.15,1,"S",0.0379893805309735,1.0656953539823
NA,"Sky-A2-3",20.16382,240.15512,NA,NA,NA,NA,240.0447716,-20.952064334,NA,NA,NA,NA,NA,NA,NA,NA,NA,NA,NA,NA,NA,"",NA,NA,NA,20163.82,240155.12,1,"S",0.0892204424778761,1.06263327433628
NA,"Sky-A2-4",31.69534,238.90682,NA,NA,NA,NA,240.0962106,-20.957249019,NA,NA,NA,NA,NA,NA,NA,NA,NA,NA,NA,NA,NA,"",NA,NA,NA,31695.34,238906.82,1,"S",0.140244867256637,1.05710982300885
NA,"Sky-A2-5",43.15344,237.10513,NA,NA,NA,NA,240.1473266,-20.964724342,NA,NA,NA,NA,NA,NA,NA,NA,NA,NA,NA,NA,NA,"",NA,NA,NA,43153.44,237105.13,1,"S",0.190944424778761,1.04913774336283
NA,"Sky-A2-6",54.51158,234.75423,NA,NA,NA,NA,240.1980034,-20.97447315,NA,NA,NA,NA,NA,NA,NA,NA,NA,NA,NA,NA,NA,"",NA,NA,NA,54511.58,234754.23,1,"S",0.241201681415929,1.03873553097345
NA,"Sky-A2-7",65.74346,231.85957,NA,NA,NA,NA,240.2481257,-20.98647312,NA,NA,NA,NA,NA,NA,NA,NA,NA,NA,NA,NA,NA,"",NA,NA,NA,65743.46,231859.57,1,"S",0.290900265486726,1.02592730088496
NA,"Sky-A3-1",231.67752,66.38214,NA,NA,NA,NA,240.9926589,-21.67296932,NA,NA,NA,NA,NA,NA,NA,NA,NA,NA,NA,NA,NA,"",NA,NA,NA,231677.52,66382.14,1,"S",1.0251217699115,0.293726283185841
NA,"Sky-A3-2",234.60313,55.15828,NA,NA,NA,NA,241.0060743,-21.719615791,NA,NA,NA,NA,NA,NA,NA,NA,NA,NA,NA,NA,NA,"",NA,NA,NA,234603.13,55158.28,1,"S",1.03806694690265,0.244063185840708
NA,"Sky-A3-3",236.98531,43.80666,NA,NA,NA,NA,241.0170667,-21.766805561,NA,NA,NA,NA,NA,NA,NA,NA,NA,NA,NA,NA,NA,"",NA,NA,NA,236985.31,43806.66,1,"S",1.04860756637168,0.193834778761062
NA,"Sky-A3-4",238.81857,32.35357,NA,NA,NA,NA,241.0256088,-21.814429875,NA,NA,NA,NA,NA,NA,NA,NA,NA,NA,NA,NA,NA,"",NA,NA,NA,238818.57,32353.57,1,"S",1.05671933628319,0.143157389380531
NA,"Sky-A3-5",240.09865,20.82553,NA,NA,NA,NA,241.0316784,-21.862378907,NA,NA,NA,NA,NA,NA,NA,NA,NA,NA,NA,NA,NA,"",NA,NA,NA,240098.65,20825.53,1,"S",1.06238340707965,0.0921483628318584
NA,"Sky-A3-6",240.82258,9.24926,NA,NA,NA,NA,241.0352593,-21.910541886,NA,NA,NA,NA,NA,NA,NA,NA,NA,NA,NA,NA,NA,"",NA,NA,NA,240822.58,9249.26,1,"S",1.06558663716814,0.0409259292035398
NA,"Sky-A3-7",240.98869,2.34844,NA,NA,NA,NA,241.0362046,-21.939259116,NA,NA,NA,NA,NA,NA,NA,NA,NA,NA,NA,NA,NA,"",NA,NA,NA,240988.69,2348.44,1,"S",1.06632163716814,0.0103913274336283
NA,"Sky-A4-1",210.21182,-117.86456,NA,NA,NA,NA,240.9012147,-22.440321312,NA,NA,NA,NA,NA,NA,NA,NA,NA,NA,NA,NA,NA,"",NA,NA,NA,210211.82,-117864.56,1,"S",0.930140796460177,-0.521524601769911
NA,"Sky-A4-2",204.2974,-127.84223,NA,NA,NA,NA,240.874845,-22.481981137,NA,NA,NA,NA,NA,NA,NA,NA,NA,NA,NA,NA,NA,"",NA,NA,NA,204297.4,-127842.23,1,"S",0.903970796460177,-0.565673584070796
NA,"Sky-A4-3",197.90977,-137.52377,NA,NA,NA,NA,240.8463223,-22.522415623,NA,NA,NA,NA,NA,NA,NA,NA,NA,NA,NA,NA,NA,"",NA,NA,NA,197909.77,-137523.77,1,"S",0.875706946902655,-0.608512256637168
NA,"Sky-A4-4",191.06371,-146.88677,NA,NA,NA,NA,240.8157114,-22.561530293,NA,NA,NA,NA,NA,NA,NA,NA,NA,NA,NA,NA,NA,"",NA,NA,NA,191063.71,-146886.77,1,"S",0.845414646017699,-0.649941460176991
NA,"Sky-A4-5",183.77509,-155.90952,NA,NA,NA,NA,240.7830825,-22.59923352,NA,NA,NA,NA,NA,NA,NA,NA,NA,NA,NA,NA,NA,"",NA,NA,NA,183775.09,-155909.52,1,"S",0.813164115044248,-0.689865132743363
NA,"Sky-A4-6",176.06079,-164.57115,NA,NA,NA,NA,240.7485102,-22.635437117,NA,NA,NA,NA,NA,NA,NA,NA,NA,NA,NA,NA,NA,"",NA,NA,NA,176060.79,-164571.15,1,"S",0.779030044247788,-0.72819092920354
NA,"Sky-A4-7",167.93867,-172.85157,NA,NA,NA,NA,240.7120742,-22.670056111,NA,NA,NA,NA,NA,NA,NA,NA,NA,NA,NA,NA,NA,"",NA,NA,NA,167938.67,-172851.57,1,"S",0.743091460176991,-0.764829955752212
NA,"Sky-A5-1",-148.4702,-189.83588,NA,NA,NA,NA,239.2846638,-22.741321996,NA,NA,NA,NA,NA,NA,NA,NA,NA,NA,NA,NA,NA,"",NA,NA,NA,-148470.2,-189835.88,1,"S",-0.656947787610619,-0.839981769911504
NA,"Sky-A5-2",-157.43205,-182.47249,NA,NA,NA,NA,239.2443543,-22.710521539,NA,NA,NA,NA,NA,NA,NA,NA,NA,NA,NA,NA,NA,"",NA,NA,NA,-157432.05,-182472.49,1,"S",-0.696601991150442,-0.807400398230088
NA,"Sky-A5-3",-166.02924,-174.68645,NA,NA,NA,NA,239.2057148,-22.677958195,NA,NA,NA,NA,NA,NA,NA,NA,NA,NA,NA,NA,NA,"",NA,NA,NA,-166029.24,-174686.45,1,"S",-0.734642654867257,-0.77294889380531
NA,"Sky-A5-4",-174.24185,-166.49577,NA,NA,NA,NA,239.1688351,-22.643708316,NA,NA,NA,NA,NA,NA,NA,NA,NA,NA,NA,NA,NA,"",NA,NA,NA,-174241.85,-166495.77,1,"S",-0.770981637168142,-0.736706946902655
NA,"Sky-A5-5",-182.05086,-157.91943,NA,NA,NA,NA,239.1338005,-22.607852301,NA,NA,NA,NA,NA,NA,NA,NA,NA,NA,NA,NA,NA,"",NA,NA,NA,-182050.86,-157919.43,1,"S",-0.805534778761062,-0.698758539823009
NA,"Sky-A5-6",-189.43818,-148.97731,NA,NA,NA,NA,239.100692,-22.570474297,NA,NA,NA,NA,NA,NA,NA,NA,NA,NA,NA,NA,NA,"",NA,NA,NA,-189438.18,-148977.31,1,"S",-0.83822203539823,-0.659191637168142
NA,"Sky-A5-7",-196.38671,-139.6901,NA,NA,NA,NA,239.0695859,-22.531661814,NA,NA,NA,NA,NA,NA,NA,NA,NA,NA,NA,NA,NA,"",NA,NA,NA,-196386.71,-139690.1,1,"S",-0.868967743362832,-0.61809778761062
NA,"Sky-H1-1",-181.17025,158.92893,NA,NA,NA,NA,239.1447827,-21.288385704,NA,NA,NA,NA,NA,NA,NA,NA,NA,NA,NA,NA,NA,"",NA,NA,NA,-181170.25,158928.93,1,"S",-0.801638274336283,0.703225353982301
NA,"Sky-H1-2",-173.31368,167.46173,NA,NA,NA,NA,239.180093,-21.253001782,NA,NA,NA,NA,NA,NA,NA,NA,NA,NA,NA,NA,NA,"",NA,NA,NA,-173313.68,167461.73,1,"S",-0.766874690265487,0.74098110619469
NA,"Sky-H1-3",-165.05567,175.60663,NA,NA,NA,NA,239.2171734,-21.219234618,NA,NA,NA,NA,NA,NA,NA,NA,NA,NA,NA,NA,NA,"",NA,NA,NA,-165055.67,175606.63,1,"S",-0.73033482300885,0.777020486725664
NA,"Sky-H1-4",-156.41534,183.34477,NA,NA,NA,NA,239.255938,-21.187161435,NA,NA,NA,NA,NA,NA,NA,NA,NA,NA,NA,NA,NA,"",NA,NA,NA,-156415.34,183344.77,1,"S",-0.692103274336283,0.811260044247788
NA,"Sky-H1-5",-147.4127,190.65822,NA,NA,NA,NA,239.2962975,-21.156855581,NA,NA,NA,NA,NA,NA,NA,NA,NA,NA,NA,NA,NA,"",NA,NA,NA,-147412.7,190658.22,1,"S",-0.652268584070796,0.843620442477876
NA,"Sky-H1-6",-138.06861,197.53006,NA,NA,NA,NA,239.3381585,-21.128386216,NA,NA,NA,NA,NA,NA,NA,NA,NA,NA,NA,NA,NA,"",NA,NA,NA,-138068.61,197530.06,1,"S",-0.610923053097345,0.874026814159292
NA,"Sky-H1-7",-128.4047,203.94434,NA,NA,NA,NA,239.381425,-21.101818473,NA,NA,NA,NA,NA,NA,NA,NA,NA,NA,NA,NA,NA,"",NA,NA,NA,-128404.7,203944.34,1,"S",-0.568162389380531,0.902408584070796
NA,"Sky-H1-8",-118.44464,209.88551,NA,NA,NA,NA,239.4259917,-21.077215849,NA,NA,NA,NA,NA,NA,NA,NA,NA,NA,NA,NA,NA,"",NA,NA,NA,-118444.64,209885.51,1,"S",-0.524091327433628,0.928696946902655
NA,"Sky-H2-1",-100.81652,218.89973,NA,NA,NA,NA,239.504815,-21.039898852,NA,NA,NA,NA,NA,NA,NA,NA,NA,NA,NA,NA,NA,"",NA,NA,NA,-100816.52,218899.73,1,"S",-0.446090796460177,0.968582876106195
NA,"Sky-H2-2",-90.16757,223.49692,NA,NA,NA,NA,239.5524026,-21.02087348,NA,NA,NA,NA,NA,NA,NA,NA,NA,NA,NA,NA,NA,"",NA,NA,NA,-90167.57,223496.92,1,"S",-0.398971548672566,0.988924424778761
NA,"Sky-H2-3",-79.30977,227.57641,NA,NA,NA,NA,239.6009048,-21.00399478,NA,NA,NA,NA,NA,NA,NA,NA,NA,NA,NA,NA,NA,"",NA,NA,NA,-79309.77,227576.41,1,"S",-0.350928185840708,1.00697526548673
NA,"Sky-H2-4",-68.26826,231.12877,NA,NA,NA,NA,239.6502109,-20.989301078,NA,NA,NA,NA,NA,NA,NA,NA,NA,NA,NA,NA,NA,"",NA,NA,NA,-68268.26,231128.77,1,"S",-0.302071946902655,1.02269367256637
NA,"Sky-H2-5",-57.06862,234.14576,NA,NA,NA,NA,239.7002085,-20.976825827,NA,NA,NA,NA,NA,NA,NA,NA,NA,NA,NA,NA,NA,"",NA,NA,NA,-57068.62,234145.76,1,"S",-0.252516017699115,1.03604318584071
NA,"Sky-H2-6",-45.73679,236.62039,NA,NA,NA,NA,239.7507836,-20.966597374,NA,NA,NA,NA,NA,NA,NA,NA,NA,NA,NA,NA,NA,"",NA,NA,NA,-45736.79,236620.39,1,"S",-0.20237517699115,1.04699287610619
NA,"Sky-H2-7",-34.29902,238.54693,NA,NA,NA,NA,239.8018212,-20.958638922,NA,NA,NA,NA,NA,NA,NA,NA,NA,NA,NA,NA,NA,"",NA,NA,NA,-34299.02,238546.93,1,"S",-0.151765575221239,1.05551738938053
NA,"Sky-H2-8",-22.78326,239.92079,NA,NA,NA,NA,239.8531986,-20.952969033,NA,NA,NA,NA,NA,NA,NA,NA,NA,NA,NA,NA,NA,"",NA,NA,NA,-22783.26,239920.79,1,"S",-0.100810884955752,1.0615964159292
NA,"Sky-H3-1",184.61356,154.91577,NA,NA,NA,NA,240.7799514,-21.305426533,NA,NA,NA,NA,NA,NA,NA,NA,NA,NA,NA,NA,NA,"",NA,NA,NA,184613.56,154915.77,1,"S",0.816874159292035,0.685468008849557
NA,"Sky-H3-2",191.8534,145.85382,NA,NA,NA,NA,240.812505,-21.34301556,NA,NA,NA,NA,NA,NA,NA,NA,NA,NA,NA,NA,NA,"",NA,NA,NA,191853.4,145853.82,1,"S",0.848908849557522,0.645370884955752
NA,"Sky-H3-3",198.64884,136.45402,NA,NA,NA,NA,240.8430951,-21.382013103,NA,NA,NA,NA,NA,NA,NA,NA,NA,NA,NA,NA,NA,"",NA,NA,NA,198648.84,136454.02,1,"S",0.878977168141593,0.603778849557522
NA,"Sky-H3-4",204.98415,126.73816,NA,NA,NA,NA,240.8716502,-21.422329727,NA,NA,NA,NA,NA,NA,NA,NA,NA,NA,NA,NA,NA,"",NA,NA,NA,204984.15,126738.16,1,"S",0.907009513274336,0.560788318584071
NA,"Sky-H3-5",210.84465,116.72873,NA,NA,NA,NA,240.8981034,-21.463873052,NA,NA,NA,NA,NA,NA,NA,NA,NA,NA,NA,NA,NA,"",NA,NA,NA,210844.65,116728.73,1,"S",0.93294092920354,0.516498805309734
NA,"Sky-H3-6",216.21677,106.44891,NA,NA,NA,NA,240.9223927,-21.50654779,NA,NA,NA,NA,NA,NA,NA,NA,NA,NA,NA,NA,NA,"",NA,NA,NA,216216.77,106448.91,1,"S",0.956711371681416,0.471012876106195
NA,"Sky-H3-7",221.08806,95.92253,NA,NA,NA,NA,240.9444604,-21.550255899,NA,NA,NA,NA,NA,NA,NA,NA,NA,NA,NA,NA,NA,"",NA,NA,NA,221088.06,95922.53,1,"S",0.978265752212389,0.424435973451327
NA,"Sky-H3-8",225.44672,85.17533,NA,NA,NA,NA,240.9642519,-21.594891337,NA,NA,NA,NA,NA,NA,NA,NA,NA,NA,NA,NA,NA,"",NA,NA,NA,225446.72,85175.33,1,"S",0.99755185840708,0.376881991150442
NA,"Sky-H4-1",239.9828,-22.12059,NA,NA,NA,NA,241.0324014,-22.041124299,NA,NA,NA,NA,NA,NA,NA,NA,NA,NA,NA,NA,NA,"",NA,NA,NA,239982.8,-22120.59,1,"S",1.06187079646018,-0.0978787168141593
NA,"Sky-H4-2",238.64054,-33.64155,NA,NA,NA,NA,241.0267093,-22.08910781,NA,NA,NA,NA,NA,NA,NA,NA,NA,NA,NA,NA,NA,"",NA,NA,NA,238640.54,-33641.55,1,"S",1.05593159292035,-0.148856415929204
NA,"Sky-H4-3",236.74552,-45.08459,NA,NA,NA,NA,241.0185291,-22.136780601,NA,NA,NA,NA,NA,NA,NA,NA,NA,NA,NA,NA,NA,"",NA,NA,NA,236745.52,-45084.59,1,"S",1.04754654867257,-0.199489336283186
NA,"Sky-H4-4",234.30213,-56.42319,NA,NA,NA,NA,241.0078773,-22.184032007,NA,NA,NA,NA,NA,NA,NA,NA,NA,NA,NA,NA,NA,"",NA,NA,NA,234302.13,-56423.19,1,"S",1.03673508849558,-0.249660132743363
NA,"Sky-H4-5",231.31601,-67.6311,NA,NA,NA,NA,240.9947764,-22.23075236,NA,NA,NA,NA,NA,NA,NA,NA,NA,NA,NA,NA,NA,"",NA,NA,NA,231316.01,-67631.1,1,"S",1.02352216814159,-0.299252654867257
NA,"Sky-H4-6",227.79409,-78.68236,NA,NA,NA,NA,240.9792545,-22.276833075,NA,NA,NA,NA,NA,NA,NA,NA,NA,NA,NA,NA,NA,"",NA,NA,NA,227794.09,-78682.36,1,"S",1.00793845132743,-0.34815203539823
NA,"Sky-H4-7",223.74453,-89.55136,NA,NA,NA,NA,240.9613456,-22.322166901,NA,NA,NA,NA,NA,NA,NA,NA,NA,NA,NA,NA,NA,"",NA,NA,NA,223744.53,-89551.36,1,"S",0.990020044247788,-0.396244955752212
NA,"Sky-H4-8",219.17732,-100.21161,NA,NA,NA,NA,240.9410919,-22.366642799,NA,NA,NA,NA,NA,NA,NA,NA,NA,NA,NA,NA,NA,"",NA,NA,NA,219177.32,-100211.61,1,"S",0.969811150442478,-0.443414203539823
NA,"Sky-H5-1",41.83481,-237.34134,NA,NA,NA,NA,240.1437829,-22.940022013,NA,NA,NA,NA,NA,NA,NA,NA,NA,NA,NA,NA,NA,"",NA,NA,NA,41834.81,-237341.34,1,"S",0.185109778761062,-1.05018292035398
NA,"Sky-H5-2",30.36687,-239.07931,NA,NA,NA,NA,240.0919758,-22.947313418,NA,NA,NA,NA,NA,NA,NA,NA,NA,NA,NA,NA,NA,"",NA,NA,NA,30366.87,-239079.31,1,"S",0.134366681415929,-1.05787305309735
NA,"Sky-H5-3",18.8286,-240.26349,NA,NA,NA,NA,240.0398431,-22.952285698,NA,NA,NA,NA,NA,NA,NA,NA,NA,NA,NA,NA,NA,"",NA,NA,NA,18828.6,-240263.49,1,"S",0.083312389380531,-1.06311278761062
NA,"Sky-H5-4",7.2467,-240.89115,NA,NA,NA,NA,239.9875078,-22.954927064,NA,NA,NA,NA,NA,NA,NA,NA,NA,NA,NA,NA,NA,"",NA,NA,NA,7246.7,-240891.15,1,"S",0.0320650442477876,-1.06589004424779
NA,"Sky-H5-5",-4.35197,-240.96083,NA,NA,NA,NA,239.9350937,-22.955231154,NA,NA,NA,NA,NA,NA,NA,NA,NA,NA,NA,NA,NA,"",NA,NA,NA,-4351.97,-240960.83,1,"S",-0.0192565044247788,-1.06619836283186
NA,"Sky-H5-6",-15.94057,-240.47237,NA,NA,NA,NA,239.8827244,-22.953197148,NA,NA,NA,NA,NA,NA,NA,NA,NA,NA,NA,NA,NA,"",NA,NA,NA,-15940.57,-240472.37,1,"S",-0.0705334955752212,-1.06403703539823
NA,"Sky-H5-7",-27.49224,-239.4269,NA,NA,NA,NA,239.830524,-22.948829739,NA,NA,NA,NA,NA,NA,NA,NA,NA,NA,NA,NA,NA,"",NA,NA,NA,-27492.24,-239426.9,1,"S",-0.121647079646018,-1.0594110619469
NA,"Sky-H5-8",-38.97879,-237.82707,NA,NA,NA,NA,239.7786222,-22.942140088,NA,NA,NA,NA,NA,NA,NA,NA,NA,NA,NA,NA,NA,"",NA,NA,NA,-38978.79,-237827.07,1,"S",-0.172472522123894,-1.05233216814159
NA,"Sky-H6-1",-58.36925,-233.82492,NA,NA,NA,NA,239.6910237,-22.925396082,NA,NA,NA,NA,NA,NA,NA,NA,NA,NA,NA,NA,NA,"",NA,NA,NA,-58369.25,-233824.92,1,"S",-0.258271017699115,-1.03462353982301
NA,"Sky-H6-2",-69.55194,-230.74573,NA,NA,NA,NA,239.6405186,-22.912510417,NA,NA,NA,NA,NA,NA,NA,NA,NA,NA,NA,NA,NA,"",NA,NA,NA,-69551.94,-230745.73,1,"S",-0.307751946902655,-1.02099880530973
NA,"Sky-H6-3",-80.57354,-227.13205,NA,NA,NA,NA,239.5907541,-22.897386844,NA,NA,NA,NA,NA,NA,NA,NA,NA,NA,NA,NA,NA,"",NA,NA,NA,-80573.54,-227132.05,1,"S",-0.356520088495575,-1.00500907079646
NA,"Sky-H6-4",-91.4085,-222.99226,NA,NA,NA,NA,239.5418477,-22.880060979,NA,NA,NA,NA,NA,NA,NA,NA,NA,NA,NA,NA,NA,"",NA,NA,NA,-91408.5,-222992.26,1,"S",-0.404462389380531,-0.986691415929204
NA,"Sky-H6-5",-102.03172,-218.33596,NA,NA,NA,NA,239.4939146,-22.86057363,NA,NA,NA,NA,NA,NA,NA,NA,NA,NA,NA,NA,NA,"",NA,NA,NA,-102031.72,-218335.96,1,"S",-0.45146778761062,-0.966088318584071
NA,"Sky-H6-6",-112.41861,-213.17391,NA,NA,NA,NA,239.4470673,-22.838970542,NA,NA,NA,NA,NA,NA,NA,NA,NA,NA,NA,NA,NA,"",NA,NA,NA,-112418.61,-213173.91,1,"S",-0.497427477876106,-0.943247389380531
NA,"Sky-H6-7",-122.54511,-207.51809,NA,NA,NA,NA,239.4014161,-22.815302628,NA,NA,NA,NA,NA,NA,NA,NA,NA,NA,NA,NA,NA,"",NA,NA,NA,-122545.11,-207518.09,1,"S",-0.542235,-0.918221637168142
NA,"Sky-H6-8",-132.38652,-201.3824,NA,NA,NA,NA,239.3570735,-22.789628904,NA,NA,NA,NA,NA,NA,NA,NA,NA,NA,NA,NA,NA,"",NA,NA,NA,-132386.52,-201382.4,1,"S",-0.585781061946903,-0.891072566371681
NA,"Sky-H7-1",-207.18967,-123.09956,NA,NA,NA,NA,239.0213106,-22.462348387,NA,NA,NA,NA,NA,NA,NA,NA,NA,NA,NA,NA,NA,"",NA,NA,NA,-207189.67,-123099.56,1,"S",-0.916768451327434,-0.544688318584071
NA,"Sky-H7-2",-212.87255,-112.98823,NA,NA,NA,NA,238.9959691,-22.420117542,NA,NA,NA,NA,NA,NA,NA,NA,NA,NA,NA,NA,NA,"",NA,NA,NA,-212872.55,-112988.23,1,"S",-0.941913938053097,-0.499947920353982
NA,"Sky-H7-3",-218.06235,-102.61518,NA,NA,NA,NA,238.9728689,-22.376804085,NA,NA,NA,NA,NA,NA,NA,NA,NA,NA,NA,NA,NA,"",NA,NA,NA,-218062.35,-102615.18,1,"S",-0.964877654867257,-0.454049469026549
NA,"Sky-H7-4",-222.74704,-92.00444,NA,NA,NA,NA,238.9520623,-22.33250921,NA,NA,NA,NA,NA,NA,NA,NA,NA,NA,NA,NA,NA,"",NA,NA,NA,-222747.04,-92004.44,1,"S",-0.985606371681416,-0.407099292035398
NA,"Sky-H7-5",-226.91579,-81.18059,NA,NA,NA,NA,238.9335956,-22.287336318,NA,NA,NA,NA,NA,NA,NA,NA,NA,NA,NA,NA,NA,"",NA,NA,NA,-226915.79,-81180.59,1,"S",-1.00405216814159,-0.359206150442478
NA,"Sky-H7-6",-230.55892,-70.1687,NA,NA,NA,NA,238.9175101,-22.241390769,NA,NA,NA,NA,NA,NA,NA,NA,NA,NA,NA,NA,NA,"",NA,NA,NA,-230558.92,-70168.7,1,"S",-1.02017221238938,-0.310480973451327
NA,"Sky-H7-7",-233.66801,-58.99428,NA,NA,NA,NA,238.9038408,-22.194779649,NA,NA,NA,NA,NA,NA,NA,NA,NA,NA,NA,NA,NA,"",NA,NA,NA,-233668.01,-58994.28,1,"S",-1.03392924778761,-0.261036637168142
NA,"Sky-H7-8",-236.23556,-47.68464,NA,NA,NA,NA,238.8926189,-22.147617446,NA,NA,NA,NA,NA,NA,NA,NA,NA,NA,NA,NA,NA,"",NA,NA,NA,-236235.56,-47684.64,1,"S",-1.04529008849558,-0.210993982300885
