#OBSTEMP,8
#CONFIGTEMP,19
#EQUINOX,J2000.0
#CENTRE,16 00 29.89,-22 05 13.2 #Field centre
#UTTIME,12 00 00.00 #Target observing time
#UTDATE,2021 07 10 #Target observing date
#PLATEID,a test_plateID
#LABEL,240_m20_comissioning Tile 007
#TILING_DATE,2021 06 07 # Date the tile was created/configured
#PROXIMITY,220 # tiling proximity value in arcseconds
"ID","RA","DEC","g_mag","r_mag","i_mag","z_mag","y_mag","GAIA_g_mag","GAIA_bp_mag","GAIA_rp_mag","pmRA","pmDEC","priority","remaining_observations","Tile_number","COMPLETED","MagnetX_noDC","MagnetY_noDC","type","MagnetX","MagnetY","Position","fibre_type","x","y","grads","gangs","gazAngs","gangs_gazAng"
"6243564481837370624",240.48537,-21.617958,NA,10.6978998184204,NA,NA,NA,NA,NA,NA,-11.7230724170359,-23.547779629735,NA,NA,NA,NA,81551.7543529385,106002.494941177,2,78728.41,109992.25,NA,"G",-33.21796,-166.76664,170.042774275919,5.23861212682851,1.37418138969687,3.86443073713164
"6243612104440601600",240.04935,-21.589516,NA,10.8283996582031,NA,NA,NA,NA,NA,NA,-14.5950334169632,-4.69607135305918,NA,NA,NA,NA,-16988.7656470646,112430.386941176,2,-16366.08,116448.41,NA,"G",-142.62593,117.06647,184.517517614523,3.40771469743736,-0.687292074303704,4.09500677174107
"6243227172292998528",240.48427,-22.491997,NA,11.87380027771,NA,NA,NA,NA,NA,NA,-5.60784288000512,3.5352576950285,NA,NA,NA,NA,81303.1543529366,-91530.319058824,2,77905.27,-95009.91,NA,"G",1.8387,202.86754,202.875872403156,2.7075573351724,4.70332567901072,4.28741696334126
"6243578706775272448",240.70114,-21.511024,NA,12.1492004394531,NA,NA,NA,NA,NA,NA,-27.2239483700119,-27.8582475887286,NA,NA,NA,NA,130315.77435293,130169.578941176,2,126983.13,136110.14,NA,"G",-185.3941,-73.0359,199.261674698423,4.99316772029054,0.375279510545134,4.61788820974541
"6246530345736828288",239.47615,-21.590834,NA,12.191499710083,NA,NA,NA,NA,NA,NA,-9.03548479081139,-11.5381205272271,NA,NA,NA,NA,-146531.965647068,112132.518941176,2,-142625.93,117066.47,NA,"G",-102.99888,66.38029,122.536166831424,2.98067702420899,-0.572481998343632,3.55315902255262
"6243232081430715392",240.7765,-22.371107,NA,12.2285995483398,NA,NA,NA,NA,NA,NA,-17.3132852790657,-9.67093476320869,NA,NA,NA,NA,147347.134352934,-64209.1790588242,2,141987.94,-67205.77,NA,"G",7.65883,119.915,120.159331314588,2.99727752194695,4.64860678983124,4.6318560392953
