#OBSTEMP,8
#CONFIGTEMP,19
#EQUINOX,J2000.0
#CENTRE,15 59 05.42,-22 07 33.0 #Field centre
#UTTIME,12 00 00.00 #Target observing time
#UTDATE,2021 07 10 #Target observing date
#PLATEID,a test_plateID
#LABEL,240_m20_comissioning Tile 021
#TILING_DATE,2021 06 07 # Date the tile was created/configured
#PROXIMITY,220 # tiling proximity value in arcseconds
"probe","ID","x","y","rads","angs","azAngs","angs_azAng","RA","DEC","g_mag","r_mag","i_mag","z_mag","y_mag","GAIA_g_mag","GAIA_bp_mag","GAIA_rp_mag","pmRA","pmDEC","priority","remaining_observations","Tile_number","COMPLETED","MagnetX_noDC","MagnetY_noDC","type","MagnetX","MagnetY","Position","fibre_type","fraction_plate_radius_X","fraction_plate_radius_Y"
1,"6243408419910266496",63.60534,-49.92535,80.8590121701848,4.03103607523203,2.47611231155261,1.55492376367942,240.06718,-22.33947,18.0139007568359,17.4277992248535,17.1553993225098,17.0368003845215,16.9645004272461,17.442238,17.891779,16.784428,-9.5611691171002,-0.323011294788924,1,1,-999,"False",66578.2210169386,-48281.1614237295,1,63605.34,-49925.35,NA,"P",0.281439557522124,-0.220908628318584
2,"6243465972472370560",71.508,81.56656,108.47348880825,-0.11708898620691,3.99260668639268,2.17348963458,240.10188,-21.77673,17.8945007324219,17.3551998138428,17.0846004486084,16.9456996917725,16.8721008300781,17.361992,17.80881,16.710308,-62.2495808195277,-13.6922558002009,1,1,-999,"False",74420.421016942,78898.0785762709,1,71508,81566.56,NA,"P",0.316407079646018,0.360913982300885
3,"6243214562269093504",100.77306,-95.95901,139.152223201585,4.17629001279399,2.38065969042556,1.79563032236842,240.23697,-22.533653,17.5317001342773,16.6849994659424,16.3346996307373,16.1648006439209,16.0291004180908,16.717386,17.28471,15.93736,-7.6185333612926,0.989319745943748,1,1,-999,"False",104950.761016946,-92166.5194237293,1,100773.06,-95959.01,NA,"P",0.445898495575221,-0.424597389380531
4,"6243629353029305984",47.87756,185.32795,191.412407651009,0.288622852069767,4.45957675556183,2.11223140368752,239.98956,-21.343506,17.7007999420166,17.1940002441406,16.9533996582031,16.8481006622314,16.771900177002,17.208515,17.635992,16.586529,-8.4646910939807,1.27179850529947,1,1,-999,"False",49036.101016946,176806.702576271,1,47877.56,185327.95,NA,"P",0.211847610619469,0.82003517699115
5,"6243486725753941248",-96.46537,12.6225,97.2876925180513,-0.791014028839572,-0.130110851339118,5.62228212967913,239.32684,-22.071157,18.1697998046875,17.4836006164551,17.1909999847412,17.0361995697021,16.9099006652832,17.51721,18.039354,16.788807,-4.80617472581847,-0.387854130535429,1,1,-999,"False",-100738.618983056,12357.5765762711,1,-96465.37,12622.5,NA,"P",-0.426837920353982,0.0558517699115044
6,"6243190166855273984",56.98218,-174.28269,183.361459612396,0.711968622515076,1.88679327798324,5.10836065171143,240.0338,-22.8619,16.3962001800537,15.8236999511719,15.5735998153687,15.4555997848511,15.3624000549316,15.839477,16.29402,15.200591,-7.17178753897628,0.217645806516216,1,1,-999,"False",59034.3410169464,-166350.341423729,1,56982.18,-174282.69,NA,"P",0.252133539823009,-0.771162345132743
7,"6237451815665516032",-166.3144,-107.45242,198.006318614373,-1.43818380128184,0.573614623710643,4.27138688218711,239.01343,-22.576912,18.1166000366211,17.5667991638184,17.3087005615234,17.1965007781982,17.0949993133545,17.589289,18.031738,16.938969,-4.01101438964872,-0.860490845165167,1,1,-999,"False",-171569.278983063,-101943.053423729,1,-166314.4,-107452.42,NA,"P",-0.735904424778761,-0.475453185840708
8,"6243538810816556032",141.22531,50.80068,150.084300554916,3.99290350368406,3.48689476606226,0.506008737621804,240.41989,-21.908573,18.3122997283936,17.798999786377,17.5636005401611,17.4641990661621,17.3922996520996,17.81354,18.234592,17.19473,-5.43477859443467,-2.05088813421676,1,1,-999,"False",146290.681016939,49101.5605762709,1,141225.31,50800.68,NA,"P",0.624890752212389,0.224781769911504
9,"6243539399234278656",171.29757,43.80355,176.809525989149,0.315607424482615,3.39194391680525,3.20684881485696,240.55403,-21.938667,16.5604000091553,16.029899597168,15.7992000579834,15.6929998397827,15.5996999740601,16.042896,16.487877,15.420668,-6.12467428270304,1.83721092164024,1,1,-999,"False",176606.32101694,42300.3165762705,1,171297.57,43803.55,NA,"P",0.757953849557522,0.193821017699115
10,"6243200062459436416",83.879,-127.21186,152.376323507491,0.53526128275051,2.15372661751945,4.66471997241065,240.15884,-22.665983,16.3551998138428,15.5609998703003,15.174599647522,14.9476003646851,14.7875995635986,15.565359,16.119604,14.759966,3.72952048672053,-4.68427689472928,1,1,-999,"False",87293.3810169429,-122073.099423728,1,83879,-127211.86,NA,"P",0.371146017699115,-0.562884336283186
11,"6243250846152960384",166.85129,-9.81724,167.139855138987,4.34826955562185,3.08282214859919,1.26544740702266,240.5363,-22.165714,15.9715995788574,15.3773002624512,15.1350002288818,15.0144996643066,14.9492998123169,15.405392,15.882362,14.763753,-4.07681967966876,-4.21464053270689,1,1,-999,"False",172599.341016946,-9012.3054237293,1,166851.29,-9817.24,NA,"P",0.738280044247788,-0.0434391150442478
12,"6243252220542532864",135.31888,-13.26923,135.967907056214,0.971129761955784,3.04384617997823,4.21046888915714,240.39499,-22.181204,17.4738006591797,17.4992008209229,17.2605991363525,17.2196998596191,17.198299407959,17.317314,17.534454,16.824549,0.0432464929623223,-2.62674755941642,1,1,-999,"False",140663.281016939,-12513.0454237293,1,135318.88,-13269.23,NA,"P",0.59875610619469,-0.058713407079646
13,"6237397355480509312",-45.49488,-95.42501,105.715262094527,-0.9462651880298,1.12591252215931,4.21100759699047,239.56192,-22.533796,15.9920997619629,15.454400062561,15.2253999710083,15.1129999160767,15.0315999984741,15.47366,15.912524,14.853157,0.846823968221225,2.75712778576068,1,1,-999,"False",-47610.5389830533,-92198.8374237288,1,-45494.88,-95425.01,NA,"P",-0.201304778761062,-0.422234557522124
14,"6243408969666105216",45.125,-50.11971,67.4407217894656,-0.595311585021217,2.30380166972941,3.38407205242896,239.98184,-22.34069,18.1135997772217,17.5632991790771,17.3111000061035,17.1821002960205,17.0827007293701,17.576235,17.963802,16.921968,-10.0477577677405,-6.00569858271499,1,1,-999,"False",47291.3810169382,-48556.8814237287,1,45125,-50119.71,NA,"P",0.19966814159292,-0.221768628318584
15,"6246547216368493184",-116.1773,164.74789,201.591250541144,0.576764008012417,-0.956600753616301,1.53336476162872,239.24675,-21.430815,15.5001001358032,14.9732999801636,14.7285995483398,14.6170997619629,14.5311002731323,14.971365,15.411437,14.353876,6.52728388773942,-3.8160242838549,1,1,-999,"False",-118838.958983059,157074.868576271,1,-116177.3,164747.89,NA,"P",-0.514058849557522,0.72897296460177
16,"6243230917504494208",180.28983,-67.28913,192.43765176697,4.4565063296702,2.78437682437325,1.67212950529696,240.59491,-22.407557,16.0410003662109,15.2962999343872,14.9920997619629,14.8470001220703,14.7353000640869,15.332039,15.908382,14.61478,-14.650141142256,-5.79520295637743,1,1,-999,"False",185845.201016943,-63668.8234237292,1,180289.83,-67289.13,NA,"P",0.797742610619469,-0.297739513274336
17,"6243141066788406144",119.73422,-177.09353,213.771845215569,0.387776925296242,2.16530627450834,4.50565595796749,240.31793,-22.868198,17.5293998718262,16.675500869751,16.2397003173828,15.9982004165649,15.8002996444702,16.616137,17.276056,15.799726,-4.43091788793287,-4.76133417702819,1,1,-999,"False",123247.721016941,-167773.689423729,1,119734.22,-177093.53,NA,"P",0.529797433628319,-0.783599690265487
18,"6243506276445529728",17.57635,71.64481,73.7692814066844,-0.191508398648809,4.4718139888849,1.61986291964588,239.85378,-21.818607,14.6068000793457,14.0621995925903,13.8388996124268,13.753399848938,13.6900997161865,14.076831,14.519955,13.474467,-11.3068147110668,-8.09396526548024,1,1,-999,"False",18349.821016937,69433.876576271,1,17576.35,71644.81,NA,"P",0.0777714601769911,0.317012433628319
19,"6246519934736000256",-149.16157,120.69958,191.87903110304,3.11927118734344,-0.680317626713701,3.79958881405714,239.09543,-21.614983,17.6599006652832,17.0240001678467,16.7178001403809,16.5830001831055,16.465799331665,17.041676,17.557447,16.343779,-0.759234720420418,-4.05885555553375,1,1,-999,"False",-153037.278983058,115452.900576271,1,-149161.57,120699.58,NA,"P",-0.660006946902655,0.534068938053097
20,"6237385226492267648",-94.46496,-166.40482,191.348354544882,2.57878281115871,1.05447938641129,1.52430342474743,239.34023,-22.827177,16.7222003936768,16.7290000915527,16.8127002716064,16.8504009246826,16.820499420166,16.674286,16.764814,16.450893,-5.37308753180564,-3.11892130456388,1,NA,NA,"",-97712.4789830586,-158502.943423729,0,-94464.96,-166404.82,NA,"P",-0.417986548672566,-0.736304513274336
21,"6243619972821588608",124.47052,176.50634,215.980087992542,2.41360403843115,4.09818822749329,4.59860111811745,240.33374,-21.383965,17.1898002624512,17.2623996734619,17.3973007202148,17.4747009277344,17.4505004882813,17.200605,17.274626,17.026464,-1.83819414408674,-3.89230095333115,1,NA,NA,"",126820.781016938,167662.968576271,0,124470.52,176506.34,NA,"P",0.550754513274336,0.781001504424779
NA,"Sky-A1-1",-226.46104,82.44066,NA,NA,NA,NA,238.7567286,-21.779233794,NA,NA,NA,NA,NA,NA,NA,NA,NA,NA,NA,NA,NA,"",NA,NA,NA,-226461.04,82440.66,1,"S",-1.00204,0.364781681415929
NA,"Sky-A1-2",-222.23219,93.24117,NA,NA,NA,NA,238.7759946,-21.734355608,NA,NA,NA,NA,NA,NA,NA,NA,NA,NA,NA,NA,NA,"",NA,NA,NA,-222232.19,93241.17,1,"S",-0.983328274336283,0.412571548672566
NA,"Sky-A1-3",-217.48859,103.8257,NA,NA,NA,NA,238.7975514,-21.690387269,NA,NA,NA,NA,NA,NA,NA,NA,NA,NA,NA,NA,NA,"",NA,NA,NA,-217488.59,103825.7,1,"S",-0.96233889380531,0.459405752212389
NA,"Sky-A1-4",-212.24121,114.16975,NA,NA,NA,NA,238.8213477,-21.647429849,NA,NA,NA,NA,NA,NA,NA,NA,NA,NA,NA,NA,NA,"",NA,NA,NA,-212241.21,114169.75,1,"S",-0.939120398230089,0.505175884955752
NA,"Sky-A1-5",-206.50222,124.24934,NA,NA,NA,NA,238.8473268,-21.605582172,NA,NA,NA,NA,NA,NA,NA,NA,NA,NA,NA,NA,NA,"",NA,NA,NA,-206502.22,124249.34,1,"S",-0.913726637168142,0.549775840707965
NA,"Sky-A1-6",-200.2849,134.04112,NA,NA,NA,NA,238.8754275,-21.564940362,NA,NA,NA,NA,NA,NA,NA,NA,NA,NA,NA,NA,NA,"",NA,NA,NA,-200284.9,134041.12,1,"S",-0.886216371681416,0.593102300884956
NA,"Sky-A1-7",-193.60365,143.52243,NA,NA,NA,NA,238.9055836,-21.525597608,NA,NA,NA,NA,NA,NA,NA,NA,NA,NA,NA,NA,NA,"",NA,NA,NA,-193603.65,143522.43,1,"S",-0.856653318584071,0.635055
NA,"Sky-A2-1",-3.01251,240.9813,NA,NA,NA,NA,239.7591655,-21.121930649,NA,NA,NA,NA,NA,NA,NA,NA,NA,NA,NA,NA,NA,"",NA,NA,NA,-3012.51,240981.3,1,"S",-0.0133296902654867,1.0662889380531
NA,"Sky-A2-2",8.5856,240.84715,NA,NA,NA,NA,239.8109594,-21.122503551,NA,NA,NA,NA,NA,NA,NA,NA,NA,NA,NA,NA,NA,"",NA,NA,NA,8585.6,240847.15,1,"S",0.0379893805309735,1.0656953539823
NA,"Sky-A2-3",20.16382,240.15512,NA,NA,NA,NA,239.8626646,-21.125385509,NA,NA,NA,NA,NA,NA,NA,NA,NA,NA,NA,NA,NA,"",NA,NA,NA,20163.82,240155.12,1,"S",0.0892204424778761,1.06263327433628
NA,"Sky-A2-4",31.69534,238.90682,NA,NA,NA,NA,239.9141635,-21.130569831,NA,NA,NA,NA,NA,NA,NA,NA,NA,NA,NA,NA,NA,"",NA,NA,NA,31695.34,238906.82,1,"S",0.140244867256637,1.05710982300885
NA,"Sky-A2-5",43.15344,237.10513,NA,NA,NA,NA,239.9653392,-21.138044654,NA,NA,NA,NA,NA,NA,NA,NA,NA,NA,NA,NA,NA,"",NA,NA,NA,43153.44,237105.13,1,"S",0.190944424778761,1.04913774336283
NA,"Sky-A2-6",54.51158,234.75423,NA,NA,NA,NA,240.0160752,-21.147792829,NA,NA,NA,NA,NA,NA,NA,NA,NA,NA,NA,NA,NA,"",NA,NA,NA,54511.58,234754.23,1,"S",0.241201681415929,1.03873553097345
NA,"Sky-A2-7",65.74346,231.85957,NA,NA,NA,NA,240.0662562,-21.159792039,NA,NA,NA,NA,NA,NA,NA,NA,NA,NA,NA,NA,NA,"",NA,NA,NA,65743.46,231859.57,1,"S",0.290900265486726,1.02592730088496
NA,"Sky-A3-1",231.67752,66.38214,NA,NA,NA,NA,240.811702,-21.846261186,NA,NA,NA,NA,NA,NA,NA,NA,NA,NA,NA,NA,NA,"",NA,NA,NA,231677.52,66382.14,1,"S",1.0251217699115,0.293726283185841
NA,"Sky-A3-2",234.60313,55.15828,NA,NA,NA,NA,240.8251367,-21.892906893,NA,NA,NA,NA,NA,NA,NA,NA,NA,NA,NA,NA,NA,"",NA,NA,NA,234603.13,55158.28,1,"S",1.03806694690265,0.244063185840708
NA,"Sky-A3-3",236.98531,43.80666,NA,NA,NA,NA,240.8361456,-21.940096027,NA,NA,NA,NA,NA,NA,NA,NA,NA,NA,NA,NA,NA,"",NA,NA,NA,236985.31,43806.66,1,"S",1.04860756637168,0.193834778761062
NA,"Sky-A3-4",238.81857,32.35357,NA,NA,NA,NA,240.8447012,-21.987719839,NA,NA,NA,NA,NA,NA,NA,NA,NA,NA,NA,NA,NA,"",NA,NA,NA,238818.57,32353.57,1,"S",1.05671933628319,0.143157389380531
NA,"Sky-A3-5",240.09865,20.82553,NA,NA,NA,NA,240.8507814,-22.03566851,NA,NA,NA,NA,NA,NA,NA,NA,NA,NA,NA,NA,NA,"",NA,NA,NA,240098.65,20825.53,1,"S",1.06238340707965,0.0921483628318584
NA,"Sky-A3-6",240.82258,9.24926,NA,NA,NA,NA,240.8543699,-22.083831269,NA,NA,NA,NA,NA,NA,NA,NA,NA,NA,NA,NA,NA,"",NA,NA,NA,240822.58,9249.26,1,"S",1.06558663716814,0.0409259292035398
NA,"Sky-A3-7",240.98869,2.34844,NA,NA,NA,NA,240.8553183,-22.112548437,NA,NA,NA,NA,NA,NA,NA,NA,NA,NA,NA,NA,NA,"",NA,NA,NA,240988.69,2348.44,1,"S",1.06632163716814,0.0103913274336283
NA,"Sky-A4-1",210.21182,-117.86456,NA,NA,NA,NA,240.7201928,-22.61361787,NA,NA,NA,NA,NA,NA,NA,NA,NA,NA,NA,NA,NA,"",NA,NA,NA,210211.82,-117864.56,1,"S",0.930140796460177,-0.521524601769911
NA,"Sky-A4-2",204.2974,-127.84223,NA,NA,NA,NA,240.6937924,-22.65527901,NA,NA,NA,NA,NA,NA,NA,NA,NA,NA,NA,NA,NA,"",NA,NA,NA,204297.4,-127842.23,1,"S",0.903970796460177,-0.565673584070796
NA,"Sky-A4-3",197.90977,-137.52377,NA,NA,NA,NA,240.6652361,-22.695714878,NA,NA,NA,NA,NA,NA,NA,NA,NA,NA,NA,NA,NA,"",NA,NA,NA,197909.77,-137523.77,1,"S",0.875706946902655,-0.608512256637168
NA,"Sky-A4-4",191.06371,-146.88677,NA,NA,NA,NA,240.6345888,-22.734830985,NA,NA,NA,NA,NA,NA,NA,NA,NA,NA,NA,NA,NA,"",NA,NA,NA,191063.71,-146886.77,1,"S",0.845414646017699,-0.649941460176991
NA,"Sky-A4-5",183.77509,-155.90952,NA,NA,NA,NA,240.6019206,-22.772535689,NA,NA,NA,NA,NA,NA,NA,NA,NA,NA,NA,NA,NA,"",NA,NA,NA,183775.09,-155909.52,1,"S",0.813164115044248,-0.689865132743363
NA,"Sky-A4-6",176.06079,-164.57115,NA,NA,NA,NA,240.5673064,-22.808740791,NA,NA,NA,NA,NA,NA,NA,NA,NA,NA,NA,NA,NA,"",NA,NA,NA,176060.79,-164571.15,1,"S",0.779030044247788,-0.72819092920354
NA,"Sky-A4-7",167.93867,-172.85157,NA,NA,NA,NA,240.5308259,-22.843361304,NA,NA,NA,NA,NA,NA,NA,NA,NA,NA,NA,NA,NA,"",NA,NA,NA,167938.67,-172851.57,1,"S",0.743091460176991,-0.764829955752212
NA,"Sky-A5-1",-148.4702,-189.83588,NA,NA,NA,NA,239.1015996,-22.914631769,NA,NA,NA,NA,NA,NA,NA,NA,NA,NA,NA,NA,NA,"",NA,NA,NA,-148470.2,-189835.88,1,"S",-0.656947787610619,-0.839981769911504
NA,"Sky-A5-2",-157.43205,-182.47249,NA,NA,NA,NA,239.0612402,-22.883829886,NA,NA,NA,NA,NA,NA,NA,NA,NA,NA,NA,NA,NA,"",NA,NA,NA,-157432.05,-182472.49,1,"S",-0.696601991150442,-0.807400398230088
NA,"Sky-A5-3",-166.02924,-174.68645,NA,NA,NA,NA,239.022553,-22.851265095,NA,NA,NA,NA,NA,NA,NA,NA,NA,NA,NA,NA,NA,"",NA,NA,NA,-166029.24,-174686.45,1,"S",-0.734642654867257,-0.77294889380531
NA,"Sky-A5-4",-174.24185,-166.49577,NA,NA,NA,NA,238.985628,-22.817013762,NA,NA,NA,NA,NA,NA,NA,NA,NA,NA,NA,NA,NA,"",NA,NA,NA,-174241.85,-166495.77,1,"S",-0.770981637168142,-0.736706946902655
NA,"Sky-A5-5",-182.05086,-157.91943,NA,NA,NA,NA,238.9505507,-22.7811563,NA,NA,NA,NA,NA,NA,NA,NA,NA,NA,NA,NA,NA,"",NA,NA,NA,-182050.86,-157919.43,1,"S",-0.805534778761062,-0.698758539823009
NA,"Sky-A5-6",-189.43818,-148.97731,NA,NA,NA,NA,238.9174023,-22.743776869,NA,NA,NA,NA,NA,NA,NA,NA,NA,NA,NA,NA,NA,"",NA,NA,NA,-189438.18,-148977.31,1,"S",-0.83822203539823,-0.659191637168142
NA,"Sky-A5-7",-196.38671,-139.6901,NA,NA,NA,NA,238.886259,-22.704962995,NA,NA,NA,NA,NA,NA,NA,NA,NA,NA,NA,NA,NA,"",NA,NA,NA,-196386.71,-139690.1,1,"S",-0.868967743362832,-0.61809778761062
NA,"Sky-H1-1",-181.17025,158.92893,NA,NA,NA,NA,238.9616114,-21.461690495,NA,NA,NA,NA,NA,NA,NA,NA,NA,NA,NA,NA,NA,"",NA,NA,NA,-181170.25,158928.93,1,"S",-0.801638274336283,0.703225353982301
NA,"Sky-H1-2",-173.31368,167.46173,NA,NA,NA,NA,238.9969651,-21.426308028,NA,NA,NA,NA,NA,NA,NA,NA,NA,NA,NA,NA,NA,"",NA,NA,NA,-173313.68,167461.73,1,"S",-0.766874690265487,0.74098110619469
NA,"Sky-H1-3",-165.05567,175.60663,NA,NA,NA,NA,239.0340908,-21.392542321,NA,NA,NA,NA,NA,NA,NA,NA,NA,NA,NA,NA,NA,"",NA,NA,NA,-165055.67,175606.63,1,"S",-0.73033482300885,0.777020486725664
NA,"Sky-H1-4",-156.41534,183.34477,NA,NA,NA,NA,239.0729026,-21.360470582,NA,NA,NA,NA,NA,NA,NA,NA,NA,NA,NA,NA,NA,"",NA,NA,NA,-156415.34,183344.77,1,"S",-0.692103274336283,0.811260044247788
NA,"Sky-H1-5",-147.4127,190.65822,NA,NA,NA,NA,239.1133108,-21.330166146,NA,NA,NA,NA,NA,NA,NA,NA,NA,NA,NA,NA,NA,"",NA,NA,NA,-147412.7,190658.22,1,"S",-0.652268584070796,0.843620442477876
NA,"Sky-H1-6",-138.06861,197.53006,NA,NA,NA,NA,239.1552222,-21.301698161,NA,NA,NA,NA,NA,NA,NA,NA,NA,NA,NA,NA,NA,"",NA,NA,NA,-138068.61,197530.06,1,"S",-0.610923053097345,0.874026814159292
NA,"Sky-H1-7",-128.4047,203.94434,NA,NA,NA,NA,239.1985404,-21.275131746,NA,NA,NA,NA,NA,NA,NA,NA,NA,NA,NA,NA,NA,"",NA,NA,NA,-128404.7,203944.34,1,"S",-0.568162389380531,0.902408584070796
NA,"Sky-H1-8",-118.44464,209.88551,NA,NA,NA,NA,239.2431602,-21.250530385,NA,NA,NA,NA,NA,NA,NA,NA,NA,NA,NA,NA,NA,"",NA,NA,NA,-118444.64,209885.51,1,"S",-0.524091327433628,0.928696946902655
NA,"Sky-H2-1",-100.81652,218.89973,NA,NA,NA,NA,239.3220769,-21.213215364,NA,NA,NA,NA,NA,NA,NA,NA,NA,NA,NA,NA,NA,"",NA,NA,NA,-100816.52,218899.73,1,"S",-0.446090796460177,0.968582876106195
NA,"Sky-H2-2",-90.16757,223.49692,NA,NA,NA,NA,239.3697206,-21.194191025,NA,NA,NA,NA,NA,NA,NA,NA,NA,NA,NA,NA,NA,"",NA,NA,NA,-90167.57,223496.92,1,"S",-0.398971548672566,0.988924424778761
NA,"Sky-H2-3",-79.30977,227.57641,NA,NA,NA,NA,239.4182798,-21.177313254,NA,NA,NA,NA,NA,NA,NA,NA,NA,NA,NA,NA,NA,"",NA,NA,NA,-79309.77,227576.41,1,"S",-0.350928185840708,1.00697526548673
NA,"Sky-H2-4",-68.26826,231.12877,NA,NA,NA,NA,239.4676438,-21.162620369,NA,NA,NA,NA,NA,NA,NA,NA,NA,NA,NA,NA,NA,"",NA,NA,NA,-68268.26,231128.77,1,"S",-0.302071946902655,1.02269367256637
NA,"Sky-H2-5",-57.06862,234.14576,NA,NA,NA,NA,239.5176999,-21.150145814,NA,NA,NA,NA,NA,NA,NA,NA,NA,NA,NA,NA,NA,"",NA,NA,NA,-57068.62,234145.76,1,"S",-0.252516017699115,1.03604318584071
NA,"Sky-H2-6",-45.73679,236.62039,NA,NA,NA,NA,239.5683341,-21.13991793,NA,NA,NA,NA,NA,NA,NA,NA,NA,NA,NA,NA,NA,"",NA,NA,NA,-45736.79,236620.39,1,"S",-0.20237517699115,1.04699287610619
NA,"Sky-H2-7",-34.29902,238.54693,NA,NA,NA,NA,239.6194313,-21.131959915,NA,NA,NA,NA,NA,NA,NA,NA,NA,NA,NA,NA,NA,"",NA,NA,NA,-34299.02,238546.93,1,"S",-0.151765575221239,1.05551738938053
NA,"Sky-H2-8",-22.78326,239.92079,NA,NA,NA,NA,239.6708685,-21.126290325,NA,NA,NA,NA,NA,NA,NA,NA,NA,NA,NA,NA,NA,"",NA,NA,NA,-22783.26,239920.79,1,"S",-0.100810884955752,1.0615964159292
NA,"Sky-H3-1",184.61356,154.91577,NA,NA,NA,NA,240.5987187,-21.47872916,NA,NA,NA,NA,NA,NA,NA,NA,NA,NA,NA,NA,NA,"",NA,NA,NA,184613.56,154915.77,1,"S",0.816874159292035,0.685468008849557
NA,"Sky-H3-2",191.8534,145.85382,NA,NA,NA,NA,240.6313129,-21.5163167,NA,NA,NA,NA,NA,NA,NA,NA,NA,NA,NA,NA,NA,"",NA,NA,NA,191853.4,145853.82,1,"S",0.848908849557522,0.645370884955752
NA,"Sky-H3-3",198.64884,136.45402,NA,NA,NA,NA,240.6619414,-21.555312793,NA,NA,NA,NA,NA,NA,NA,NA,NA,NA,NA,NA,NA,"",NA,NA,NA,198648.84,136454.02,1,"S",0.878977168141593,0.603778849557522
NA,"Sky-H3-4",204.98415,126.73816,NA,NA,NA,NA,240.6905328,-21.595628018,NA,NA,NA,NA,NA,NA,NA,NA,NA,NA,NA,NA,NA,"",NA,NA,NA,204984.15,126738.16,1,"S",0.907009513274336,0.560788318584071
NA,"Sky-H3-5",210.84465,116.72873,NA,NA,NA,NA,240.7170201,-21.637170008,NA,NA,NA,NA,NA,NA,NA,NA,NA,NA,NA,NA,NA,"",NA,NA,NA,210844.65,116728.73,1,"S",0.93294092920354,0.516498805309734
NA,"Sky-H3-6",216.21677,106.44891,NA,NA,NA,NA,240.7413409,-21.679843486,NA,NA,NA,NA,NA,NA,NA,NA,NA,NA,NA,NA,NA,"",NA,NA,NA,216216.77,106448.91,1,"S",0.956711371681416,0.471012876106195
NA,"Sky-H3-7",221.08806,95.92253,NA,NA,NA,NA,240.7634378,-21.723550423,NA,NA,NA,NA,NA,NA,NA,NA,NA,NA,NA,NA,NA,"",NA,NA,NA,221088.06,95922.53,1,"S",0.978265752212389,0.424435973451327
NA,"Sky-H3-8",225.44672,85.17533,NA,NA,NA,NA,240.7832559,-21.768184785,NA,NA,NA,NA,NA,NA,NA,NA,NA,NA,NA,NA,NA,"",NA,NA,NA,225446.72,85175.33,1,"S",0.99755185840708,0.376881991150442
NA,"Sky-H4-1",239.9828,-22.12059,NA,NA,NA,NA,240.8515173,-22.214413816,NA,NA,NA,NA,NA,NA,NA,NA,NA,NA,NA,NA,NA,"",NA,NA,NA,239982.8,-22120.59,1,"S",1.06187079646018,-0.0978787168141593
NA,"Sky-H4-2",238.64054,-33.64155,NA,NA,NA,NA,240.8458214,-22.262397643,NA,NA,NA,NA,NA,NA,NA,NA,NA,NA,NA,NA,NA,"",NA,NA,NA,238640.54,-33641.55,1,"S",1.05593159292035,-0.148856415929204
NA,"Sky-H4-3",236.74552,-45.08459,NA,NA,NA,NA,240.8376342,-22.310070892,NA,NA,NA,NA,NA,NA,NA,NA,NA,NA,NA,NA,NA,"",NA,NA,NA,236745.52,-45084.59,1,"S",1.04754654867257,-0.199489336283186
NA,"Sky-H4-4",234.30213,-56.42319,NA,NA,NA,NA,240.8269724,-22.357322892,NA,NA,NA,NA,NA,NA,NA,NA,NA,NA,NA,NA,NA,"",NA,NA,NA,234302.13,-56423.19,1,"S",1.03673508849558,-0.249660132743363
NA,"Sky-H4-5",231.31601,-67.6311,NA,NA,NA,NA,240.8138583,-22.404043971,NA,NA,NA,NA,NA,NA,NA,NA,NA,NA,NA,NA,NA,"",NA,NA,NA,231316.01,-67631.1,1,"S",1.02352216814159,-0.299252654867257
NA,"Sky-H4-6",227.79409,-78.68236,NA,NA,NA,NA,240.7983201,-22.450125535,NA,NA,NA,NA,NA,NA,NA,NA,NA,NA,NA,NA,NA,"",NA,NA,NA,227794.09,-78682.36,1,"S",1.00793845132743,-0.34815203539823
NA,"Sky-H4-7",223.74453,-89.55136,NA,NA,NA,NA,240.7803918,-22.495460329,NA,NA,NA,NA,NA,NA,NA,NA,NA,NA,NA,NA,NA,"",NA,NA,NA,223744.53,-89551.36,1,"S",0.990020044247788,-0.396244955752212
NA,"Sky-H4-8",219.17732,-100.21161,NA,NA,NA,NA,240.7601155,-22.539937301,NA,NA,NA,NA,NA,NA,NA,NA,NA,NA,NA,NA,NA,"",NA,NA,NA,219177.32,-100211.61,1,"S",0.969811150442478,-0.443414203539823
NA,"Sky-H5-1",41.83481,-237.34134,NA,NA,NA,NA,239.9618162,-23.113341877,NA,NA,NA,NA,NA,NA,NA,NA,NA,NA,NA,NA,NA,"",NA,NA,NA,41834.81,-237341.34,1,"S",0.185109778761062,-1.05018292035398
NA,"Sky-H5-2",30.36687,-239.07931,NA,NA,NA,NA,239.9099426,-23.120633775,NA,NA,NA,NA,NA,NA,NA,NA,NA,NA,NA,NA,NA,"",NA,NA,NA,30366.87,-239079.31,1,"S",0.134366681415929,-1.05787305309735
NA,"Sky-H5-3",18.8286,-240.26349,NA,NA,NA,NA,239.8577428,-23.125606407,NA,NA,NA,NA,NA,NA,NA,NA,NA,NA,NA,NA,NA,"",NA,NA,NA,18828.6,-240263.49,1,"S",0.083312389380531,-1.06311278761062
NA,"Sky-H5-4",7.2467,-240.89115,NA,NA,NA,NA,239.8053401,-23.128247984,NA,NA,NA,NA,NA,NA,NA,NA,NA,NA,NA,NA,NA,"",NA,NA,NA,7246.7,-240891.15,1,"S",0.0320650442477876,-1.06589004424779
NA,"Sky-H5-5",-4.35197,-240.96083,NA,NA,NA,NA,239.7528584,-23.128552139,NA,NA,NA,NA,NA,NA,NA,NA,NA,NA,NA,NA,NA,"",NA,NA,NA,-4351.97,-240960.83,1,"S",-0.0192565044247788,-1.06619836283186
NA,"Sky-H5-6",-15.94057,-240.47237,NA,NA,NA,NA,239.7004218,-23.126518056,NA,NA,NA,NA,NA,NA,NA,NA,NA,NA,NA,NA,NA,"",NA,NA,NA,-15940.57,-240472.37,1,"S",-0.0705334955752212,-1.06403703539823
NA,"Sky-H5-7",-27.49224,-239.4269,NA,NA,NA,NA,239.6481542,-23.122150425,NA,NA,NA,NA,NA,NA,NA,NA,NA,NA,NA,NA,NA,"",NA,NA,NA,-27492.24,-239426.9,1,"S",-0.121647079646018,-1.0594110619469
NA,"Sky-H5-8",-38.97879,-237.82707,NA,NA,NA,NA,239.5961856,-23.115460411,NA,NA,NA,NA,NA,NA,NA,NA,NA,NA,NA,NA,NA,"",NA,NA,NA,-38978.79,-237827.07,1,"S",-0.172472522123894,-1.05233216814159
NA,"Sky-H6-1",-58.36925,-233.82492,NA,NA,NA,NA,239.5084746,-23.09871547,NA,NA,NA,NA,NA,NA,NA,NA,NA,NA,NA,NA,NA,"",NA,NA,NA,-58369.25,-233824.92,1,"S",-0.258271017699115,-1.03462353982301
NA,"Sky-H6-2",-69.55194,-230.74573,NA,NA,NA,NA,239.4579048,-23.085829083,NA,NA,NA,NA,NA,NA,NA,NA,NA,NA,NA,NA,NA,"",NA,NA,NA,-69551.94,-230745.73,1,"S",-0.307751946902655,-1.02099880530973
NA,"Sky-H6-3",-80.57354,-227.13205,NA,NA,NA,NA,239.4080767,-23.070704667,NA,NA,NA,NA,NA,NA,NA,NA,NA,NA,NA,NA,NA,"",NA,NA,NA,-80573.54,-227132.05,1,"S",-0.356520088495575,-1.00500907079646
NA,"Sky-H6-4",-91.4085,-222.99226,NA,NA,NA,NA,239.3591079,-23.053377846,NA,NA,NA,NA,NA,NA,NA,NA,NA,NA,NA,NA,NA,"",NA,NA,NA,-91408.5,-222992.26,1,"S",-0.404462389380531,-0.986691415929204
NA,"Sky-H6-5",-102.03172,-218.33596,NA,NA,NA,NA,239.3111138,-23.033889438,NA,NA,NA,NA,NA,NA,NA,NA,NA,NA,NA,NA,NA,"",NA,NA,NA,-102031.72,-218335.96,1,"S",-0.45146778761062,-0.966088318584071
NA,"Sky-H6-6",-112.41861,-213.17391,NA,NA,NA,NA,239.2642072,-23.0122852,NA,NA,NA,NA,NA,NA,NA,NA,NA,NA,NA,NA,NA,"",NA,NA,NA,-112418.61,-213173.91,1,"S",-0.497427477876106,-0.943247389380531
NA,"Sky-H6-7",-122.54511,-207.51809,NA,NA,NA,NA,239.2184983,-22.988616053,NA,NA,NA,NA,NA,NA,NA,NA,NA,NA,NA,NA,NA,"",NA,NA,NA,-122545.11,-207518.09,1,"S",-0.542235,-0.918221637168142
NA,"Sky-H6-8",-132.38652,-201.3824,NA,NA,NA,NA,239.1740999,-22.962941026,NA,NA,NA,NA,NA,NA,NA,NA,NA,NA,NA,NA,NA,"",NA,NA,NA,-132386.52,-201382.4,1,"S",-0.585781061946903,-0.891072566371681
NA,"Sky-H7-1",-207.18967,-123.09956,NA,NA,NA,NA,238.8379268,-22.635647308,NA,NA,NA,NA,NA,NA,NA,NA,NA,NA,NA,NA,NA,"",NA,NA,NA,-207189.67,-123099.56,1,"S",-0.916768451327434,-0.544688318584071
NA,"Sky-H7-2",-212.87255,-112.98823,NA,NA,NA,NA,238.8125558,-22.593415229,NA,NA,NA,NA,NA,NA,NA,NA,NA,NA,NA,NA,NA,"",NA,NA,NA,-212872.55,-112988.23,1,"S",-0.941913938053097,-0.499947920353982
NA,"Sky-H7-3",-218.06235,-102.61518,NA,NA,NA,NA,238.7894293,-22.550100619,NA,NA,NA,NA,NA,NA,NA,NA,NA,NA,NA,NA,NA,"",NA,NA,NA,-218062.35,-102615.18,1,"S",-0.964877654867257,-0.454049469026549
NA,"Sky-H7-4",-222.74704,-92.00444,NA,NA,NA,NA,238.7685993,-22.505804682,NA,NA,NA,NA,NA,NA,NA,NA,NA,NA,NA,NA,NA,"",NA,NA,NA,-222747.04,-92004.44,1,"S",-0.985606371681416,-0.407099292035398
NA,"Sky-H7-5",-226.91579,-81.18059,NA,NA,NA,NA,238.7501124,-22.460630831,NA,NA,NA,NA,NA,NA,NA,NA,NA,NA,NA,NA,NA,"",NA,NA,NA,-226915.79,-81180.59,1,"S",-1.00405216814159,-0.359206150442478
NA,"Sky-H7-6",-230.55892,-70.1687,NA,NA,NA,NA,238.7340097,-22.414684433,NA,NA,NA,NA,NA,NA,NA,NA,NA,NA,NA,NA,NA,"",NA,NA,NA,-230558.92,-70168.7,1,"S",-1.02017221238938,-0.310480973451327
NA,"Sky-H7-7",-233.66801,-58.99428,NA,NA,NA,NA,238.7203264,-22.368072583,NA,NA,NA,NA,NA,NA,NA,NA,NA,NA,NA,NA,NA,"",NA,NA,NA,-233668.01,-58994.28,1,"S",-1.03392924778761,-0.261036637168142
NA,"Sky-H7-8",-236.23556,-47.68464,NA,NA,NA,NA,238.7090936,-22.320909775,NA,NA,NA,NA,NA,NA,NA,NA,NA,NA,NA,NA,NA,"",NA,NA,NA,-236235.56,-47684.64,1,"S",-1.04529008849558,-0.210993982300885
