#OBSTEMP,8
#CONFIGTEMP,19
#EQUINOX,J2000.0
#CENTRE,16 00 29.89,-22 05 13.2 #Field centre
#UTTIME,12 00 00.00 #Target observing time
#UTDATE,2021 07 10 #Target observing date
#PLATEID,a test_plateID
#LABEL,240_m20_comissioning Tile 007
#TILING_DATE,2021 06 07 # Date the tile was created/configured
#PROXIMITY,220 # tiling proximity value in arcseconds
"probe","ID","x","y","rads","angs","azAngs","angs_azAng","RA","DEC","g_mag","r_mag","i_mag","z_mag","y_mag","GAIA_g_mag","GAIA_bp_mag","GAIA_rp_mag","pmRA","pmDEC","priority","remaining_observations","Tile_number","COMPLETED","MagnetX_noDC","MagnetY_noDC","type","MagnetX","MagnetY","Position","fibre_type","fraction_plate_radius_X","fraction_plate_radius_Y"
1,"6243349699119376512",81.85638,21.51791,84.6373877046811,3.81841752138553,3.39865079612236,0.419766725263175,240.50264,-21.99442,15.9872999191284,15.1946001052856,14.8133001327515,14.6061000823975,14.4718999862671,15.189774,15.814717,14.421877,-8.62076608655353,-2.55520616630896,1,1,-999,"False",85454.7743529312,20922.0829411759,1,81856.38,21517.91,NA,"P",0.362196371681416,0.0952119911504425
2,"6243536478655791104",-94.13338,150.06775,177.148025166206,0.349870598404277,-1.01056448808681,1.36043508649109,239.69638,-21.451113,17.7672004699707,17.1681995391846,16.8894996643066,16.7616996765137,16.6567001342773,17.186533,17.669401,16.519402,-5.70839425649882,-4.84392954642994,1,1,-999,"False",-96759.9856470708,143709.464941176,1,-94133.38,150067.75,NA,"P",-0.416519380530973,0.664016592920354
3,"6243461196468636032",26.12998,53.14816,59.22417383287,1.47746216036277,4.25544839771957,3.50519906982279,240.2454,-21.858786,18.511999130249,17.7936992645264,17.4768009185791,17.3318996429443,17.2311992645264,17.826895,18.41233,17.109215,-8.92069562609642,-2.91239959104615,1,1,-999,"False",27318.5343529321,51575.3669411766,1,26129.98,53148.16,NA,"P",0.115619380530973,0.235168849557522
4,"6243492979226360704",-196.5646,43.22888,201.261963716979,2.28782613212696,-0.216475904862422,2.50430203698938,239.23195,-21.902401,17.8953990936279,17.054500579834,16.6536998748779,16.4368991851807,16.2975997924805,17.056883,17.710443,16.258532,-5.85229866502959,-5.20895997831546,1,1,-999,"False",-201721.165647063,41718.376941176,1,-196564.6,43228.88,NA,"P",-0.869754867256637,0.191278230088496
5,"6243247375819323776",77.84671,-45.55767,90.1976249889818,1.16349916472126,2.61210960309937,4.83457486880148,240.4846,-22.281614,17.0130004882813,16.37619972229,16.113000869751,15.9609003067017,15.8729000091553,16.38899,16.882633,15.720004,0.542557410297177,-0.0390842528900147,1,1,-999,"False",81377.7343529346,-43983.761058824,1,77846.71,-45557.67,NA,"P",0.344454469026549,-0.201582610619469
6,"6243440924222820352",33.89576,-7.2483,34.6620887839669,1.4170680321839,2.93092464000717,4.76932869935631,240.28192,-22.11811,17.486499786377,16.9447002410889,16.7061004638672,16.5909004211426,16.5116996765137,16.963907,17.400488,16.332142,-5.64665440367947,-5.45440223745613,1,1,-999,"False",35572.0543529376,-7031.85705882405,1,33895.76,-7248.3,NA,"P",0.149981238938053,-0.0320721238938053
7,"6243465040458433280",-1.73078,63.26609,63.2897601772712,-0.250967076692609,-1.54344599719578,1.29247892050317,240.11653,-21.815464,17.8022994995117,17.1744995117188,16.8514995574951,16.6828002929688,16.5620002746582,17.176731,17.704103,16.455425,-3.81587459042872,-3.38057919489692,1,1,-999,"False",-1806.08564706927,61366.1389411758,1,-1730.78,63266.09,NA,"P",-0.0076583185840708,0.279938451327434
8,"6243595027651087488",107.29531,164.72359,196.586227011162,2.61232506188081,4.13505423103071,4.76045613802969,240.61049,-21.391655,18.3295001983643,17.6446990966797,17.3278007507324,17.1816997528076,17.0499000549316,17.673475,18.212894,16.936386,-0.525880070046462,-2.23137067833525,1,1,-999,"False",109828.874352934,157146.972941176,1,107295.31,164723.59,NA,"P",0.474758008849558,0.728865442477876
9,"6243608080049354496",-1.51244,108.29425,108.30481087106,-0.024225561632619,-1.55683121158519,1.53260564995257,240.11758,-21.623837,17.6131992340088,17.0765991210938,16.8509006500244,16.7483997344971,16.6877002716064,17.103146,17.534147,16.48283,-5.28536682944316,-1.49672943082531,1,1,-999,"False",-1568.78564707102,104673.840941177,1,-1512.44,108294.25,NA,"P",-0.00669221238938053,0.479178097345133
10,"6243149450564642560",60.64609,-153.94235,165.45753339093,0.87117988732246,1.94607914931676,5.20828604518529,240.40327,-22.739408,17.4095001220703,16.8267002105713,16.5879993438721,16.4979000091553,16.4235992431641,16.86571,17.312683,16.22608,-6.87896535716211,-2.76889900909335,1,1,-999,"False",62997.1543529392,-147445.205058823,1,60646.09,-153942.35,NA,"P",0.268345530973451,-0.681160840707965
11,"6243410618933582336",-47.88217,-57.39043,74.7419805697829,1.84749418480669,0.875474122618091,0.972020062188597,239.9026,-22.33286,17.4920997619629,16.8446998596191,16.5918998718262,16.4710006713867,16.368200302124,16.88917,17.35861,16.211052,-2.72183594497793,1.43147409595618,1,1,-999,"False",-50154.2656470639,-55565.3570588237,1,-47882.17,-57390.43,NA,"P",-0.211868008849558,-0.253939955752212
12,"6243543591122395136",49.53215,61.67508,79.1027773003508,3.47923341760591,4.03575184612927,5.72666687865623,240.3532,-21.822527,17.0702991485596,16.3418006896973,16.0265998840332,15.8668003082275,15.7531995773315,16.365913,16.940968,15.643726,-1.22388452954005,1.07336484661083,1,1,-999,"False",51681.3343529316,59769.9009411769,1,49532.15,61675.08,NA,"P",0.219168805309735,0.272898584070796
13,"6243615128097755136",7.64118,147.9606,148.157776657698,2.79286594586768,4.66079147569784,4.41525977734943,240.15948,-21.457388,17.9694004058838,17.398099899292,17.1608009338379,17.0513000488281,16.9599990844727,17.431973,17.893234,16.78075,-3.49806882345206,-10.1684285068954,1,1,-999,"False",7900.61435292859,142291.314941176,1,7641.18,147960.6,NA,"P",0.0338105309734513,0.654692920353982
14,"6243471676188514176",-170.89224,-27.94683,173.162302477377,-1.05142742659719,0.162099926605357,5.06965795397704,239.34271,-22.203463,17.1222991943359,16.3302001953125,15.9931001663208,15.816499710083,15.6911001205444,16.362074,16.971125,15.614825,4.56875532123385,-1.57580676425108,1,1,-999,"False",-176689.405647063,-26321.6350588236,1,-170892.24,-27946.83,NA,"P",-0.756160353982301,-0.123658539823009
15,"6237410583979795072",-135.39104,-88.46956,161.733103472589,2.48612953130121,0.578787828858057,1.90734170244315,239.50275,-22.461239,17.7903995513916,17.1965007781982,16.9486999511719,16.8187007904053,16.7155990600586,17.233503,17.65986,16.547796,-4.34770245344405,0.370023670652807,1,1,-999,"False",-140520.365647067,-84579.0110588243,1,-135391.04,-88469.56,NA,"P",-0.599075398230088,-0.391458230088496
16,"6243383406023344512",177.96754,78.33082,194.443211903949,1.04164082157397,3.55621769431624,3.76860843443732,240.93243,-21.754799,18.9043006896973,17.7597007751465,17.1725997924805,16.8701000213623,16.6802997589111,17.705633,18.53131,16.763964,8.77418042482064,0.0371963389411507,1,1,-999,"False",182587.31435293,75076.4289411766,1,177967.54,78330.82,NA,"P",0.787466991150442,0.346596548672566
17,"6237181267087478656",-38.08835,-214.2606,217.619684583179,-0.888067027423634,1.3948676650709,4.00025061468506,239.951,-22.985365,17.1741008758545,16.6446990966797,16.4244995117188,16.3290996551514,16.2574996948242,16.669722,17.110811,16.06301,-2.98408178992829,1.80921884602398,1,1,-999,"False",-39215.8656470669,-203031.487058823,1,-38088.35,-214260.6,NA,"P",-0.168532522123894,-0.948055752212389
18,"6243617361481456000",47.65904,150.98412,158.327472618924,2.7434800659489,4.40663150428271,4.62003386884578,240.34204,-21.445534,17.6380996704102,16.8404006958008,16.5254001617432,16.3658008575439,16.2486000061035,16.891495,17.488016,16.148794,6.56521067439883,-9.80036007051735,1,1,-999,"False",49159.1743529339,144970.318941177,1,47659.04,150984.12,NA,"P",0.210880707964602,0.668071327433628
19,"6246504026177654272",-183.57243,79.89254,200.204033435284,2.11130453573512,-0.410486648870728,2.52179118460584,239.2916,-21.74815,17.9493999481201,17.2672996520996,16.9687004089355,16.8290996551514,16.7133007049561,17.294449,17.827452,16.592491,-3.61751787473054,-6.5449930269071,1,1,-999,"False",-188240.265647068,76579.1029411765,1,-183572.43,79892.54,NA,"P",-0.812267389380531,0.353506814159292
20,"6243180099451824000",166.56991,-96.57398,192.541082708207,0.455535526135589,2.61617314854856,4.12254768476661,240.88467,-22.492474,17.2486000061035,17.1520004272461,17.1511993408203,17.1375007629395,17.0813007354736,17.12541,17.275198,16.786482,-0.955638154959093,-1.75819020353251,1,NA,NA,"",171793.554352941,-91638.1210588232,0,166569.91,-96573.98,NA,"P",0.737035,-0.427318495575221
21,"6243171028480235776",140.55593,-131.36342,192.38585595688,0.543260938586524,2.38998763703019,4.43645860873592,240.76662,-22.639654,17.092399597168,16.9125995635986,16.8784008026123,16.7695999145508,16.7541007995605,16.85673,17.030388,16.472578,-2.56889412582765,-7.3140577554951,1,NA,NA,"",145114.254352938,-124900.801058824,0,140555.93,-131363.42,NA,"P",0.62192889380531,-0.58125407079646
NA,"Sky-A1-1",-226.46104,82.44066,NA,NA,NA,NA,239.1089407,-21.740397106,NA,NA,NA,NA,NA,NA,NA,NA,NA,NA,NA,NA,NA,"",NA,NA,NA,-226461.04,82440.66,1,"S",-1.00204,0.364781681415929
NA,"Sky-A1-2",-226.8427,95.17558,NA,NA,NA,NA,239.1089983,-21.687893687,NA,NA,NA,NA,NA,NA,NA,NA,NA,NA,NA,NA,NA,"",NA,NA,NA,-226842.7,95175.58,0,"S",-1.00372876106195,0.421130884955752
NA,"Sky-A1-3",-217.48859,103.8257,NA,NA,NA,NA,239.1497514,-21.651550176,NA,NA,NA,NA,NA,NA,NA,NA,NA,NA,NA,NA,NA,"",NA,NA,NA,-217488.59,103825.7,1,"S",-0.96233889380531,0.459405752212389
NA,"Sky-A1-4",-212.24121,114.16975,NA,NA,NA,NA,239.1735408,-21.608592529,NA,NA,NA,NA,NA,NA,NA,NA,NA,NA,NA,NA,NA,"",NA,NA,NA,-212241.21,114169.75,1,"S",-0.939120398230089,0.505175884955752
NA,"Sky-A1-5",-206.50222,124.24934,NA,NA,NA,NA,239.1995125,-21.566744611,NA,NA,NA,NA,NA,NA,NA,NA,NA,NA,NA,NA,NA,"",NA,NA,NA,-206502.22,124249.34,1,"S",-0.913726637168142,0.549775840707965
NA,"Sky-A1-6",-200.2849,134.04112,NA,NA,NA,NA,239.2276052,-21.52610255,NA,NA,NA,NA,NA,NA,NA,NA,NA,NA,NA,NA,NA,"",NA,NA,NA,-200284.9,134041.12,1,"S",-0.886216371681416,0.593102300884956
NA,"Sky-A1-7",-193.60365,143.52243,NA,NA,NA,NA,239.2577529,-21.486759536,NA,NA,NA,NA,NA,NA,NA,NA,NA,NA,NA,NA,NA,"",NA,NA,NA,-193603.65,143522.43,1,"S",-0.856653318584071,0.635055
NA,"Sky-A2-1",-3.01251,240.9813,NA,NA,NA,NA,240.1111072,-21.083089684,NA,NA,NA,NA,NA,NA,NA,NA,NA,NA,NA,NA,NA,"",NA,NA,NA,-3012.51,240981.3,1,"S",-0.0133296902654867,1.0662889380531
NA,"Sky-A2-2",8.5856,240.84715,NA,NA,NA,NA,240.1628875,-21.083662688,NA,NA,NA,NA,NA,NA,NA,NA,NA,NA,NA,NA,NA,"",NA,NA,NA,8585.6,240847.15,1,"S",0.0379893805309735,1.0656953539823
NA,"Sky-A2-3",20.16382,240.15512,NA,NA,NA,NA,240.2145791,-21.08654478,NA,NA,NA,NA,NA,NA,NA,NA,NA,NA,NA,NA,NA,"",NA,NA,NA,20163.82,240155.12,1,"S",0.0892204424778761,1.06263327433628
NA,"Sky-A2-4",31.69534,238.90682,NA,NA,NA,NA,240.2660645,-21.091729266,NA,NA,NA,NA,NA,NA,NA,NA,NA,NA,NA,NA,NA,"",NA,NA,NA,31695.34,238906.82,1,"S",0.140244867256637,1.05710982300885
NA,"Sky-A2-5",43.15344,237.10513,NA,NA,NA,NA,240.3172267,-21.099204283,NA,NA,NA,NA,NA,NA,NA,NA,NA,NA,NA,NA,NA,"",NA,NA,NA,43153.44,237105.13,1,"S",0.190944424778761,1.04913774336283
NA,"Sky-A2-6",54.51158,234.75423,NA,NA,NA,NA,240.3679493,-21.108952681,NA,NA,NA,NA,NA,NA,NA,NA,NA,NA,NA,NA,NA,"",NA,NA,NA,54511.58,234754.23,1,"S",0.241201681415929,1.03873553097345
NA,"Sky-A2-7",65.19784,229.9353,NA,NA,NA,NA,240.4158547,-21.1284476,NA,NA,NA,NA,NA,NA,NA,NA,NA,NA,NA,NA,NA,"",NA,NA,NA,65197.84,229935.3,2,"S",0.288486017699115,1.01741283185841
NA,"Sky-A3-1",231.67752,66.38214,NA,NA,NA,NA,241.1633554,-21.807428521,NA,NA,NA,NA,NA,NA,NA,NA,NA,NA,NA,NA,NA,"",NA,NA,NA,231677.52,66382.14,1,"S",1.0251217699115,0.293726283185841
NA,"Sky-A3-2",234.60313,55.15828,NA,NA,NA,NA,241.1767856,-21.854074418,NA,NA,NA,NA,NA,NA,NA,NA,NA,NA,NA,NA,NA,"",NA,NA,NA,234603.13,55158.28,1,"S",1.03806694690265,0.244063185840708
NA,"Sky-A3-3",236.98531,43.80666,NA,NA,NA,NA,241.1877907,-21.90126371,NA,NA,NA,NA,NA,NA,NA,NA,NA,NA,NA,NA,NA,"",NA,NA,NA,236985.31,43806.66,1,"S",1.04860756637168,0.193834778761062
NA,"Sky-A3-4",238.81857,32.35357,NA,NA,NA,NA,241.1963431,-21.948887645,NA,NA,NA,NA,NA,NA,NA,NA,NA,NA,NA,NA,NA,"",NA,NA,NA,238818.57,32353.57,1,"S",1.05671933628319,0.143157389380531
NA,"Sky-A3-5",240.09865,20.82553,NA,NA,NA,NA,241.2024208,-21.996836404,NA,NA,NA,NA,NA,NA,NA,NA,NA,NA,NA,NA,NA,"",NA,NA,NA,240098.65,20825.53,1,"S",1.06238340707965,0.0921483628318584
NA,"Sky-A3-6",240.82258,9.24926,NA,NA,NA,NA,241.2060075,-22.044999216,NA,NA,NA,NA,NA,NA,NA,NA,NA,NA,NA,NA,NA,"",NA,NA,NA,240822.58,9249.26,1,"S",1.06558663716814,0.0409259292035398
NA,"Sky-A3-7",240.98869,2.34844,NA,NA,NA,NA,241.2069551,-22.073716397,NA,NA,NA,NA,NA,NA,NA,NA,NA,NA,NA,NA,NA,"",NA,NA,NA,240988.69,2348.44,1,"S",1.06632163716814,0.0103913274336283
NA,"Sky-A4-1",210.21182,-117.86456,NA,NA,NA,NA,241.071859,-22.574783956,NA,NA,NA,NA,NA,NA,NA,NA,NA,NA,NA,NA,NA,"",NA,NA,NA,210211.82,-117864.56,1,"S",0.930140796460177,-0.521524601769911
NA,"Sky-A4-2",204.2974,-127.84223,NA,NA,NA,NA,241.0454654,-22.616444755,NA,NA,NA,NA,NA,NA,NA,NA,NA,NA,NA,NA,NA,"",NA,NA,NA,204297.4,-127842.23,1,"S",0.903970796460177,-0.565673584070796
NA,"Sky-A4-3",197.90977,-137.52377,NA,NA,NA,NA,241.0169166,-22.656880265,NA,NA,NA,NA,NA,NA,NA,NA,NA,NA,NA,NA,NA,"",NA,NA,NA,197909.77,-137523.77,1,"S",0.875706946902655,-0.608512256637168
NA,"Sky-A4-4",191.06371,-146.88677,NA,NA,NA,NA,240.9862774,-22.695995997,NA,NA,NA,NA,NA,NA,NA,NA,NA,NA,NA,NA,NA,"",NA,NA,NA,191063.71,-146886.77,1,"S",0.845414646017699,-0.649941460176991
NA,"Sky-A4-5",183.77509,-155.90952,NA,NA,NA,NA,240.9536179,-22.733700315,NA,NA,NA,NA,NA,NA,NA,NA,NA,NA,NA,NA,NA,"",NA,NA,NA,183775.09,-155909.52,1,"S",0.813164115044248,-0.689865132743363
NA,"Sky-A4-6",176.06079,-164.57115,NA,NA,NA,NA,240.9190131,-22.76990502,NA,NA,NA,NA,NA,NA,NA,NA,NA,NA,NA,NA,NA,"",NA,NA,NA,176060.79,-164571.15,1,"S",0.779030044247788,-0.72819092920354
NA,"Sky-A4-7",166.5449,-171.41703,NA,NA,NA,NA,240.8766411,-22.798981429,NA,NA,NA,NA,NA,NA,NA,NA,NA,NA,NA,NA,NA,"",NA,NA,NA,166544.9,-171417.03,2,"S",0.736924336283186,-0.758482433628319
NA,"Sky-A5-1",-148.4702,-189.83588,NA,NA,NA,NA,239.4537255,-22.875792247,NA,NA,NA,NA,NA,NA,NA,NA,NA,NA,NA,NA,NA,"",NA,NA,NA,-148470.2,-189835.88,1,"S",-0.656947787610619,-0.839981769911504
NA,"Sky-A5-2",-157.43205,-182.47249,NA,NA,NA,NA,239.4133774,-22.844990621,NA,NA,NA,NA,NA,NA,NA,NA,NA,NA,NA,NA,NA,"",NA,NA,NA,-157432.05,-182472.49,1,"S",-0.696601991150442,-0.807400398230088
NA,"Sky-A5-3",-166.02924,-174.68645,NA,NA,NA,NA,239.3747011,-22.812426095,NA,NA,NA,NA,NA,NA,NA,NA,NA,NA,NA,NA,NA,"",NA,NA,NA,-166029.24,-174686.45,1,"S",-0.734642654867257,-0.77294889380531
NA,"Sky-A5-4",-174.24185,-166.49577,NA,NA,NA,NA,239.3377863,-22.778175031,NA,NA,NA,NA,NA,NA,NA,NA,NA,NA,NA,NA,NA,"",NA,NA,NA,-174241.85,-166495.77,1,"S",-0.770981637168142,-0.736706946902655
NA,"Sky-A5-5",-182.05086,-157.91943,NA,NA,NA,NA,239.3027188,-22.742317839,NA,NA,NA,NA,NA,NA,NA,NA,NA,NA,NA,NA,NA,"",NA,NA,NA,-182050.86,-157919.43,1,"S",-0.805534778761062,-0.698758539823009
NA,"Sky-A5-6",-189.43818,-148.97731,NA,NA,NA,NA,239.2695795,-22.704938678,NA,NA,NA,NA,NA,NA,NA,NA,NA,NA,NA,NA,NA,"",NA,NA,NA,-189438.18,-148977.31,1,"S",-0.83822203539823,-0.659191637168142
NA,"Sky-A5-7",-196.38671,-139.6901,NA,NA,NA,NA,239.2384446,-22.666125068,NA,NA,NA,NA,NA,NA,NA,NA,NA,NA,NA,NA,NA,"",NA,NA,NA,-196386.71,-139690.1,1,"S",-0.868967743362832,-0.61809778761062
NA,"Sky-H1-1",-181.17025,158.92893,NA,NA,NA,NA,239.3137651,-21.42285197,NA,NA,NA,NA,NA,NA,NA,NA,NA,NA,NA,NA,NA,"",NA,NA,NA,-181170.25,158928.93,1,"S",-0.801638274336283,0.703225353982301
NA,"Sky-H1-2",-173.31368,167.46173,NA,NA,NA,NA,239.3491091,-21.387469235,NA,NA,NA,NA,NA,NA,NA,NA,NA,NA,NA,NA,NA,"",NA,NA,NA,-173313.68,167461.73,1,"S",-0.766874690265487,0.74098110619469
NA,"Sky-H1-3",-165.05567,175.60663,NA,NA,NA,NA,239.3862247,-21.353703263,NA,NA,NA,NA,NA,NA,NA,NA,NA,NA,NA,NA,NA,"",NA,NA,NA,-165055.67,175606.63,1,"S",-0.73033482300885,0.777020486725664
NA,"Sky-H1-4",-156.41534,183.34477,NA,NA,NA,NA,239.425026,-21.321631265,NA,NA,NA,NA,NA,NA,NA,NA,NA,NA,NA,NA,NA,"",NA,NA,NA,-156415.34,183344.77,1,"S",-0.692103274336283,0.811260044247788
NA,"Sky-H1-5",-147.4127,190.65822,NA,NA,NA,NA,239.4654233,-21.291326578,NA,NA,NA,NA,NA,NA,NA,NA,NA,NA,NA,NA,NA,"",NA,NA,NA,-147412.7,190658.22,1,"S",-0.652268584070796,0.843620442477876
NA,"Sky-H1-6",-138.06861,197.53006,NA,NA,NA,NA,239.5073234,-21.262858352,NA,NA,NA,NA,NA,NA,NA,NA,NA,NA,NA,NA,NA,"",NA,NA,NA,-138068.61,197530.06,1,"S",-0.610923053097345,0.874026814159292
NA,"Sky-H1-7",-128.4047,203.94434,NA,NA,NA,NA,239.55063,-21.236291711,NA,NA,NA,NA,NA,NA,NA,NA,NA,NA,NA,NA,NA,"",NA,NA,NA,-128404.7,203944.34,1,"S",-0.568162389380531,0.902408584070796
NA,"Sky-H1-8",-118.44464,209.88551,NA,NA,NA,NA,239.5952378,-21.21169014,NA,NA,NA,NA,NA,NA,NA,NA,NA,NA,NA,NA,NA,"",NA,NA,NA,-118444.64,209885.51,1,"S",-0.524091327433628,0.928696946902655
NA,"Sky-H2-1",-100.81652,218.89973,NA,NA,NA,NA,239.6741335,-21.174374805,NA,NA,NA,NA,NA,NA,NA,NA,NA,NA,NA,NA,NA,"",NA,NA,NA,-100816.52,218899.73,1,"S",-0.446090796460177,0.968582876106195
NA,"Sky-H2-2",-90.16757,223.49692,NA,NA,NA,NA,239.7217646,-21.155350312,NA,NA,NA,NA,NA,NA,NA,NA,NA,NA,NA,NA,NA,"",NA,NA,NA,-90167.57,223496.92,1,"S",-0.398971548672566,0.988924424778761
NA,"Sky-H2-3",-79.30977,227.57641,NA,NA,NA,NA,239.770311,-21.138472412,NA,NA,NA,NA,NA,NA,NA,NA,NA,NA,NA,NA,NA,"",NA,NA,NA,-79309.77,227576.41,1,"S",-0.350928185840708,1.00697526548673
NA,"Sky-H2-4",-68.26826,231.12877,NA,NA,NA,NA,239.819662,-21.123779424,NA,NA,NA,NA,NA,NA,NA,NA,NA,NA,NA,NA,NA,"",NA,NA,NA,-68268.26,231128.77,1,"S",-0.302071946902655,1.02269367256637
NA,"Sky-H2-5",-57.06862,234.14576,NA,NA,NA,NA,239.8697049,-21.111304794,NA,NA,NA,NA,NA,NA,NA,NA,NA,NA,NA,NA,NA,"",NA,NA,NA,-57068.62,234145.76,1,"S",-0.252516017699115,1.03604318584071
NA,"Sky-H2-6",-45.73679,236.62039,NA,NA,NA,NA,239.9203259,-21.101076865,NA,NA,NA,NA,NA,NA,NA,NA,NA,NA,NA,NA,NA,"",NA,NA,NA,-45736.79,236620.39,1,"S",-0.20237517699115,1.04699287610619
NA,"Sky-H2-7",-34.29902,238.54693,NA,NA,NA,NA,239.9714096,-21.093118834,NA,NA,NA,NA,NA,NA,NA,NA,NA,NA,NA,NA,NA,"",NA,NA,NA,-34299.02,238546.93,1,"S",-0.151765575221239,1.05551738938053
NA,"Sky-H2-8",-22.78326,239.92079,NA,NA,NA,NA,240.0228334,-21.087449261,NA,NA,NA,NA,NA,NA,NA,NA,NA,NA,NA,NA,NA,"",NA,NA,NA,-22783.26,239920.79,1,"S",-0.100810884955752,1.0615964159292
NA,"Sky-H3-1",184.61356,154.91577,NA,NA,NA,NA,240.9504351,-21.439893758,NA,NA,NA,NA,NA,NA,NA,NA,NA,NA,NA,NA,NA,"",NA,NA,NA,184613.56,154915.77,1,"S",0.816874159292035,0.685468008849557
NA,"Sky-H3-2",191.8534,145.85382,NA,NA,NA,NA,240.9830201,-21.477481682,NA,NA,NA,NA,NA,NA,NA,NA,NA,NA,NA,NA,NA,"",NA,NA,NA,191853.4,145853.82,1,"S",0.848908849557522,0.645370884955752
NA,"Sky-H3-3",198.64884,136.45402,NA,NA,NA,NA,241.0136399,-21.516478148,NA,NA,NA,NA,NA,NA,NA,NA,NA,NA,NA,NA,NA,"",NA,NA,NA,198648.84,136454.02,1,"S",0.878977168141593,0.603778849557522
NA,"Sky-H3-4",204.98415,126.73816,NA,NA,NA,NA,241.042223,-21.55679373,NA,NA,NA,NA,NA,NA,NA,NA,NA,NA,NA,NA,NA,"",NA,NA,NA,204984.15,126738.16,1,"S",0.907009513274336,0.560788318584071
NA,"Sky-H3-5",210.84465,116.72873,NA,NA,NA,NA,241.0687024,-21.59833606,NA,NA,NA,NA,NA,NA,NA,NA,NA,NA,NA,NA,NA,"",NA,NA,NA,210844.65,116728.73,1,"S",0.93294092920354,0.516498805309734
NA,"Sky-H3-6",216.21677,106.44891,NA,NA,NA,NA,241.0930161,-21.641009858,NA,NA,NA,NA,NA,NA,NA,NA,NA,NA,NA,NA,NA,"",NA,NA,NA,216216.77,106448.91,1,"S",0.956711371681416,0.471012876106195
NA,"Sky-H3-7",221.08806,95.92253,NA,NA,NA,NA,241.1151063,-21.684717091,NA,NA,NA,NA,NA,NA,NA,NA,NA,NA,NA,NA,NA,"",NA,NA,NA,221088.06,95922.53,1,"S",0.978265752212389,0.424435973451327
NA,"Sky-H3-8",225.44672,85.17533,NA,NA,NA,NA,241.1349183,-21.729351724,NA,NA,NA,NA,NA,NA,NA,NA,NA,NA,NA,NA,NA,"",NA,NA,NA,225446.72,85175.33,1,"S",0.99755185840708,0.376881991150442
NA,"Sky-H4-1",239.9828,-22.12059,NA,NA,NA,NA,241.2031533,-22.17558172,NA,NA,NA,NA,NA,NA,NA,NA,NA,NA,NA,NA,NA,"",NA,NA,NA,239982.8,-22120.59,1,"S",1.06187079646018,-0.0978787168141593
NA,"Sky-H4-2",238.64054,-33.64155,NA,NA,NA,NA,241.1974582,-22.223565464,NA,NA,NA,NA,NA,NA,NA,NA,NA,NA,NA,NA,NA,"",NA,NA,NA,238640.54,-33641.55,1,"S",1.05593159292035,-0.148856415929204
NA,"Sky-H4-3",236.74552,-45.08459,NA,NA,NA,NA,241.1892725,-22.271238594,NA,NA,NA,NA,NA,NA,NA,NA,NA,NA,NA,NA,NA,"",NA,NA,NA,236745.52,-45084.59,1,"S",1.04754654867257,-0.199489336283186
NA,"Sky-H4-4",234.30213,-56.42319,NA,NA,NA,NA,241.1786128,-22.31849044,NA,NA,NA,NA,NA,NA,NA,NA,NA,NA,NA,NA,NA,"",NA,NA,NA,234302.13,-56423.19,1,"S",1.03673508849558,-0.249660132743363
NA,"Sky-H4-5",231.31601,-67.6311,NA,NA,NA,NA,241.1655016,-22.365211332,NA,NA,NA,NA,NA,NA,NA,NA,NA,NA,NA,NA,NA,"",NA,NA,NA,231316.01,-67631.1,1,"S",1.02352216814159,-0.299252654867257
NA,"Sky-H4-6",227.79409,-78.68236,NA,NA,NA,NA,241.149967,-22.411292678,NA,NA,NA,NA,NA,NA,NA,NA,NA,NA,NA,NA,NA,"",NA,NA,NA,227794.09,-78682.36,1,"S",1.00793845132743,-0.34815203539823
NA,"Sky-H4-7",223.74453,-89.55136,NA,NA,NA,NA,241.1320429,-22.456627223,NA,NA,NA,NA,NA,NA,NA,NA,NA,NA,NA,NA,NA,"",NA,NA,NA,223744.53,-89551.36,1,"S",0.990020044247788,-0.396244955752212
NA,"Sky-H4-8",219.17732,-100.21161,NA,NA,NA,NA,241.1117716,-22.501103918,NA,NA,NA,NA,NA,NA,NA,NA,NA,NA,NA,NA,NA,"",NA,NA,NA,219177.32,-100211.61,1,"S",0.969811150442478,-0.443414203539823
NA,"Sky-H5-1",41.83481,-237.34134,NA,NA,NA,NA,240.3136941,-23.07450147,NA,NA,NA,NA,NA,NA,NA,NA,NA,NA,NA,NA,NA,"",NA,NA,NA,41834.81,-237341.34,1,"S",0.185109778761062,-1.05018292035398
NA,"Sky-H5-2",30.36687,-239.07931,NA,NA,NA,NA,240.2618355,-23.081793172,NA,NA,NA,NA,NA,NA,NA,NA,NA,NA,NA,NA,NA,"",NA,NA,NA,30366.87,-239079.31,1,"S",0.134366681415929,-1.05787305309735
NA,"Sky-H5-3",18.8286,-240.26349,NA,NA,NA,NA,240.2096508,-23.086765641,NA,NA,NA,NA,NA,NA,NA,NA,NA,NA,NA,NA,NA,"",NA,NA,NA,18828.6,-240263.49,1,"S",0.083312389380531,-1.06311278761062
NA,"Sky-H5-4",7.2467,-240.89115,NA,NA,NA,NA,240.1572633,-23.089407085,NA,NA,NA,NA,NA,NA,NA,NA,NA,NA,NA,NA,NA,"",NA,NA,NA,7246.7,-240891.15,1,"S",0.0320650442477876,-1.06589004424779
NA,"Sky-H5-5",-4.35197,-240.96083,NA,NA,NA,NA,240.1047969,-23.089711141,NA,NA,NA,NA,NA,NA,NA,NA,NA,NA,NA,NA,NA,"",NA,NA,NA,-4351.97,-240960.83,1,"S",-0.0192565044247788,-1.06619836283186
NA,"Sky-H5-6",-15.94057,-240.47237,NA,NA,NA,NA,240.0523754,-23.08767699,NA,NA,NA,NA,NA,NA,NA,NA,NA,NA,NA,NA,NA,"",NA,NA,NA,-15940.57,-240472.37,1,"S",-0.0705334955752212,-1.06403703539823
NA,"Sky-H5-7",-27.49224,-239.4269,NA,NA,NA,NA,240.000123,-23.083309324,NA,NA,NA,NA,NA,NA,NA,NA,NA,NA,NA,NA,NA,"",NA,NA,NA,-27492.24,-239426.9,1,"S",-0.121647079646018,-1.0594110619469
NA,"Sky-H5-8",-38.97879,-237.82707,NA,NA,NA,NA,239.9481695,-23.076619308,NA,NA,NA,NA,NA,NA,NA,NA,NA,NA,NA,NA,NA,"",NA,NA,NA,-38978.79,-237827.07,1,"S",-0.172472522123894,-1.05233216814159
NA,"Sky-H6-1",-58.36925,-233.82492,NA,NA,NA,NA,239.8604839,-23.059874436,NA,NA,NA,NA,NA,NA,NA,NA,NA,NA,NA,NA,NA,"",NA,NA,NA,-58369.25,-233824.92,1,"S",-0.258271017699115,-1.03462353982301
NA,"Sky-H6-2",-69.55194,-230.74573,NA,NA,NA,NA,239.8099287,-23.04698813,NA,NA,NA,NA,NA,NA,NA,NA,NA,NA,NA,NA,NA,"",NA,NA,NA,-69551.94,-230745.73,1,"S",-0.307751946902655,-1.02099880530973
NA,"Sky-H6-3",-80.57354,-227.13205,NA,NA,NA,NA,239.760115,-23.031863823,NA,NA,NA,NA,NA,NA,NA,NA,NA,NA,NA,NA,NA,"",NA,NA,NA,-80573.54,-227132.05,1,"S",-0.356520088495575,-1.00500907079646
NA,"Sky-H6-4",-91.4085,-222.99226,NA,NA,NA,NA,239.7111603,-23.014537139,NA,NA,NA,NA,NA,NA,NA,NA,NA,NA,NA,NA,NA,"",NA,NA,NA,-91408.5,-222992.26,1,"S",-0.404462389380531,-0.986691415929204
NA,"Sky-H6-5",-102.03172,-218.33596,NA,NA,NA,NA,239.66318,-22.995048892,NA,NA,NA,NA,NA,NA,NA,NA,NA,NA,NA,NA,NA,"",NA,NA,NA,-102031.72,-218335.96,1,"S",-0.45146778761062,-0.966088318584071
NA,"Sky-H6-6",-112.41861,-213.17391,NA,NA,NA,NA,239.6162868,-22.973444838,NA,NA,NA,NA,NA,NA,NA,NA,NA,NA,NA,NA,NA,"",NA,NA,NA,-112418.61,-213173.91,1,"S",-0.497427477876106,-0.943247389380531
NA,"Sky-H6-7",-122.54511,-207.51809,NA,NA,NA,NA,239.570591,-22.949775895,NA,NA,NA,NA,NA,NA,NA,NA,NA,NA,NA,NA,NA,"",NA,NA,NA,-122545.11,-207518.09,1,"S",-0.542235,-0.918221637168142
NA,"Sky-H6-8",-132.38652,-201.3824,NA,NA,NA,NA,239.5262052,-22.924101091,NA,NA,NA,NA,NA,NA,NA,NA,NA,NA,NA,NA,NA,"",NA,NA,NA,-132386.52,-201382.4,1,"S",-0.585781061946903,-0.891072566371681
NA,"Sky-H7-1",-207.18967,-123.09956,NA,NA,NA,NA,239.1901254,-22.596809816,NA,NA,NA,NA,NA,NA,NA,NA,NA,NA,NA,NA,NA,"",NA,NA,NA,-207189.67,-123099.56,1,"S",-0.916768451327434,-0.544688318584071
NA,"Sky-H7-2",-212.87255,-112.98823,NA,NA,NA,NA,239.1647613,-22.554577976,NA,NA,NA,NA,NA,NA,NA,NA,NA,NA,NA,NA,NA,"",NA,NA,NA,-212872.55,-112988.23,1,"S",-0.941913938053097,-0.499947920353982
NA,"Sky-H7-3",-218.06235,-102.61518,NA,NA,NA,NA,239.1416408,-22.51126359,NA,NA,NA,NA,NA,NA,NA,NA,NA,NA,NA,NA,NA,"",NA,NA,NA,-218062.35,-102615.18,1,"S",-0.964877654867257,-0.454049469026549
NA,"Sky-H7-4",-227.36823,-93.9132,NA,NA,NA,NA,239.1013754,-22.474246203,NA,NA,NA,NA,NA,NA,NA,NA,NA,NA,NA,NA,NA,"",NA,NA,NA,-227368.23,-93913.2,0,"S",-1.00605411504425,-0.415545132743363
NA,"Sky-H7-5",-226.91579,-81.18059,NA,NA,NA,NA,239.1023339,-22.421794199,NA,NA,NA,NA,NA,NA,NA,NA,NA,NA,NA,NA,NA,"",NA,NA,NA,-226915.79,-81180.59,1,"S",-1.00405216814159,-0.359206150442478
NA,"Sky-H7-6",-230.55892,-70.1687,NA,NA,NA,NA,239.0862352,-22.375847969,NA,NA,NA,NA,NA,NA,NA,NA,NA,NA,NA,NA,NA,"",NA,NA,NA,-230558.92,-70168.7,1,"S",-1.02017221238938,-0.310480973451327
NA,"Sky-H7-7",-233.66801,-58.99428,NA,NA,NA,NA,239.0725552,-22.329236264,NA,NA,NA,NA,NA,NA,NA,NA,NA,NA,NA,NA,NA,"",NA,NA,NA,-233668.01,-58994.28,1,"S",-1.03392924778761,-0.261036637168142
NA,"Sky-H7-8",-236.23556,-47.68464,NA,NA,NA,NA,239.061325,-22.282073577,NA,NA,NA,NA,NA,NA,NA,NA,NA,NA,NA,NA,NA,"",NA,NA,NA,-236235.56,-47684.64,1,"S",-1.04529008849558,-0.210993982300885
