#OBSTEMP,8
#CONFIGTEMP,19
#EQUINOX,J2000.0
#CENTRE,16 00 19.20,-22 11 45.6 #Field centre
#UTTIME,12 00 00.00 #Target observing time
#UTDATE,2021 07 10 #Target observing date
#PLATEID,a test_plateID
#LABEL,240_m20_comissioning Tile 012
#TILING_DATE,2021 06 07 # Date the tile was created/configured
#PROXIMITY,220 # tiling proximity value in arcseconds
"ID","RA","DEC","g_mag","r_mag","i_mag","z_mag","y_mag","GAIA_g_mag","GAIA_bp_mag","GAIA_rp_mag","pmRA","pmDEC","priority","remaining_observations","Tile_number","COMPLETED","MagnetX_noDC","MagnetY_noDC","type","MagnetX","MagnetY","Position","fibre_type","x","y","grads","gangs","gazAngs","gangs_gazAng"
"6243564481837370624",240.48537,-21.617958,NA,10.6978998184204,NA,NA,NA,NA,NA,NA,-11.7230724170359,-23.547779629735,NA,NA,NA,NA,91615.6421052659,130639.689552632,2,88791.87,136086.29,NA,"G",-80.85188,-171.56898,189.665340528455,2.54906754233963,1.13041210613058,1.41865543620905
"6243612104440601600",240.04935,-21.589516,NA,10.8283996582031,NA,NA,NA,NA,NA,NA,-14.5950334169632,-4.69607135305918,NA,NA,NA,NA,-6924.87789473711,137067.581552631,2,-6697.97,142476.09,NA,"G",-108.06437,177.72767,208.002482550391,3.103813878155,-1.02449080048292,4.12830467863791
"6243227172292998528",240.48427,-22.491997,NA,11.87380027771,NA,NA,NA,NA,NA,NA,-5.60784288000512,3.5352576950285,NA,NA,NA,NA,91367.0421052641,-66893.1244473689,2,87413.57,-69378.11,NA,"G",-118.33419,160.61703,199.501405631582,2.99226327212522,-0.935830930683924,3.92809420280914
"6243578706775272448",240.70114,-21.511024,NA,12.1492004394531,NA,NA,NA,NA,NA,NA,-27.2239483700119,-27.8582475887286,NA,NA,NA,NA,140379.662105258,154806.773552632,2,137568.09,162797.57,NA,"G",86.01063,180.6581,200.087924594681,2.74378340440184,4.26804664535624,4.7589220662252
"6243514557142507520",240.00003,-21.678959,NA,12.245400428772,NA,NA,NA,NA,NA,NA,-11.7798565660068,-16.0499582879932,NA,NA,NA,NA,-18071.1978947423,116853.463552632,2,-17408.87,121104.94,NA,"G",-133.08242,143.16465,195.46623115689,2.93919761543071,-0.821879118377304,3.76107673380801
"6246531136010824192",239.54382,-21.518038,NA,12.8070001602173,NA,NA,NA,NA,NA,NA,41.8750318719462,-29.4161833239491,NA,NA,NA,NA,-121174.657894736,153221.609552631,2,-118334.19,160617.03,NA,"G",149.55266,-25.76127,151.755201377378,4.39118772779458,2.9710111580997,1.42017656969488
