#OBSTEMP,8
#CONFIGTEMP,19
#EQUINOX,J2000.0
#CENTRE,15 59 47.27,-21 56 40.9 #Field centre
#UTTIME,12 00 00.00 #Target observing time
#UTDATE,2021 07 10 #Target observing date
#PLATEID,a test_plateID
#LABEL,240_m20_comissioning Tile 008
#TILING_DATE,2021 06 07 # Date the tile was created/configured
#PROXIMITY,220 # tiling proximity value in arcseconds
"ID","RA","DEC","g_mag","r_mag","i_mag","z_mag","y_mag","GAIA_g_mag","GAIA_bp_mag","GAIA_rp_mag","pmRA","pmDEC","priority","remaining_observations","Tile_number","COMPLETED","MagnetX_noDC","MagnetY_noDC","type","MagnetX","MagnetY","Position","fibre_type","x","y","grads","gangs","gazAngs","gangs_gazAng"
"6243564481837370624",240.48537,-21.617958,NA,10.6978998184204,NA,NA,NA,NA,NA,NA,-11.7230724170359,-23.547779629735,NA,NA,NA,NA,121675.949397588,73843.4088192778,2,117568.03,76552.1,NA,"G",-100.5474,-183.4182,209.169825113471,4.87196551492997,1.06934642519128,3.80261908973869
"6243569876323017088",240.40779,-21.490728,NA,11.5790996551514,NA,NA,NA,NA,NA,NA,-41.5046450094698,15.2672698429117,NA,NA,NA,NA,104142.869397578,102597.388819277,2,100808.02,106591.26,NA,"G",29.99011,199.5959,201.836394128071,0.387206776866999,4.56325049584887,2.10714158819771
"6243203120476661376",239.97186,-22.79337,NA,11.6497001647949,NA,NA,NA,NA,NA,NA,-6.36343137848489,-10.2514756752206,NA,NA,NA,NA,5622.68939758832,-191799.703180722,2,5455.7,-201613.98,NA,"G",180.15364,-85.81022,199.546305056491,5.7966656603182,2.69707040853747,3.09959525178074
"6243227172292998528",240.48427,-22.491997,NA,11.87380027771,NA,NA,NA,NA,NA,NA,-5.60784288000512,3.5352576950285,NA,NA,NA,NA,121427.349397586,-123689.405180723,2,117308.29,-129526.8,NA,"G",-83.77801,-190.58514,208.186095953548,2.72793727137856,1.15663877066472,1.57129850071384
"6243578706775272448",240.70114,-21.511024,NA,12.1492004394531,NA,NA,NA,NA,NA,NA,-27.2239483700119,-27.8582475887286,NA,NA,NA,NA,170439.969397579,98010.4928192776,2,166363.25,102433.72,NA,"G",-77.68746,116.65495,140.156051602327,0.0309552653759706,-0.983283532272662,1.01423879764863
"6246530345736828288",239.47615,-21.590834,NA,12.191499710083,NA,NA,NA,NA,NA,NA,-9.03548479081139,-11.5381205272271,NA,NA,NA,NA,-106407.770602419,79973.4328192772,2,-102684.31,82834.03,NA,"G",50.61416,194.98972,201.451691723311,2.37314498694026,4.45842047712649,4.19790981699336
