#OBSTEMP,8
#CONFIGTEMP,19
#EQUINOX,J2000.0
#CENTRE,15 59 39.12,-22 05 13.2 #Field centre
#UTTIME,12 00 00.00 #Target observing time
#UTDATE,2021 07 10 #Target observing date
#PLATEID,a test_plateID
#LABEL,240_m20_comissioning Tile 016
#TILING_DATE,2021 06 07 # Date the tile was created/configured
#PROXIMITY,220 # tiling proximity value in arcseconds
"ID","RA","DEC","g_mag","r_mag","i_mag","z_mag","y_mag","GAIA_g_mag","GAIA_bp_mag","GAIA_rp_mag","pmRA","pmDEC","priority","remaining_observations","Tile_number","COMPLETED","MagnetX_noDC","MagnetY_noDC","type","MagnetX","MagnetY","Position","fibre_type","x","y","grads","gangs","gazAngs","gangs_gazAng"
"6243564481837370624",240.48537,-21.617958,NA,10.6978998184204,NA,NA,NA,NA,NA,NA,-11.7230724170359,-23.547779629735,NA,NA,NA,NA,129355.221176468,106002.494941177,2,125489.15,110391.1,NA,"G",-187.3445,-73.37573,201.201290834037,4.75730688076634,0.373297883870786,4.38400899689555
"6243612104440601600",240.04935,-21.589516,NA,10.8283996582031,NA,NA,NA,NA,NA,NA,-14.5950334169632,-4.69607135305918,NA,NA,NA,NA,30814.7011764651,112430.386941176,2,29686.32,116488.3,NA,"G",29.68632,116.4883,120.211487105153,1.55507921694971,4.46285667633751,3.37540784779179
"6246530345736828288",239.47615,-21.590834,NA,12.191499710083,NA,NA,NA,NA,NA,NA,-9.03548479081139,-11.5381205272271,NA,NA,NA,NA,-98728.4988235381,112132.518941176,2,-95497.3,116501.09,NA,"G",53.80891,120.07224,131.577891813198,3.11965091987737,4.29108473637173,5.11175149068523
"6243514557142507520",240.00003,-21.678959,NA,12.245400428772,NA,NA,NA,NA,NA,NA,-11.7798565660068,-16.0499582879932,NA,NA,NA,NA,19668.3811764599,92216.2689411765,2,18882,95278.93,NA,"G",-127.061,133.06691,183.98722851858,3.39742438760926,-0.808482357447582,4.20590674505684
"6243410511552109568",239.88884,-22.353481,NA,12.4773998260498,NA,NA,NA,NA,NA,NA,0.79299492387791,-5.12680770111516,NA,NA,NA,NA,-5460.55882353858,-60225.7030588234,2,-5205.32,-62100.64,NA,"G",-160.36728,-128.01605,205.196914090346,2.3500257114544,0.673683883963053,1.67634182749135
"6246531136010824192",239.54382,-21.518038,NA,12.8070001602173,NA,NA,NA,NA,NA,NA,41.8750318719462,-29.4161833239491,NA,NA,NA,NA,-83435.0788235333,128584.414941176,2,-80823.14,133781.49,NA,"G",-98.59799,166.05899,193.124705286145,0.500000339911717,-1.03498301989276,1.53498335980447
