#OBSTEMP,8
#CONFIGTEMP,19
#EQUINOX,J2000.0
#CENTRE,15 59 50.28,-21 59 55.9 #Field centre
#UTTIME,12 00 00.00 #Target observing time
#UTDATE,2021 07 10 #Target observing date
#PLATEID,a test_plateID
#LABEL,240_m20_comissioning Tile 014
#TILING_DATE,2021 06 07 # Date the tile was created/configured
#PROXIMITY,220 # tiling proximity value in arcseconds
"probe","ID","x","y","rads","angs","azAngs","angs_azAng","RA","DEC","g_mag","r_mag","i_mag","z_mag","y_mag","GAIA_g_mag","GAIA_bp_mag","GAIA_rp_mag","pmRA","pmDEC","priority","remaining_observations","Tile_number","COMPLETED","MagnetX_noDC","MagnetY_noDC","type","MagnetX","MagnetY","Position","fibre_type","fraction_plate_radius_X","fraction_plate_radius_Y"
1,"6243614921939321728",46.03602,124.57925,132.813044043132,3.0643893286331,4.35842076548821,4.98915387032448,240.1704,-21.467691,17.1193008422852,16.5132999420166,16.2766990661621,16.1721000671387,16.085599899292,16.550713,17.023092,15.912483,-3.5341117431846,-5.43197157568391,1,1,-999,"False",47659.6647222188,120043.403,1,46036.02,124579.25,NA,"P",0.203699203539823,0.551235619469027
2,"6246502823586806784",-162.3397,51.09181,170.1897507054,2.10076111669374,-0.304907534350296,2.40566865104404,239.21852,-21.780596,17.6695995330811,16.9498996734619,16.6173992156982,16.4445991516113,16.3390998840332,16.966267,17.52529,16.233849,-2.41965515618957,-1.72432376237173,1,1,-999,"False",-167465.215277779,49326.8730000007,1,-162339.7,51091.81,NA,"P",-0.718317256637168,0.226069955752212
3,"6243208583673916416",-28.38909,-160.41916,162.911777739161,-1.02159965579768,1.39564158564062,3.86594406574128,239.82898,-22.67927,18.3719997406006,17.3631000518799,16.9391002655029,16.7313995361328,16.5764007568359,17.396221,18.025423,16.555878,2.29142904391064,-8.93085465433791,1,1,-999,"False",-29501.2552777875,-153773.451,1,-28389.09,-160419.16,NA,"P",-0.125615442477876,-0.709819292035398
4,"6243620728735849856",93.97538,161.75677,187.073848217695,2.45367928684539,4.186081744814,4.55078284921098,240.38564,-21.31506,17.3152008056641,16.5216007232666,16.1375999450684,15.9443998336792,15.8087997436523,16.530653,17.164875,15.760772,-2.59902286236281,-1.80572039259017,1,1,-999,"False",96303.9047222175,154538.009000001,1,93975.38,161756.77,NA,"P",0.415820265486726,0.715737920353982
5,"6243644948049307520",134.1104,167.74049,214.761428970847,2.42094269370597,4.03794615964729,4.66618184123827,240.56392,-21.293447,18.4815998077393,17.8787994384766,17.6110992431641,17.4841003417969,17.3983993530273,17.907673,18.382654,17.2285,1.45199460610726,-5.62031315816356,1,1,-999,"False",136595.184722224,159422.547,1,134110.4,167740.49,NA,"P",0.593408849557522,0.742214557522124
6,"6243458550768770304",33.88294,10.21695,35.3898246724408,3.70741854239458,3.43445866995523,0.272959872439346,240.11667,-21.95484,18.425500869751,17.6075000762939,17.201000213623,16.9957008361816,16.8497009277344,17.657318,18.224934,16.789173,5.7894812551134,-4.21664052970012,1,1,-999,"False",35516.6847222249,9947.72900000033,1,33882.94,10216.95,NA,"P",0.149924513274336,0.0452077433628319
7,"6237198824913838208",-35.28835,-197.73139,200.855595483558,-1.09418686267562,1.39418954635861,3.79480889814535,239.79828,-22.831305,18.4957008361816,17.7823009490967,17.4617004394531,17.3015995025635,17.180700302124,17.808758,18.309742,17.067955,1.25609134496829,0.413226760205775,1,1,-999,"False",-36439.4552777866,-188133.361,1,-35288.35,-197731.39,NA,"P",-0.15614314159292,-0.874917654867257
8,"6243212157079060096",32.95754,-145.4115,149.099643779258,1.18258904267483,1.79368086072876,5.67209348912566,240.1113,-22.617071,17.0706996917725,17.7366008758545,18.0060005187988,18.070499420166,17.5839996337891,18.981924,17.566092,17.50712,3.91079785416719,0.153393755684092,1,1,-999,"False",34303.0647222186,-139716.476999999,1,32957.54,-145411.5,NA,"P",0.14582982300885,-0.643413716814159
9,"6243229508755145728",155.77199,-111.96588,191.836574074743,4.53663974290191,2.51837316603213,2.01826657686977,240.67036,-22.469519,15.6248998641968,14.8099002838135,14.4306001663208,14.2222995758057,14.0852003097534,14.819495,15.463603,14.047192,-10.6142921399145,-2.4545844521826,1,1,-999,"False",160650.624722222,-106369.725,1,155771.99,-111965.88,NA,"P",0.689256592920354,-0.495424247787611
10,"6243544759354419840",121.14541,54.28891,132.753516386784,3.80851793846292,3.56289051814346,0.245627420319451,240.51546,-21.766584,17.6984004974365,17.1636009216309,16.9405994415283,16.846700668335,16.770299911499,17.188124,17.613878,16.57587,-1.17801102915985,2.83799231176333,1,1,-999,"False",125643.224722223,52493.5850000009,1,121145.41,54288.91,NA,"P",0.536041637168142,0.240216415929204
11,"6243467930976917248",-128.00072,-71.49856,146.615921381656,-1.25234391440962,0.509406179435725,4.52143521333424,239.37112,-22.301846,18.1914005279541,17.5799007415771,17.2980995178223,17.1597995758057,17.0582008361816,17.600445,18.06084,16.91453,-8.50048172456954,-2.39369872008975,1,1,-999,"False",-132977.615277777,-68475.6269999989,1,-128000.72,-71498.56,NA,"P",-0.566374867256637,-0.316365309734513
12,"6246530551895267840",-103.55168,102.48455,145.691569486793,-0.113596324070153,-0.780218877899637,0.666622553829484,239.48578,-21.562096,18.3962001800537,17.8701000213623,17.6238994598389,17.5153999328613,17.4137001037598,17.884005,18.32984,17.25724,-4.32597120166875,0.955555706519827,1,1,-999,"False",-107064.455277787,98707.8730000004,1,-103551.68,102484.55,NA,"P",-0.458193274336283,0.453471460176991
13,"6237463699837383552",-174.68533,-91.18649,197.053141248063,-1.46813305500098,0.48109567414812,4.33395657803049,239.16307,-22.381306,18.4640998840332,17.8269004821777,17.5363006591797,17.411600112915,17.2952995300293,17.850927,18.309532,17.15106,-1.21112604553749,-3.15719221923463,1,1,-999,"False",-179996.91527778,-86433.5869999992,1,-174685.33,-91186.49,NA,"P",-0.772943938053097,-0.403480044247788
14,"6243442092454467968",71.35744,-20.96922,74.374676004417,3.96415400238779,2.85577677957499,1.1083772228128,240.28964,-22.088434,16.3106002807617,16.5687007904053,16.8197002410889,17.0279006958008,17.1511001586914,16.405466,16.278028,16.4722,-6.48731528633622,-1.80112298680735,1,1,-999,"False",74607.9047222167,-20244.5149999994,1,71357.44,-20969.22,NA,"P",0.315740884955752,-0.0927841592920354
15,"6237396427767034624",-90.88856,-146.53983,172.43738607188,-1.3062432627063,1.01563368498721,3.96130835948608,239.54254,-22.618858,16.7497997283936,16.1692008972168,15.9266996383667,15.8247995376587,15.7203998565674,16.195051,16.662613,15.551908,-4.97648766274106,-6.14293560828079,1,1,-999,"False",-94236.6952777808,-140120.338999999,1,-90888.56,-146539.83,NA,"P",-0.402161769911504,-0.648406327433628
16,"6243516446928148736",-26.24798,66.55512,71.5439756534036,-0.267486058733006,-1.19514451332419,0.927658454591185,239.83835,-21.71335,16.8127994537354,16.0942993164063,15.8095998764038,15.6646995544434,15.5626001358032,16.129906,16.683151,15.432124,-8.03583995774548,1.46858747703215,1,1,-999,"False",-27383.6352777834,64524.4690000009,1,-26247.98,66555.12,NA,"P",-0.116141504424779,0.294491681415929
17,"6243485694961663616",-157.82367,-25.00999,159.793023665206,-1.22245477217009,0.15716107637447,4.90356945863502,239.23622,-22.103424,15.1631002426147,14.3542003631592,13.9546003341675,13.7061004638672,13.5683002471924,14.333205,14.980995,13.549672,-6.29112014898317,1.31696491814118,1,1,-999,"False",-163465.015277774,-23632.2549999996,1,-157823.67,-25009.99,NA,"P",-0.69833482300885,-0.110663672566372
18,"6243175976282733184",140.79193,-131.46988,192.630986345238,0.591284210615056,2.3904204057719,4.48404911202274,240.60225,-22.551935,15.5719995498657,15.0740995407104,14.8423004150391,14.7439002990723,14.6596002578735,15.075007,15.496424,14.475462,-3.22914639972864,-15.4662320442168,1,1,-999,"False",145257.764722218,-124995.741,1,140791.93,-131469.88,NA,"P",0.62297314159292,-0.581725132743363
19,"6243517683878729088",-9.15886,76.84562,77.3894956029822,3.31626002339362,-1.45217071902689,4.76843074242051,239.91728,-21.669428,17.0386009216309,16.440299987793,16.1744995117188,16.0356998443604,15.9451999664307,16.464075,16.95246,15.800484,-3.12435979241073,-1.72044506761759,1,1,-999,"False",-9545.45527778663,74450.8410000005,1,-9158.86,76845.62,NA,"P",-0.0405259292035398,0.340024867256637
20,"6246637513762230144",-18.38215,195.36999,196.232862770797,0.434826773105111,-1.47698359596453,1.91181036906964,239.81561,-21.301018,17.4514007568359,17.3166007995605,17.3038997650146,17.3206996917725,17.2816009521484,17.297588,17.478289,16.944317,-2.08602763947244,-5.52597156102592,1,NA,NA,"",-32522.8752777767,157711.501000001,0,-31619.17,164525.88,NA,"P",-0.139907831858407,0.727990619469027
21,"6246634180867587840",-31.61917,164.52588,167.536673899368,0.30423792258498,-1.38092774304242,1.6851656656274,239.87639,-21.174696,17.55299949646,17.5314998626709,17.6004009246826,17.6560001373291,17.6466007232666,17.482456,17.600893,17.228954,-10.9880925182597,-3.70478802792144,1,NA,NA,"",-18786.5952777844,186260.273,0,-18382.15,195369.99,NA,"P",-0.0813369469026549,0.864468982300885
NA,"Sky-A1-1",-226.46104,82.44066,NA,NA,NA,NA,238.9445561,-21.652272664,NA,NA,NA,NA,NA,NA,NA,NA,NA,NA,NA,NA,NA,"",NA,NA,NA,-226461.04,82440.66,1,"S",-1.00204,0.364781681415929
NA,"Sky-A1-2",-222.23219,93.24117,NA,NA,NA,NA,238.9638031,-21.60739374,NA,NA,NA,NA,NA,NA,NA,NA,NA,NA,NA,NA,NA,"",NA,NA,NA,-222232.19,93241.17,1,"S",-0.983328274336283,0.412571548672566
NA,"Sky-A1-3",-217.48859,103.8257,NA,NA,NA,NA,238.985339,-21.563424592,NA,NA,NA,NA,NA,NA,NA,NA,NA,NA,NA,NA,NA,"",NA,NA,NA,-217488.59,103825.7,1,"S",-0.96233889380531,0.459405752212389
NA,"Sky-A1-4",-212.24121,114.16975,NA,NA,NA,NA,239.0091126,-21.520466302,NA,NA,NA,NA,NA,NA,NA,NA,NA,NA,NA,NA,NA,"",NA,NA,NA,-212241.21,114169.75,1,"S",-0.939120398230089,0.505175884955752
NA,"Sky-A1-5",-206.50222,124.24934,NA,NA,NA,NA,239.0350673,-21.4786177,NA,NA,NA,NA,NA,NA,NA,NA,NA,NA,NA,NA,NA,"",NA,NA,NA,-206502.22,124249.34,1,"S",-0.913726637168142,0.549775840707965
NA,"Sky-A1-6",-200.2849,134.04112,NA,NA,NA,NA,239.0631418,-21.437974921,NA,NA,NA,NA,NA,NA,NA,NA,NA,NA,NA,NA,NA,"",NA,NA,NA,-200284.9,134041.12,1,"S",-0.886216371681416,0.593102300884956
NA,"Sky-A1-7",-193.60365,143.52243,NA,NA,NA,NA,239.0932702,-21.39863116,NA,NA,NA,NA,NA,NA,NA,NA,NA,NA,NA,NA,NA,"",NA,NA,NA,-193603.65,143522.43,1,"S",-0.856653318584071,0.635055
NA,"Sky-A2-1",-3.01251,240.9813,NA,NA,NA,NA,239.9461085,-20.994950419,NA,NA,NA,NA,NA,NA,NA,NA,NA,NA,NA,NA,NA,"",NA,NA,NA,-3012.51,240981.3,1,"S",-0.0133296902654867,1.0662889380531
NA,"Sky-A2-2",8.5856,240.84715,NA,NA,NA,NA,239.9978582,-20.995523396,NA,NA,NA,NA,NA,NA,NA,NA,NA,NA,NA,NA,NA,"",NA,NA,NA,8585.6,240847.15,1,"S",0.0379893805309735,1.0656953539823
NA,"Sky-A2-3",20.16382,240.15512,NA,NA,NA,NA,240.0495193,-20.998405532,NA,NA,NA,NA,NA,NA,NA,NA,NA,NA,NA,NA,NA,"",NA,NA,NA,20163.82,240155.12,1,"S",0.0892204424778761,1.06263327433628
NA,"Sky-A2-4",31.69534,238.90682,NA,NA,NA,NA,240.1009742,-21.003590134,NA,NA,NA,NA,NA,NA,NA,NA,NA,NA,NA,NA,NA,"",NA,NA,NA,31695.34,238906.82,1,"S",0.140244867256637,1.05710982300885
NA,"Sky-A2-5",43.15344,237.10513,NA,NA,NA,NA,240.1521061,-21.011065338,NA,NA,NA,NA,NA,NA,NA,NA,NA,NA,NA,NA,NA,"",NA,NA,NA,43153.44,237105.13,1,"S",0.190944424778761,1.04913774336283
NA,"Sky-A2-6",54.51158,234.75423,NA,NA,NA,NA,240.2027987,-21.020813991,NA,NA,NA,NA,NA,NA,NA,NA,NA,NA,NA,NA,NA,"",NA,NA,NA,54511.58,234754.23,1,"S",0.241201681415929,1.03873553097345
NA,"Sky-A2-7",65.74346,231.85957,NA,NA,NA,NA,240.2529366,-21.032813771,NA,NA,NA,NA,NA,NA,NA,NA,NA,NA,NA,NA,NA,"",NA,NA,NA,65743.46,231859.57,1,"S",0.290900265486726,1.02592730088496
NA,"Sky-A3-1",231.67752,66.38214,NA,NA,NA,NA,240.9977126,-21.719302944,NA,NA,NA,NA,NA,NA,NA,NA,NA,NA,NA,NA,NA,"",NA,NA,NA,231677.52,66382.14,1,"S",1.0251217699115,0.293726283185841
NA,"Sky-A3-2",234.60313,55.15828,NA,NA,NA,NA,241.0111331,-21.765949214,NA,NA,NA,NA,NA,NA,NA,NA,NA,NA,NA,NA,NA,"",NA,NA,NA,234603.13,55158.28,1,"S",1.03806694690265,0.244063185840708
NA,"Sky-A3-3",236.98531,43.80666,NA,NA,NA,NA,241.0221299,-21.813138816,NA,NA,NA,NA,NA,NA,NA,NA,NA,NA,NA,NA,NA,"",NA,NA,NA,236985.31,43806.66,1,"S",1.04860756637168,0.193834778761062
NA,"Sky-A3-4",238.81857,32.35357,NA,NA,NA,NA,241.0306755,-21.860762998,NA,NA,NA,NA,NA,NA,NA,NA,NA,NA,NA,NA,NA,"",NA,NA,NA,238818.57,32353.57,1,"S",1.05671933628319,0.143157389380531
NA,"Sky-A3-5",240.09865,20.82553,NA,NA,NA,NA,241.0367479,-21.908711935,NA,NA,NA,NA,NA,NA,NA,NA,NA,NA,NA,NA,NA,"",NA,NA,NA,240098.65,20825.53,1,"S",1.06238340707965,0.0921483628318584
NA,"Sky-A3-6",240.82258,9.24926,NA,NA,NA,NA,241.0403309,-21.956874856,NA,NA,NA,NA,NA,NA,NA,NA,NA,NA,NA,NA,NA,"",NA,NA,NA,240822.58,9249.26,1,"S",1.06558663716814,0.0409259292035398
NA,"Sky-A3-7",240.98869,2.34844,NA,NA,NA,NA,241.0412769,-21.985592069,NA,NA,NA,NA,NA,NA,NA,NA,NA,NA,NA,NA,NA,"",NA,NA,NA,240988.69,2348.44,1,"S",1.06632163716814,0.0103913274336283
NA,"Sky-A4-1",210.21182,-117.86456,NA,NA,NA,NA,240.9062507,-22.486656155,NA,NA,NA,NA,NA,NA,NA,NA,NA,NA,NA,NA,NA,"",NA,NA,NA,210211.82,-117864.56,1,"S",0.930140796460177,-0.521524601769911
NA,"Sky-A4-2",204.2974,-127.84223,NA,NA,NA,NA,240.8798729,-22.528316323,NA,NA,NA,NA,NA,NA,NA,NA,NA,NA,NA,NA,NA,"",NA,NA,NA,204297.4,-127842.23,1,"S",0.903970796460177,-0.565673584070796
NA,"Sky-A4-3",197.90977,-137.52377,NA,NA,NA,NA,240.8513412,-22.56875117,NA,NA,NA,NA,NA,NA,NA,NA,NA,NA,NA,NA,NA,"",NA,NA,NA,197909.77,-137523.77,1,"S",0.875706946902655,-0.608512256637168
NA,"Sky-A4-4",191.06371,-146.88677,NA,NA,NA,NA,240.8207206,-22.607866215,NA,NA,NA,NA,NA,NA,NA,NA,NA,NA,NA,NA,NA,"",NA,NA,NA,191063.71,-146886.77,1,"S",0.845414646017699,-0.649941460176991
NA,"Sky-A4-5",183.77509,-155.90952,NA,NA,NA,NA,240.7880812,-22.645569827,NA,NA,NA,NA,NA,NA,NA,NA,NA,NA,NA,NA,NA,"",NA,NA,NA,183775.09,-155909.52,1,"S",0.813164115044248,-0.689865132743363
NA,"Sky-A4-6",176.06079,-164.57115,NA,NA,NA,NA,240.7534977,-22.681773816,NA,NA,NA,NA,NA,NA,NA,NA,NA,NA,NA,NA,NA,"",NA,NA,NA,176060.79,-164571.15,1,"S",0.779030044247788,-0.72819092920354
NA,"Sky-A4-7",167.93867,-172.85157,NA,NA,NA,NA,240.7170499,-22.716393205,NA,NA,NA,NA,NA,NA,NA,NA,NA,NA,NA,NA,NA,"",NA,NA,NA,167938.67,-172851.57,1,"S",0.743091460176991,-0.764829955752212
NA,"Sky-A5-1",-148.4702,-189.83588,NA,NA,NA,NA,239.2891558,-22.787659915,NA,NA,NA,NA,NA,NA,NA,NA,NA,NA,NA,NA,NA,"",NA,NA,NA,-148470.2,-189835.88,1,"S",-0.656947787610619,-0.839981769911504
NA,"Sky-A5-2",-157.43205,-182.47249,NA,NA,NA,NA,239.2488331,-22.756859067,NA,NA,NA,NA,NA,NA,NA,NA,NA,NA,NA,NA,NA,"",NA,NA,NA,-157432.05,-182472.49,1,"S",-0.696601991150442,-0.807400398230088
NA,"Sky-A5-3",-166.02924,-174.68645,NA,NA,NA,NA,239.2101809,-22.724295326,NA,NA,NA,NA,NA,NA,NA,NA,NA,NA,NA,NA,NA,"",NA,NA,NA,-166029.24,-174686.45,1,"S",-0.734642654867257,-0.77294889380531
NA,"Sky-A5-4",-174.24185,-166.49577,NA,NA,NA,NA,239.1732891,-22.690045049,NA,NA,NA,NA,NA,NA,NA,NA,NA,NA,NA,NA,NA,"",NA,NA,NA,-174241.85,-166495.77,1,"S",-0.770981637168142,-0.736706946902655
NA,"Sky-A5-5",-182.05086,-157.91943,NA,NA,NA,NA,239.1382431,-22.654188638,NA,NA,NA,NA,NA,NA,NA,NA,NA,NA,NA,NA,NA,"",NA,NA,NA,-182050.86,-157919.43,1,"S",-0.805534778761062,-0.698758539823009
NA,"Sky-A5-6",-189.43818,-148.97731,NA,NA,NA,NA,239.105124,-22.616810244,NA,NA,NA,NA,NA,NA,NA,NA,NA,NA,NA,NA,NA,"",NA,NA,NA,-189438.18,-148977.31,1,"S",-0.83822203539823,-0.659191637168142
NA,"Sky-A5-7",-196.38671,-139.6901,NA,NA,NA,NA,239.074008,-22.577997382,NA,NA,NA,NA,NA,NA,NA,NA,NA,NA,NA,NA,NA,"",NA,NA,NA,-196386.71,-139690.1,1,"S",-0.868967743362832,-0.61809778761062
NA,"Sky-H1-1",-181.17025,158.92893,NA,NA,NA,NA,239.1492469,-21.334722273,NA,NA,NA,NA,NA,NA,NA,NA,NA,NA,NA,NA,NA,"",NA,NA,NA,-181170.25,158928.93,1,"S",-0.801638274336283,0.703225353982301
NA,"Sky-H1-2",-173.31368,167.46173,NA,NA,NA,NA,239.1845687,-21.299338749,NA,NA,NA,NA,NA,NA,NA,NA,NA,NA,NA,NA,NA,"",NA,NA,NA,-173313.68,167461.73,1,"S",-0.766874690265487,0.74098110619469
NA,"Sky-H1-3",-165.05567,175.60663,NA,NA,NA,NA,239.2216612,-21.265571985,NA,NA,NA,NA,NA,NA,NA,NA,NA,NA,NA,NA,NA,"",NA,NA,NA,-165055.67,175606.63,1,"S",-0.73033482300885,0.777020486725664
NA,"Sky-H1-4",-156.41534,183.34477,NA,NA,NA,NA,239.2604384,-21.233499199,NA,NA,NA,NA,NA,NA,NA,NA,NA,NA,NA,NA,NA,"",NA,NA,NA,-156415.34,183344.77,1,"S",-0.692103274336283,0.811260044247788
NA,"Sky-H1-5",-147.4127,190.65822,NA,NA,NA,NA,239.3008108,-21.203193735,NA,NA,NA,NA,NA,NA,NA,NA,NA,NA,NA,NA,NA,"",NA,NA,NA,-147412.7,190658.22,1,"S",-0.652268584070796,0.843620442477876
NA,"Sky-H1-6",-138.06861,197.53006,NA,NA,NA,NA,239.3426853,-21.174724751,NA,NA,NA,NA,NA,NA,NA,NA,NA,NA,NA,NA,NA,"",NA,NA,NA,-138068.61,197530.06,1,"S",-0.610923053097345,0.874026814159292
NA,"Sky-H1-7",-128.4047,203.94434,NA,NA,NA,NA,239.3859656,-21.148157375,NA,NA,NA,NA,NA,NA,NA,NA,NA,NA,NA,NA,NA,"",NA,NA,NA,-128404.7,203944.34,1,"S",-0.568162389380531,0.902408584070796
NA,"Sky-H1-8",-118.44464,209.88551,NA,NA,NA,NA,239.4305464,-21.123555101,NA,NA,NA,NA,NA,NA,NA,NA,NA,NA,NA,NA,NA,"",NA,NA,NA,-118444.64,209885.51,1,"S",-0.524091327433628,0.928696946902655
NA,"Sky-H2-1",-100.81652,218.89973,NA,NA,NA,NA,239.5093946,-21.086238654,NA,NA,NA,NA,NA,NA,NA,NA,NA,NA,NA,NA,NA,"",NA,NA,NA,-100816.52,218899.73,1,"S",-0.446090796460177,0.968582876106195
NA,"Sky-H2-2",-90.16757,223.49692,NA,NA,NA,NA,239.5569971,-21.067213571,NA,NA,NA,NA,NA,NA,NA,NA,NA,NA,NA,NA,NA,"",NA,NA,NA,-90167.57,223496.92,1,"S",-0.398971548672566,0.988924424778761
NA,"Sky-H2-3",-79.30977,227.57641,NA,NA,NA,NA,239.6055145,-21.050335133,NA,NA,NA,NA,NA,NA,NA,NA,NA,NA,NA,NA,NA,"",NA,NA,NA,-79309.77,227576.41,1,"S",-0.350928185840708,1.00697526548673
NA,"Sky-H2-4",-68.26826,231.12877,NA,NA,NA,NA,239.654836,-21.035641663,NA,NA,NA,NA,NA,NA,NA,NA,NA,NA,NA,NA,NA,"",NA,NA,NA,-68268.26,231128.77,1,"S",-0.302071946902655,1.02269367256637
NA,"Sky-H2-5",-57.06862,234.14576,NA,NA,NA,NA,239.7048492,-21.023166612,NA,NA,NA,NA,NA,NA,NA,NA,NA,NA,NA,NA,NA,"",NA,NA,NA,-57068.62,234145.76,1,"S",-0.252516017699115,1.03604318584071
NA,"Sky-H2-6",-45.73679,236.62039,NA,NA,NA,NA,239.7554401,-21.012938325,NA,NA,NA,NA,NA,NA,NA,NA,NA,NA,NA,NA,NA,"",NA,NA,NA,-45736.79,236620.39,1,"S",-0.20237517699115,1.04699287610619
NA,"Sky-H2-7",-34.29902,238.54693,NA,NA,NA,NA,239.8064936,-21.004980004,NA,NA,NA,NA,NA,NA,NA,NA,NA,NA,NA,NA,NA,"",NA,NA,NA,-34299.02,238546.93,1,"S",-0.151765575221239,1.05551738938053
NA,"Sky-H2-8",-22.78326,239.92079,NA,NA,NA,NA,239.8578869,-20.999310209,NA,NA,NA,NA,NA,NA,NA,NA,NA,NA,NA,NA,NA,"",NA,NA,NA,-22783.26,239920.79,1,"S",-0.100810884955752,1.0615964159292
NA,"Sky-H3-1",184.61356,154.91577,NA,NA,NA,NA,240.7849318,-21.351762976,NA,NA,NA,NA,NA,NA,NA,NA,NA,NA,NA,NA,NA,"",NA,NA,NA,184613.56,154915.77,1,"S",0.816874159292035,0.685468008849557
NA,"Sky-H3-2",191.8534,145.85382,NA,NA,NA,NA,240.8174962,-21.389351614,NA,NA,NA,NA,NA,NA,NA,NA,NA,NA,NA,NA,NA,"",NA,NA,NA,191853.4,145853.82,1,"S",0.848908849557522,0.645370884955752
NA,"Sky-H3-3",198.64884,136.45402,NA,NA,NA,NA,240.8480964,-21.428348778,NA,NA,NA,NA,NA,NA,NA,NA,NA,NA,NA,NA,NA,"",NA,NA,NA,198648.84,136454.02,1,"S",0.878977168141593,0.603778849557522
NA,"Sky-H3-4",204.98415,126.73816,NA,NA,NA,NA,240.8766612,-21.468665035,NA,NA,NA,NA,NA,NA,NA,NA,NA,NA,NA,NA,NA,"",NA,NA,NA,204984.15,126738.16,1,"S",0.907009513274336,0.560788318584071
NA,"Sky-H3-5",210.84465,116.72873,NA,NA,NA,NA,240.9031235,-21.510208011,NA,NA,NA,NA,NA,NA,NA,NA,NA,NA,NA,NA,NA,"",NA,NA,NA,210844.65,116728.73,1,"S",0.93294092920354,0.516498805309734
NA,"Sky-H3-6",216.21677,106.44891,NA,NA,NA,NA,240.9274211,-21.552882419,NA,NA,NA,NA,NA,NA,NA,NA,NA,NA,NA,NA,NA,"",NA,NA,NA,216216.77,106448.91,1,"S",0.956711371681416,0.471012876106195
NA,"Sky-H3-7",221.08806,95.92253,NA,NA,NA,NA,240.9494966,-21.59659022,NA,NA,NA,NA,NA,NA,NA,NA,NA,NA,NA,NA,NA,"",NA,NA,NA,221088.06,95922.53,1,"S",0.978265752212389,0.424435973451327
NA,"Sky-H3-8",225.44672,85.17533,NA,NA,NA,NA,240.9692952,-21.641225376,NA,NA,NA,NA,NA,NA,NA,NA,NA,NA,NA,NA,NA,"",NA,NA,NA,225446.72,85175.33,1,"S",0.99755185840708,0.376881991150442
NA,"Sky-H4-1",239.9828,-22.12059,NA,NA,NA,NA,241.0374743,-22.087457302,NA,NA,NA,NA,NA,NA,NA,NA,NA,NA,NA,NA,NA,"",NA,NA,NA,239982.8,-22120.59,1,"S",1.06187079646018,-0.0978787168141593
NA,"Sky-H4-2",238.64054,-33.64155,NA,NA,NA,NA,241.0317812,-22.135440896,NA,NA,NA,NA,NA,NA,NA,NA,NA,NA,NA,NA,NA,"",NA,NA,NA,238640.54,-33641.55,1,"S",1.05593159292035,-0.148856415929204
NA,"Sky-H4-3",236.74552,-45.08459,NA,NA,NA,NA,241.0235991,-22.183113806,NA,NA,NA,NA,NA,NA,NA,NA,NA,NA,NA,NA,NA,"",NA,NA,NA,236745.52,-45084.59,1,"S",1.04754654867257,-0.199489336283186
NA,"Sky-H4-4",234.30213,-56.42319,NA,NA,NA,NA,241.0129446,-22.230365367,NA,NA,NA,NA,NA,NA,NA,NA,NA,NA,NA,NA,NA,"",NA,NA,NA,234302.13,-56423.19,1,"S",1.03673508849558,-0.249660132743363
NA,"Sky-H4-5",231.31601,-67.6311,NA,NA,NA,NA,240.9998402,-22.27708591,NA,NA,NA,NA,NA,NA,NA,NA,NA,NA,NA,NA,NA,"",NA,NA,NA,231316.01,-67631.1,1,"S",1.02352216814159,-0.299252654867257
NA,"Sky-H4-6",227.79409,-78.68236,NA,NA,NA,NA,240.9843139,-22.323166847,NA,NA,NA,NA,NA,NA,NA,NA,NA,NA,NA,NA,NA,"",NA,NA,NA,227794.09,-78682.36,1,"S",1.00793845132743,-0.34815203539823
NA,"Sky-H4-7",223.74453,-89.55136,NA,NA,NA,NA,240.9663998,-22.368500926,NA,NA,NA,NA,NA,NA,NA,NA,NA,NA,NA,NA,NA,"",NA,NA,NA,223744.53,-89551.36,1,"S",0.990020044247788,-0.396244955752212
NA,"Sky-H4-8",219.17732,-100.21161,NA,NA,NA,NA,240.9461401,-22.412977105,NA,NA,NA,NA,NA,NA,NA,NA,NA,NA,NA,NA,NA,"",NA,NA,NA,219177.32,-100211.61,1,"S",0.969811150442478,-0.443414203539823
NA,"Sky-H5-1",41.83481,-237.34134,NA,NA,NA,NA,240.1485671,-22.986362864,NA,NA,NA,NA,NA,NA,NA,NA,NA,NA,NA,NA,NA,"",NA,NA,NA,41834.81,-237341.34,1,"S",0.185109778761062,-1.05018292035398
NA,"Sky-H5-2",30.36687,-239.07931,NA,NA,NA,NA,240.0967423,-22.993654386,NA,NA,NA,NA,NA,NA,NA,NA,NA,NA,NA,NA,NA,"",NA,NA,NA,30366.87,-239079.31,1,"S",0.134366681415929,-1.05787305309735
NA,"Sky-H5-3",18.8286,-240.26349,NA,NA,NA,NA,240.0445918,-22.998626746,NA,NA,NA,NA,NA,NA,NA,NA,NA,NA,NA,NA,NA,"",NA,NA,NA,18828.6,-240263.49,1,"S",0.083312389380531,-1.06311278761062
NA,"Sky-H5-4",7.2467,-240.89115,NA,NA,NA,NA,239.9922385,-23.001268154,NA,NA,NA,NA,NA,NA,NA,NA,NA,NA,NA,NA,NA,"",NA,NA,NA,7246.7,-240891.15,1,"S",0.0320650442477876,-1.06589004424779
NA,"Sky-H5-5",-4.35197,-240.96083,NA,NA,NA,NA,239.9398063,-23.001572246,NA,NA,NA,NA,NA,NA,NA,NA,NA,NA,NA,NA,NA,"",NA,NA,NA,-4351.97,-240960.83,1,"S",-0.0192565044247788,-1.06619836283186
NA,"Sky-H5-6",-15.94057,-240.47237,NA,NA,NA,NA,239.8874192,-22.999538205,NA,NA,NA,NA,NA,NA,NA,NA,NA,NA,NA,NA,NA,"",NA,NA,NA,-15940.57,-240472.37,1,"S",-0.0705334955752212,-1.06403703539823
NA,"Sky-H5-7",-27.49224,-239.4269,NA,NA,NA,NA,239.8352009,-22.995170723,NA,NA,NA,NA,NA,NA,NA,NA,NA,NA,NA,NA,NA,"",NA,NA,NA,-27492.24,-239426.9,1,"S",-0.121647079646018,-1.0594110619469
NA,"Sky-H5-8",-38.97879,-237.82707,NA,NA,NA,NA,239.7832813,-22.98848096,NA,NA,NA,NA,NA,NA,NA,NA,NA,NA,NA,NA,NA,"",NA,NA,NA,-38978.79,-237827.07,1,"S",-0.172472522123894,-1.05233216814159
NA,"Sky-H6-1",-58.36925,-233.82492,NA,NA,NA,NA,239.6956528,-22.971736681,NA,NA,NA,NA,NA,NA,NA,NA,NA,NA,NA,NA,NA,"",NA,NA,NA,-58369.25,-233824.92,1,"S",-0.258271017699115,-1.03462353982301
NA,"Sky-H6-2",-69.55194,-230.74573,NA,NA,NA,NA,239.6451305,-22.958850809,NA,NA,NA,NA,NA,NA,NA,NA,NA,NA,NA,NA,NA,"",NA,NA,NA,-69551.94,-230745.73,1,"S",-0.307751946902655,-1.02099880530973
NA,"Sky-H6-3",-80.57354,-227.13205,NA,NA,NA,NA,239.5953491,-22.943726997,NA,NA,NA,NA,NA,NA,NA,NA,NA,NA,NA,NA,NA,"",NA,NA,NA,-80573.54,-227132.05,1,"S",-0.356520088495575,-1.00500907079646
NA,"Sky-H6-4",-91.4085,-222.99226,NA,NA,NA,NA,239.5464261,-22.926400863,NA,NA,NA,NA,NA,NA,NA,NA,NA,NA,NA,NA,NA,"",NA,NA,NA,-91408.5,-222992.26,1,"S",-0.404462389380531,-0.986691415929204
NA,"Sky-H6-5",-102.03172,-218.33596,NA,NA,NA,NA,239.4984767,-22.906913218,NA,NA,NA,NA,NA,NA,NA,NA,NA,NA,NA,NA,NA,"",NA,NA,NA,-102031.72,-218335.96,1,"S",-0.45146778761062,-0.966088318584071
NA,"Sky-H6-6",-112.41861,-213.17391,NA,NA,NA,NA,239.4516136,-22.88530981,NA,NA,NA,NA,NA,NA,NA,NA,NA,NA,NA,NA,NA,"",NA,NA,NA,-112418.61,-213173.91,1,"S",-0.497427477876106,-0.943247389380531
NA,"Sky-H6-7",-122.54511,-207.51809,NA,NA,NA,NA,239.405947,-22.861641555,NA,NA,NA,NA,NA,NA,NA,NA,NA,NA,NA,NA,NA,"",NA,NA,NA,-122545.11,-207518.09,1,"S",-0.542235,-0.918221637168142
NA,"Sky-H6-8",-132.38652,-201.3824,NA,NA,NA,NA,239.3615896,-22.83596747,NA,NA,NA,NA,NA,NA,NA,NA,NA,NA,NA,NA,NA,"",NA,NA,NA,-132386.52,-201382.4,1,"S",-0.585781061946903,-0.891072566371681
NA,"Sky-H7-1",-207.18967,-123.09956,NA,NA,NA,NA,239.0257176,-22.508683339,NA,NA,NA,NA,NA,NA,NA,NA,NA,NA,NA,NA,NA,"",NA,NA,NA,-207189.67,-123099.56,1,"S",-0.916768451327434,-0.544688318584071
NA,"Sky-H7-2",-212.87255,-112.98823,NA,NA,NA,NA,239.0003683,-22.466452157,NA,NA,NA,NA,NA,NA,NA,NA,NA,NA,NA,NA,NA,"",NA,NA,NA,-212872.55,-112988.23,1,"S",-0.941913938053097,-0.499947920353982
NA,"Sky-H7-3",-218.06235,-102.61518,NA,NA,NA,NA,238.9772611,-22.423138386,NA,NA,NA,NA,NA,NA,NA,NA,NA,NA,NA,NA,NA,"",NA,NA,NA,-218062.35,-102615.18,1,"S",-0.964877654867257,-0.454049469026549
NA,"Sky-H7-4",-222.74704,-92.00444,NA,NA,NA,NA,238.9564483,-22.378843222,NA,NA,NA,NA,NA,NA,NA,NA,NA,NA,NA,NA,NA,"",NA,NA,NA,-222747.04,-92004.44,1,"S",-0.985606371681416,-0.407099292035398
NA,"Sky-H7-5",-226.91579,-81.18059,NA,NA,NA,NA,238.9379762,-22.33367007,NA,NA,NA,NA,NA,NA,NA,NA,NA,NA,NA,NA,NA,"",NA,NA,NA,-226915.79,-81180.59,1,"S",-1.00405216814159,-0.359206150442478
NA,"Sky-H7-6",-230.55892,-70.1687,NA,NA,NA,NA,238.9218861,-22.28772429,NA,NA,NA,NA,NA,NA,NA,NA,NA,NA,NA,NA,NA,"",NA,NA,NA,-230558.92,-70168.7,1,"S",-1.02017221238938,-0.310480973451327
NA,"Sky-H7-7",-233.66801,-58.99428,NA,NA,NA,NA,238.9082132,-22.241112972,NA,NA,NA,NA,NA,NA,NA,NA,NA,NA,NA,NA,NA,"",NA,NA,NA,-233668.01,-58994.28,1,"S",-1.03392924778761,-0.261036637168142
NA,"Sky-H7-8",-236.23556,-47.68464,NA,NA,NA,NA,238.8969884,-22.193950605,NA,NA,NA,NA,NA,NA,NA,NA,NA,NA,NA,NA,NA,"",NA,NA,NA,-236235.56,-47684.64,1,"S",-1.04529008849558,-0.210993982300885
