#OBSTEMP,8
#CONFIGTEMP,19
#EQUINOX,J2000.0
#CENTRE,16 00 19.71,-22 12 04.8 #Field centre
#UTTIME,12 00 00.00 #Target observing time
#UTDATE,2021 07 10 #Target observing date
#PLATEID,a test_plateID
#LABEL,240_m20_comissioning Tile 013
#TILING_DATE,2021 06 07 # Date the tile was created/configured
#PROXIMITY,220 # tiling proximity value in arcseconds
"probe","ID","x","y","rads","angs","azAngs","angs_azAng","RA","DEC","g_mag","r_mag","i_mag","z_mag","y_mag","GAIA_g_mag","GAIA_bp_mag","GAIA_rp_mag","pmRA","pmDEC","priority","remaining_observations","Tile_number","COMPLETED","MagnetX_noDC","MagnetY_noDC","type","MagnetX","MagnetY","Position","fibre_type","fraction_plate_radius_X","fraction_plate_radius_Y"
1,"6237411820929980416",-175.03475,-79.13148,192.091006646727,2.73095753370783,0.424590706093663,2.30636682761417,239.28264,-22.533175,15.5790996551514,14.9891996383667,14.7597999572754,14.6529998779297,14.5841999053955,15.020659,15.490179,14.387431,-5.57331216551558,-1.56998497939036,1,1,-999,"False",-180682.999189194,-74995.119243243,1,-175034.75,-79131.48,NA,"P",-0.774490044247788,-0.350139292035398
2,"6243246448106484096",43.65789,-11.64768,45.184951130155,1.36987105127793,2.880871024665,4.77218533379251,240.28484,-22.25128,16.81130027771,15.9081001281738,15.5581998825073,15.3797998428345,15.2607002258301,15.952079,16.603697,15.177657,-5.20174996276736,-8.84064339458485,1,1,-999,"False",45814.2008108101,-11286.8492432425,1,43657.89,-11647.68,NA,"P",0.193176504424779,-0.051538407079646
3,"6243356536707899648",184.2453,88.97453,204.604001820128,0.955437719071951,3.59147780930456,3.64714521694697,240.91736,-21.82483,18.6912994384766,17.4610996246338,16.8428001403809,16.5172004699707,16.3185997009277,17.392654,18.296143,16.424664,3.3736845435936,-3.48272010594463,1,1,-999,"False",188763.72081081,85090.8507567573,1,184245.3,88974.53,NA,"P",0.815244690265487,0.393692610619469
4,"6243232635491828608",132.719,-41.38945,139.023089925028,4.32493935797686,2.83929299369936,1.4856463642775,240.6931,-22.376421,17.0223999023438,16.31369972229,15.9848003387451,15.8138999938965,15.6878995895386,16.322445,16.892124,15.597687,-2.12547222464487,-3.64965825318525,1,1,-999,"False",138080.960810807,-39568.7152432431,1,132719,-41389.45,NA,"P",0.587252212389381,-0.183139159292035
5,"6243444085318808320",46.93182,41.64074,62.7419074961863,3.58878537008172,3.86732448651419,6.00464619074712,240.2994,-22.022497,17.3817005157471,16.986400604248,16.8239002227783,16.7598991394043,16.7024993896484,17.00157,17.356657,16.456228,-4.07067031381811,-6.24614863707363,1,1,-999,"False",49104.7608108075,40418.1087567567,1,46931.82,41640.74,NA,"P",0.207662920353982,0.184251061946903
6,"6243469408445769600",-132.80798,-3.48577,132.853717088282,-1.07558699316808,0.0262406663721024,5.18135764763941,239.47064,-22.215021,17.1455001831055,16.6002006530762,16.3687000274658,16.255500793457,16.1793994903564,16.619205,17.0546,15.996954,4.3560466970451,0.562373078994206,1,1,-999,"False",-138194.99918919,-3092.31524324301,1,-132807.98,-3485.77,NA,"P",-0.58764592920354,-0.0154237610619469
7,"6243195801851770624",45.63466,-124.60092,132.694805693976,1.14790078821731,1.92187076309872,5.50921533229817,240.29291,-22.732094,18.4353008270264,17.7581996917725,17.4631996154785,17.3227996826172,17.2068996429443,17.7817,18.23403,17.065924,-9.80015065663223,-7.56142899492821,1,1,-999,"False",47638.0208108109,-119950.813243243,1,45634.66,-124600.92,NA,"P",0.201923274336283,-0.551331504424779
8,"6243130277830370944",106.4178,-174.43013,204.329680684566,0.451250391718665,2.11860076926741,4.61583492963084,240.56816,-22.934385,18.4083003997803,17.800500869751,17.5063991546631,17.3558006286621,17.2367000579834,17.82023,18.272583,17.120493,-1.05095275986527,-6.00376739041126,1,1,-999,"False",109844.520810811,-165668.579243243,1,106417.8,-174430.13,NA,"P",0.470875221238938,-0.771814734513274
9,"6243416322651005440",-89.60803,-46.43624,100.925335896486,2.03366909205886,0.478113325919516,1.55555576613934,239.66731,-22.399527,14.9980001449585,14.2189998626709,13.854700088501,13.6656999588013,13.5349998474121,14.220559,14.845707,13.471219,-5.77040373568033,0.0907941001817123,1,1,-999,"False",-93747.5791891872,-44790.6712432428,1,-89608.03,-46436.24,NA,"P",-0.396495707964602,-0.205470088495575
10,"6237479578334291072",-191.61918,0.7113,191.620500186077,4.63327101546051,-0.00371203306971246,4.63698304853022,239.20876,-22.19596,17.93869972229,17.2824993133545,16.9918994903564,16.8456001281738,16.7259006500244,17.315975,17.812235,16.608772,-4.68564646529672,-0.215935365255954,1,1,-999,"False",-197379.879189188,1215.47075675713,1,-191619.18,711.3,NA,"P",-0.847872477876106,0.00314734513274336
11,"6237393301030788224",-120.2611,-121.40824,170.887954265676,2.14483665112664,0.790144861445818,1.35469178968082,239.5298,-22.714699,17.1161994934082,16.3794002532959,16.0492992401123,15.8868999481201,15.7821998596191,16.397753,16.978899,15.669503,-4.44191945940824,-1.64387169696603,1,1,-999,"False",-124824.839189192,-116019.543243243,1,-120261.1,-121408.24,NA,"P",-0.532128761061947,-0.537204601769912
12,"6237459301789046272",-183.47516,-63.52486,194.161124262931,4.48595396026828,0.333313547574628,4.15264041269365,239.24483,-22.467035,17.9699001312256,17.2966995239258,17.0028991699219,16.838399887085,16.7099990844727,17.320276,17.845942,16.611368,-10.4773252301755,0.443463437550258,1,1,-999,"False",-189228.059189195,-60047.4792432428,1,-183475.16,-63524.86,NA,"P",-0.811836991150442,-0.281083451327434
13,"6243551528222659456",97.6625,112.67965,149.112935154441,3.0160387103924,3.99826380317601,5.30096021439598,240.52933,-21.721436,18.1056995391846,17.4671993255615,17.1735992431641,17.0331993103027,16.9314002990723,17.486034,18.003614,16.786163,-3.42841581638542,-1.85436931594143,1,1,-999,"False",101068.940810807,108457.894756758,1,97662.5,112679.65,NA,"P",0.432134955752212,0.498582522123894
14,"6243250158958430208",109.43418,7.73391,109.707124272585,4.12160022742463,3.21214714368915,0.909453083735482,240.58727,-22.167526,18.0412998199463,17.4923992156982,17.2283000946045,17.0972003936768,17.0048007965088,17.505375,17.93847,16.845564,2.41317469353466,-7.15115183840618,1,1,-999,"False",114163.380810814,7641.5547567565,1,109434.18,7733.91,NA,"P",0.48422203539823,0.0342208407079646
15,"6243462257319635968",20.88505,91.0411,93.4059270213218,3.18492424753957,4.4868882087119,4.98122134600725,240.17851,-21.811283,17.770299911499,17.1825008392334,16.9158000946045,16.7765007019043,16.6783008575439,17.19894,17.67535,16.530663,-7.41378690097584,-0.622595841635268,1,1,-999,"False",21783.6208108133,88152.4727567571,1,20885.05,91041.1,NA,"P",0.0924117256637168,0.402836725663717
16,"6243255003681359360",69.63362,22.80567,73.2730483769667,3.76253178527563,3.45809260577073,0.304439179504895,240.40437,-22.103258,18.3278007507324,17.7276000976563,17.4524002075195,17.338399887085,17.244800567627,17.750534,18.211573,17.066795,-5.86369794681173,-1.8341968483976,1,1,-999,"False",72827.9808108159,22166.1227567569,1,69633.62,22805.67,NA,"P",0.308113362831858,0.100910044247788
17,"6243455183514478976",-56.06143,45.42122,72.1524161752973,-0.450668346501412,-0.680932268622364,0.230263922120952,239.8228,-22.006319,15.6476001739502,14.9937000274658,14.7564001083374,14.6336002349854,14.5583000183105,15.031872,15.532604,14.379479,-3.820030079297,-4.03410997458121,1,1,-999,"False",-58606.8391891903,44074.3367567567,1,-56061.43,45421.22,NA,"P",-0.248059424778761,0.200978849557522
18,"6243222946045100544",106.35986,-81.35678,133.907973889489,0.936753184439508,2.48861095166301,4.73132753995609,240.5727,-22.547205,17.2110004425049,16.5352993011475,16.2155990600586,16.0492000579834,15.9242000579834,16.543694,17.064577,15.825532,-4.46322478963288,-3.34869583109249,1,1,-999,"False",110870.560810809,-78165.8992432426,1,106359.86,-81356.78,NA,"P",0.470618849557522,-0.359985752212389
19,"6243495075171096832",-144.05441,70.90653,160.559674380241,2.02252134333276,-0.457404642282736,2.4799259856155,239.42287,-21.898893,16.5921993255615,16.0069999694824,15.7210998535156,15.58899974823,15.4949998855591,16.00643,16.502193,15.3475275,-7.82670721418287,-1.67016838670496,1,1,-999,"False",-148991.019189187,68352.6127567568,1,-144054.41,70906.53,NA,"P",-0.63740889380531,0.313745707964602
20,"6243634644429170176",21.8634,210.69178,211.823120596238,2.62965569519652,4.6089894685878,4.30385153378831,239.82806,-21.469751,17.50830078125,17.6266994476318,17.7833995819092,17.9060001373291,17.9892997741699,17.520649,17.491669,17.412678,-1.04404339245805,-6.9236254813894,1,NA,NA,"",-57418.0791891856,165338.704756757,0,-55906.61,172919.73,NA,"P",-0.247374380530973,0.765131548672566
21,"6243535688381750528",-55.90661,172.91973,181.732721503215,0.404885498857181,-1.25809408898579,1.66297958784297,240.18079,-21.315779,15.8508996963501,15.8375997543335,15.887900352478,15.9075002670288,15.8635997772217,15.781014,15.901611,15.514343,-3.57079197841928,-4.37838432153782,1,NA,NA,"",22298.9008108099,200136.376756757,0,21863.4,210691.78,NA,"P",0.0967407079646018,0.932264513274336
NA,"Sky-A1-1",-226.46104,82.44066,NA,NA,NA,NA,239.0657305,-21.854722005,NA,NA,NA,NA,NA,NA,NA,NA,NA,NA,NA,NA,NA,"",NA,NA,NA,-226461.04,82440.66,1,"S",-1.00204,0.364781681415929
NA,"Sky-A1-2",-222.23219,93.24117,NA,NA,NA,NA,239.0850079,-21.809844305,NA,NA,NA,NA,NA,NA,NA,NA,NA,NA,NA,NA,NA,"",NA,NA,NA,-222232.19,93241.17,1,"S",-0.983328274336283,0.412571548672566
NA,"Sky-A1-3",-217.48859,103.8257,NA,NA,NA,NA,239.1065773,-21.765876498,NA,NA,NA,NA,NA,NA,NA,NA,NA,NA,NA,NA,NA,"",NA,NA,NA,-217488.59,103825.7,1,"S",-0.96233889380531,0.459405752212389
NA,"Sky-A1-4",-212.24121,114.16975,NA,NA,NA,NA,239.1303873,-21.722919653,NA,NA,NA,NA,NA,NA,NA,NA,NA,NA,NA,NA,NA,"",NA,NA,NA,-212241.21,114169.75,1,"S",-0.939120398230089,0.505175884955752
NA,"Sky-A1-5",-206.50222,124.24934,NA,NA,NA,NA,239.1563811,-21.681072587,NA,NA,NA,NA,NA,NA,NA,NA,NA,NA,NA,NA,NA,"",NA,NA,NA,-206502.22,124249.34,1,"S",-0.913726637168142,0.549775840707965
NA,"Sky-A1-6",-200.2849,134.04112,NA,NA,NA,NA,239.1844976,-21.640431419,NA,NA,NA,NA,NA,NA,NA,NA,NA,NA,NA,NA,NA,"",NA,NA,NA,-200284.9,134041.12,1,"S",-0.886216371681416,0.593102300884956
NA,"Sky-A1-7",-193.60365,143.52243,NA,NA,NA,NA,239.2146705,-21.601089333,NA,NA,NA,NA,NA,NA,NA,NA,NA,NA,NA,NA,NA,"",NA,NA,NA,-193603.65,143522.43,1,"S",-0.856653318584071,0.635055
NA,"Sky-A2-1",-3.01251,240.9813,NA,NA,NA,NA,240.0686976,-21.197432472,NA,NA,NA,NA,NA,NA,NA,NA,NA,NA,NA,NA,NA,"",NA,NA,NA,-3012.51,240981.3,1,"S",-0.0133296902654867,1.0662889380531
NA,"Sky-A2-2",8.5856,240.84715,NA,NA,NA,NA,240.1205179,-21.198005443,NA,NA,NA,NA,NA,NA,NA,NA,NA,NA,NA,NA,NA,"",NA,NA,NA,8585.6,240847.15,1,"S",0.0379893805309735,1.0656953539823
NA,"Sky-A2-3",20.16382,240.15512,NA,NA,NA,NA,240.1722494,-21.200887408,NA,NA,NA,NA,NA,NA,NA,NA,NA,NA,NA,NA,NA,"",NA,NA,NA,20163.82,240155.12,1,"S",0.0892204424778761,1.06263327433628
NA,"Sky-A2-4",31.69534,238.90682,NA,NA,NA,NA,240.2237746,-21.206071674,NA,NA,NA,NA,NA,NA,NA,NA,NA,NA,NA,NA,NA,"",NA,NA,NA,31695.34,238906.82,1,"S",0.140244867256637,1.05710982300885
NA,"Sky-A2-5",43.15344,237.10513,NA,NA,NA,NA,240.2749764,-21.213546382,NA,NA,NA,NA,NA,NA,NA,NA,NA,NA,NA,NA,NA,"",NA,NA,NA,43153.44,237105.13,1,"S",0.190944424778761,1.04913774336283
NA,"Sky-A2-6",54.51158,234.75423,NA,NA,NA,NA,240.3257383,-21.223294382,NA,NA,NA,NA,NA,NA,NA,NA,NA,NA,NA,NA,NA,"",NA,NA,NA,54511.58,234754.23,1,"S",0.241201681415929,1.03873553097345
NA,"Sky-A2-7",65.74346,231.85957,NA,NA,NA,NA,240.3759449,-21.235293361,NA,NA,NA,NA,NA,NA,NA,NA,NA,NA,NA,NA,NA,"",NA,NA,NA,65743.46,231859.57,1,"S",0.290900265486726,1.02592730088496
NA,"Sky-A3-1",231.67752,66.38214,NA,NA,NA,NA,241.1217884,-21.921752161,NA,NA,NA,NA,NA,NA,NA,NA,NA,NA,NA,NA,NA,"",NA,NA,NA,231677.52,66382.14,1,"S",1.0251217699115,0.293726283185841
NA,"Sky-A3-2",234.60313,55.15828,NA,NA,NA,NA,241.1352314,-21.968397558,NA,NA,NA,NA,NA,NA,NA,NA,NA,NA,NA,NA,NA,"",NA,NA,NA,234603.13,55158.28,1,"S",1.03806694690265,0.244063185840708
NA,"Sky-A3-3",236.98531,43.80666,NA,NA,NA,NA,241.1462473,-22.015586433,NA,NA,NA,NA,NA,NA,NA,NA,NA,NA,NA,NA,NA,"",NA,NA,NA,236985.31,43806.66,1,"S",1.04860756637168,0.193834778761062
NA,"Sky-A3-4",238.81857,32.35357,NA,NA,NA,NA,241.1548087,-22.063210041,NA,NA,NA,NA,NA,NA,NA,NA,NA,NA,NA,NA,NA,"",NA,NA,NA,238818.57,32353.57,1,"S",1.05671933628319,0.143157389380531
NA,"Sky-A3-5",240.09865,20.82553,NA,NA,NA,NA,241.1608934,-22.111158562,NA,NA,NA,NA,NA,NA,NA,NA,NA,NA,NA,NA,NA,"",NA,NA,NA,240098.65,20825.53,1,"S",1.06238340707965,0.0921483628318584
NA,"Sky-A3-6",240.82258,9.24926,NA,NA,NA,NA,241.1644851,-22.15932123,NA,NA,NA,NA,NA,NA,NA,NA,NA,NA,NA,NA,NA,"",NA,NA,NA,240822.58,9249.26,1,"S",1.06558663716814,0.0409259292035398
NA,"Sky-A3-7",240.98869,2.34844,NA,NA,NA,NA,241.1654347,-22.18803837,NA,NA,NA,NA,NA,NA,NA,NA,NA,NA,NA,NA,NA,"",NA,NA,NA,240988.69,2348.44,1,"S",1.06632163716814,0.0103913274336283
NA,"Sky-A4-1",210.21182,-117.86456,NA,NA,NA,NA,241.0302483,-22.689110648,NA,NA,NA,NA,NA,NA,NA,NA,NA,NA,NA,NA,NA,"",NA,NA,NA,210211.82,-117864.56,1,"S",0.930140796460177,-0.521524601769911
NA,"Sky-A4-2",204.2974,-127.84223,NA,NA,NA,NA,241.0038343,-22.730772305,NA,NA,NA,NA,NA,NA,NA,NA,NA,NA,NA,NA,NA,"",NA,NA,NA,204297.4,-127842.23,1,"S",0.903970796460177,-0.565673584070796
NA,"Sky-A4-3",197.90977,-137.52377,NA,NA,NA,NA,240.9752632,-22.771208715,NA,NA,NA,NA,NA,NA,NA,NA,NA,NA,NA,NA,NA,"",NA,NA,NA,197909.77,-137523.77,1,"S",0.875706946902655,-0.608512256637168
NA,"Sky-A4-4",191.06371,-146.88677,NA,NA,NA,NA,240.9445998,-22.810325383,NA,NA,NA,NA,NA,NA,NA,NA,NA,NA,NA,NA,NA,"",NA,NA,NA,191063.71,-146886.77,1,"S",0.845414646017699,-0.649941460176991
NA,"Sky-A4-5",183.77509,-155.90952,NA,NA,NA,NA,240.9119142,-22.848030663,NA,NA,NA,NA,NA,NA,NA,NA,NA,NA,NA,NA,NA,"",NA,NA,NA,183775.09,-155909.52,1,"S",0.813164115044248,-0.689865132743363
NA,"Sky-A4-6",176.06079,-164.57115,NA,NA,NA,NA,240.8772815,-22.884236349,NA,NA,NA,NA,NA,NA,NA,NA,NA,NA,NA,NA,NA,"",NA,NA,NA,176060.79,-164571.15,1,"S",0.779030044247788,-0.72819092920354
NA,"Sky-A4-7",167.93867,-172.85157,NA,NA,NA,NA,240.8407814,-22.918857447,NA,NA,NA,NA,NA,NA,NA,NA,NA,NA,NA,NA,NA,"",NA,NA,NA,167938.67,-172851.57,1,"S",0.743091460176991,-0.764829955752212
NA,"Sky-A5-1",-148.4702,-189.83588,NA,NA,NA,NA,239.4107596,-22.990127007,NA,NA,NA,NA,NA,NA,NA,NA,NA,NA,NA,NA,NA,"",NA,NA,NA,-148470.2,-189835.88,1,"S",-0.656947787610619,-0.839981769911504
NA,"Sky-A5-2",-157.43205,-182.47249,NA,NA,NA,NA,239.3703783,-22.959324423,NA,NA,NA,NA,NA,NA,NA,NA,NA,NA,NA,NA,NA,"",NA,NA,NA,-157432.05,-182472.49,1,"S",-0.696601991150442,-0.807400398230088
NA,"Sky-A5-3",-166.02924,-174.68645,NA,NA,NA,NA,239.3316704,-22.926758925,NA,NA,NA,NA,NA,NA,NA,NA,NA,NA,NA,NA,NA,"",NA,NA,NA,-166029.24,-174686.45,1,"S",-0.734642654867257,-0.77294889380531
NA,"Sky-A5-4",-174.24185,-166.49577,NA,NA,NA,NA,239.2947257,-22.892506886,NA,NA,NA,NA,NA,NA,NA,NA,NA,NA,NA,NA,NA,"",NA,NA,NA,-174241.85,-166495.77,1,"S",-0.770981637168142,-0.736706946902655
NA,"Sky-A5-5",-182.05086,-157.91943,NA,NA,NA,NA,239.2596299,-22.856648725,NA,NA,NA,NA,NA,NA,NA,NA,NA,NA,NA,NA,NA,"",NA,NA,NA,-182050.86,-157919.43,1,"S",-0.805534778761062,-0.698758539823009
NA,"Sky-A5-6",-189.43818,-148.97731,NA,NA,NA,NA,239.226464,-22.819268608,NA,NA,NA,NA,NA,NA,NA,NA,NA,NA,NA,NA,NA,"",NA,NA,NA,-189438.18,-148977.31,1,"S",-0.83822203539823,-0.659191637168142
NA,"Sky-A5-7",-196.38671,-139.6901,NA,NA,NA,NA,239.1953045,-22.780454067,NA,NA,NA,NA,NA,NA,NA,NA,NA,NA,NA,NA,NA,"",NA,NA,NA,-196386.71,-139690.1,1,"S",-0.868967743362832,-0.61809778761062
NA,"Sky-H1-1",-181.17025,158.92893,NA,NA,NA,NA,239.2707289,-21.537183404,NA,NA,NA,NA,NA,NA,NA,NA,NA,NA,NA,NA,NA,"",NA,NA,NA,-181170.25,158928.93,1,"S",-0.801638274336283,0.703225353982301
NA,"Sky-H1-2",-173.31368,167.46173,NA,NA,NA,NA,239.3061018,-21.501801647,NA,NA,NA,NA,NA,NA,NA,NA,NA,NA,NA,NA,NA,"",NA,NA,NA,-173313.68,167461.73,1,"S",-0.766874690265487,0.74098110619469
NA,"Sky-H1-3",-165.05567,175.60663,NA,NA,NA,NA,239.3432475,-21.468036652,NA,NA,NA,NA,NA,NA,NA,NA,NA,NA,NA,NA,NA,"",NA,NA,NA,-165055.67,175606.63,1,"S",-0.73033482300885,0.777020486725664
NA,"Sky-H1-4",-156.41534,183.34477,NA,NA,NA,NA,239.38208,-21.435965624,NA,NA,NA,NA,NA,NA,NA,NA,NA,NA,NA,NA,NA,"",NA,NA,NA,-156415.34,183344.77,1,"S",-0.692103274336283,0.811260044247788
NA,"Sky-H1-5",-147.4127,190.65822,NA,NA,NA,NA,239.4225097,-21.405661891,NA,NA,NA,NA,NA,NA,NA,NA,NA,NA,NA,NA,NA,"",NA,NA,NA,-147412.7,190658.22,1,"S",-0.652268584070796,0.843620442477876
NA,"Sky-H1-6",-138.06861,197.53006,NA,NA,NA,NA,239.4644432,-21.377194594,NA,NA,NA,NA,NA,NA,NA,NA,NA,NA,NA,NA,NA,"",NA,NA,NA,-138068.61,197530.06,1,"S",-0.610923053097345,0.874026814159292
NA,"Sky-H1-7",-128.4047,203.94434,NA,NA,NA,NA,239.5077841,-21.350628847,NA,NA,NA,NA,NA,NA,NA,NA,NA,NA,NA,NA,NA,"",NA,NA,NA,-128404.7,203944.34,1,"S",-0.568162389380531,0.902408584070796
NA,"Sky-H1-8",-118.44464,209.88551,NA,NA,NA,NA,239.5524272,-21.32602813,NA,NA,NA,NA,NA,NA,NA,NA,NA,NA,NA,NA,NA,"",NA,NA,NA,-118444.64,209885.51,1,"S",-0.524091327433628,0.928696946902655
NA,"Sky-H2-1",-100.81652,218.89973,NA,NA,NA,NA,239.6313849,-21.288714133,NA,NA,NA,NA,NA,NA,NA,NA,NA,NA,NA,NA,NA,"",NA,NA,NA,-100816.52,218899.73,1,"S",-0.446090796460177,0.968582876106195
NA,"Sky-H2-2",-90.16757,223.49692,NA,NA,NA,NA,239.6790533,-21.269690342,NA,NA,NA,NA,NA,NA,NA,NA,NA,NA,NA,NA,NA,"",NA,NA,NA,-90167.57,223496.92,1,"S",-0.398971548672566,0.988924424778761
NA,"Sky-H2-3",-79.30977,227.57641,NA,NA,NA,NA,239.7276375,-21.252813075,NA,NA,NA,NA,NA,NA,NA,NA,NA,NA,NA,NA,NA,"",NA,NA,NA,-79309.77,227576.41,1,"S",-0.350928185840708,1.00697526548673
NA,"Sky-H2-4",-68.26826,231.12877,NA,NA,NA,NA,239.7770269,-21.238120647,NA,NA,NA,NA,NA,NA,NA,NA,NA,NA,NA,NA,NA,"",NA,NA,NA,-68268.26,231128.77,1,"S",-0.302071946902655,1.02269367256637
NA,"Sky-H2-5",-57.06862,234.14576,NA,NA,NA,NA,239.8271087,-21.225646497,NA,NA,NA,NA,NA,NA,NA,NA,NA,NA,NA,NA,NA,"",NA,NA,NA,-57068.62,234145.76,1,"S",-0.252516017699115,1.03604318584071
NA,"Sky-H2-6",-45.73679,236.62039,NA,NA,NA,NA,239.8777688,-21.215418964,NA,NA,NA,NA,NA,NA,NA,NA,NA,NA,NA,NA,NA,"",NA,NA,NA,-45736.79,236620.39,1,"S",-0.20237517699115,1.04699287610619
NA,"Sky-H2-7",-34.29902,238.54693,NA,NA,NA,NA,239.9288921,-21.207461243,NA,NA,NA,NA,NA,NA,NA,NA,NA,NA,NA,NA,NA,"",NA,NA,NA,-34299.02,238546.93,1,"S",-0.151765575221239,1.05551738938053
NA,"Sky-H2-8",-22.78326,239.92079,NA,NA,NA,NA,239.9803556,-21.201791888,NA,NA,NA,NA,NA,NA,NA,NA,NA,NA,NA,NA,NA,"",NA,NA,NA,-22783.26,239920.79,1,"S",-0.100810884955752,1.0615964159292
NA,"Sky-H3-1",184.61356,154.91577,NA,NA,NA,NA,240.9086853,-21.554224426,NA,NA,NA,NA,NA,NA,NA,NA,NA,NA,NA,NA,NA,"",NA,NA,NA,184613.56,154915.77,1,"S",0.816874159292035,0.685468008849557
NA,"Sky-H3-2",191.8534,145.85382,NA,NA,NA,NA,240.9412972,-21.59181138,NA,NA,NA,NA,NA,NA,NA,NA,NA,NA,NA,NA,NA,"",NA,NA,NA,191853.4,145853.82,1,"S",0.848908849557522,0.645370884955752
NA,"Sky-H3-3",198.64884,136.45402,NA,NA,NA,NA,240.9719425,-21.6308069,NA,NA,NA,NA,NA,NA,NA,NA,NA,NA,NA,NA,NA,"",NA,NA,NA,198648.84,136454.02,1,"S",0.878977168141593,0.603778849557522
NA,"Sky-H3-4",204.98415,126.73816,NA,NA,NA,NA,241.0005497,-21.67112157,NA,NA,NA,NA,NA,NA,NA,NA,NA,NA,NA,NA,NA,"",NA,NA,NA,204984.15,126738.16,1,"S",0.907009513274336,0.560788318584071
NA,"Sky-H3-5",210.84465,116.72873,NA,NA,NA,NA,241.0270517,-21.712663027,NA,NA,NA,NA,NA,NA,NA,NA,NA,NA,NA,NA,NA,"",NA,NA,NA,210844.65,116728.73,1,"S",0.93294092920354,0.516498805309734
NA,"Sky-H3-6",216.21677,106.44891,NA,NA,NA,NA,241.0513862,-21.755336002,NA,NA,NA,NA,NA,NA,NA,NA,NA,NA,NA,NA,NA,"",NA,NA,NA,216216.77,106448.91,1,"S",0.956711371681416,0.471012876106195
NA,"Sky-H3-7",221.08806,95.92253,NA,NA,NA,NA,241.0734958,-21.799042469,NA,NA,NA,NA,NA,NA,NA,NA,NA,NA,NA,NA,NA,"",NA,NA,NA,221088.06,95922.53,1,"S",0.978265752212389,0.424435973451327
NA,"Sky-H3-8",225.44672,85.17533,NA,NA,NA,NA,241.0933253,-21.843676399,NA,NA,NA,NA,NA,NA,NA,NA,NA,NA,NA,NA,NA,"",NA,NA,NA,225446.72,85175.33,1,"S",0.99755185840708,0.376881991150442
NA,"Sky-H4-1",239.9828,-22.12059,NA,NA,NA,NA,241.1616344,-22.289903819,NA,NA,NA,NA,NA,NA,NA,NA,NA,NA,NA,NA,NA,"",NA,NA,NA,239982.8,-22120.59,1,"S",1.06187079646018,-0.0978787168141593
NA,"Sky-H4-2",238.64054,-33.64155,NA,NA,NA,NA,241.1559367,-22.33788777,NA,NA,NA,NA,NA,NA,NA,NA,NA,NA,NA,NA,NA,"",NA,NA,NA,238640.54,-33641.55,1,"S",1.05593159292035,-0.148856415929204
NA,"Sky-H4-3",236.74552,-45.08459,NA,NA,NA,NA,241.1477463,-22.385561198,NA,NA,NA,NA,NA,NA,NA,NA,NA,NA,NA,NA,NA,"",NA,NA,NA,236745.52,-45084.59,1,"S",1.04754654867257,-0.199489336283186
NA,"Sky-H4-4",234.30213,-56.42319,NA,NA,NA,NA,241.13708,-22.432813431,NA,NA,NA,NA,NA,NA,NA,NA,NA,NA,NA,NA,NA,"",NA,NA,NA,234302.13,-56423.19,1,"S",1.03673508849558,-0.249660132743363
NA,"Sky-H4-5",231.31601,-67.6311,NA,NA,NA,NA,241.1239599,-22.479534797,NA,NA,NA,NA,NA,NA,NA,NA,NA,NA,NA,NA,NA,"",NA,NA,NA,231316.01,-67631.1,1,"S",1.02352216814159,-0.299252654867257
NA,"Sky-H4-6",227.79409,-78.68236,NA,NA,NA,NA,241.1084145,-22.525616697,NA,NA,NA,NA,NA,NA,NA,NA,NA,NA,NA,NA,NA,"",NA,NA,NA,227794.09,-78682.36,1,"S",1.00793845132743,-0.34815203539823
NA,"Sky-H4-7",223.74453,-89.55136,NA,NA,NA,NA,241.0904774,-22.570951872,NA,NA,NA,NA,NA,NA,NA,NA,NA,NA,NA,NA,NA,"",NA,NA,NA,223744.53,-89551.36,1,"S",0.990020044247788,-0.396244955752212
NA,"Sky-H4-8",219.17732,-100.21161,NA,NA,NA,NA,241.0701912,-22.615429269,NA,NA,NA,NA,NA,NA,NA,NA,NA,NA,NA,NA,NA,"",NA,NA,NA,219177.32,-100211.61,1,"S",0.969811150442478,-0.443414203539823
NA,"Sky-H5-1",41.83481,-237.34134,NA,NA,NA,NA,240.2714563,-23.188843244,NA,NA,NA,NA,NA,NA,NA,NA,NA,NA,NA,NA,NA,"",NA,NA,NA,41834.81,-237341.34,1,"S",0.185109778761062,-1.05018292035398
NA,"Sky-H5-2",30.36687,-239.07931,NA,NA,NA,NA,240.2195534,-23.19613525,NA,NA,NA,NA,NA,NA,NA,NA,NA,NA,NA,NA,NA,"",NA,NA,NA,30366.87,-239079.31,1,"S",0.134366681415929,-1.05787305309735
NA,"Sky-H5-3",18.8286,-240.26349,NA,NA,NA,NA,240.1673243,-23.201107931,NA,NA,NA,NA,NA,NA,NA,NA,NA,NA,NA,NA,NA,"",NA,NA,NA,18828.6,-240263.49,1,"S",0.083312389380531,-1.06311278761062
NA,"Sky-H5-4",7.2467,-240.89115,NA,NA,NA,NA,240.114892,-23.203749493,NA,NA,NA,NA,NA,NA,NA,NA,NA,NA,NA,NA,NA,"",NA,NA,NA,7246.7,-240891.15,1,"S",0.0320650442477876,-1.06589004424779
NA,"Sky-H5-5",-4.35197,-240.96083,NA,NA,NA,NA,240.0623808,-23.20405357,NA,NA,NA,NA,NA,NA,NA,NA,NA,NA,NA,NA,NA,"",NA,NA,NA,-4351.97,-240960.83,1,"S",-0.0192565044247788,-1.06619836283186
NA,"Sky-H5-6",-15.67599,-236.481,NA,NA,NA,NA,240.0110425,-23.186502511,NA,NA,NA,NA,NA,NA,NA,NA,NA,NA,NA,NA,NA,"",NA,NA,NA,-15675.99,-236481,3,"S",-0.0693627876106195,-1.04637610619469
NA,"Sky-H5-7",-27.49224,-239.4269,NA,NA,NA,NA,239.9576176,-23.197651513,NA,NA,NA,NA,NA,NA,NA,NA,NA,NA,NA,NA,NA,"",NA,NA,NA,-27492.24,-239426.9,1,"S",-0.121647079646018,-1.0594110619469
NA,"Sky-H5-8",-38.97879,-237.82707,NA,NA,NA,NA,239.9056198,-23.190961235,NA,NA,NA,NA,NA,NA,NA,NA,NA,NA,NA,NA,NA,"",NA,NA,NA,-38978.79,-237827.07,1,"S",-0.172472522123894,-1.05233216814159
NA,"Sky-H6-1",-58.36925,-233.82492,NA,NA,NA,NA,239.8178596,-23.174215711,NA,NA,NA,NA,NA,NA,NA,NA,NA,NA,NA,NA,NA,"",NA,NA,NA,-58369.25,-233824.92,1,"S",-0.258271017699115,-1.03462353982301
NA,"Sky-H6-2",-69.55194,-230.74573,NA,NA,NA,NA,239.7672615,-23.161328907,NA,NA,NA,NA,NA,NA,NA,NA,NA,NA,NA,NA,NA,"",NA,NA,NA,-69551.94,-230745.73,1,"S",-0.307751946902655,-1.02099880530973
NA,"Sky-H6-3",-80.57354,-227.13205,NA,NA,NA,NA,239.7174056,-23.146204023,NA,NA,NA,NA,NA,NA,NA,NA,NA,NA,NA,NA,NA,"",NA,NA,NA,-80573.54,-227132.05,1,"S",-0.356520088495575,-1.00500907079646
NA,"Sky-H6-4",-91.4085,-222.99226,NA,NA,NA,NA,239.6684095,-23.128876689,NA,NA,NA,NA,NA,NA,NA,NA,NA,NA,NA,NA,NA,"",NA,NA,NA,-91408.5,-222992.26,1,"S",-0.404462389380531,-0.986691415929204
NA,"Sky-H6-5",-102.03172,-218.33596,NA,NA,NA,NA,239.6203888,-23.109387723,NA,NA,NA,NA,NA,NA,NA,NA,NA,NA,NA,NA,NA,"",NA,NA,NA,-102031.72,-218335.96,1,"S",-0.45146778761062,-0.966088318584071
NA,"Sky-H6-6",-112.41861,-213.17391,NA,NA,NA,NA,239.5734562,-23.087782889,NA,NA,NA,NA,NA,NA,NA,NA,NA,NA,NA,NA,NA,"",NA,NA,NA,-112418.61,-213173.91,1,"S",-0.497427477876106,-0.943247389380531
NA,"Sky-H6-7",-122.54511,-207.51809,NA,NA,NA,NA,239.5277221,-23.064113114,NA,NA,NA,NA,NA,NA,NA,NA,NA,NA,NA,NA,NA,"",NA,NA,NA,-122545.11,-207518.09,1,"S",-0.542235,-0.918221637168142
NA,"Sky-H6-8",-132.38652,-201.3824,NA,NA,NA,NA,239.4832993,-23.038437431,NA,NA,NA,NA,NA,NA,NA,NA,NA,NA,NA,NA,NA,"",NA,NA,NA,-132386.52,-201382.4,1,"S",-0.585781061946903,-0.891072566371681
NA,"Sky-H7-1",-207.18967,-123.09956,NA,NA,NA,NA,239.1469476,-22.711137303,NA,NA,NA,NA,NA,NA,NA,NA,NA,NA,NA,NA,NA,"",NA,NA,NA,-207189.67,-123099.56,1,"S",-0.916768451327434,-0.544688318584071
NA,"Sky-H7-2",-212.87255,-112.98823,NA,NA,NA,NA,239.1215639,-22.668904639,NA,NA,NA,NA,NA,NA,NA,NA,NA,NA,NA,NA,NA,"",NA,NA,NA,-212872.55,-112988.23,1,"S",-0.941913938053097,-0.499947920353982
NA,"Sky-H7-3",-218.06235,-102.61518,NA,NA,NA,NA,239.098426,-22.625589482,NA,NA,NA,NA,NA,NA,NA,NA,NA,NA,NA,NA,NA,"",NA,NA,NA,-218062.35,-102615.18,1,"S",-0.964877654867257,-0.454049469026549
NA,"Sky-H7-4",-222.74704,-92.00444,NA,NA,NA,NA,239.0775859,-22.581293045,NA,NA,NA,NA,NA,NA,NA,NA,NA,NA,NA,NA,NA,"",NA,NA,NA,-222747.04,-92004.44,1,"S",-0.985606371681416,-0.407099292035398
NA,"Sky-H7-5",-226.91579,-81.18059,NA,NA,NA,NA,239.0590902,-22.536118742,NA,NA,NA,NA,NA,NA,NA,NA,NA,NA,NA,NA,NA,"",NA,NA,NA,-226915.79,-81180.59,1,"S",-1.00405216814159,-0.359206150442478
NA,"Sky-H7-6",-230.55892,-70.1687,NA,NA,NA,NA,239.0429801,-22.490171945,NA,NA,NA,NA,NA,NA,NA,NA,NA,NA,NA,NA,NA,"",NA,NA,NA,-230558.92,-70168.7,1,"S",-1.02017221238938,-0.310480973451327
NA,"Sky-H7-7",-233.66801,-58.99428,NA,NA,NA,NA,239.0292909,-22.443559752,NA,NA,NA,NA,NA,NA,NA,NA,NA,NA,NA,NA,NA,"",NA,NA,NA,-233668.01,-58994.28,1,"S",-1.03392924778761,-0.261036637168142
NA,"Sky-H7-8",-236.23556,-47.68464,NA,NA,NA,NA,239.0180535,-22.396396662,NA,NA,NA,NA,NA,NA,NA,NA,NA,NA,NA,NA,NA,"",NA,NA,NA,-236235.56,-47684.64,1,"S",-1.04529008849558,-0.210993982300885
