#OBSTEMP,8
#CONFIGTEMP,19
#EQUINOX,J2000.0
#CENTRE,15 59 51.05,-21 57 37.6 #Field centre
#UTTIME,12 00 00.00 #Target observing time
#UTDATE,2021 07 10 #Target observing date
#PLATEID,a test_plateID
#LABEL,240_m20_comissioning Tile 011
#TILING_DATE,2021 06 07 # Date the tile was created/configured
#PROXIMITY,220 # tiling proximity value in arcseconds
"ID","RA","DEC","g_mag","r_mag","i_mag","z_mag","y_mag","GAIA_g_mag","GAIA_bp_mag","GAIA_rp_mag","pmRA","pmDEC","priority","remaining_observations","Tile_number","COMPLETED","MagnetX_noDC","MagnetY_noDC","type","MagnetX","MagnetY","Position","fibre_type","x","y","grads","gangs","gazAngs","gangs_gazAng"
"6243564481837370624",240.48537,-21.617958,NA,10.6978998184204,NA,NA,NA,NA,NA,NA,-11.7230724170359,-23.547779629735,NA,NA,NA,NA,118119.363589744,77400.2308205133,2,114116.35,80249.95,NA,"G",-149.3895,-102.54235,181.196457619272,2.45095153770305,0.601546370318923,1.84940516738412
"6243612104440601600",240.04935,-21.589516,NA,10.8283996582031,NA,NA,NA,NA,NA,NA,-14.5950334169632,-4.69607135305918,NA,NA,NA,NA,19578.8435897406,83828.1228205129,2,18808.7,86615.48,NA,"G",-172.2977,108.77173,203.759138868623,3.00116271683539,-0.563117627191298,3.56428034402668
"6243569876323017088",240.40779,-21.490728,NA,11.5790996551514,NA,NA,NA,NA,NA,NA,-41.5046450094698,15.2672698429117,NA,NA,NA,NA,100586.283589735,106154.210820513,2,97370.7,110307.69,NA,"G",26.52533,203.49117,205.212693076178,2.94238871556643,4.58276857147198,4.64280545127405
"6243203120476661376",239.97186,-22.79337,NA,11.6497001647949,NA,NA,NA,NA,NA,NA,-6.36343137848489,-10.2514756752206,NA,NA,NA,NA,2066.10358974439,-188242.881179487,2,2007.04,-197692.53,NA,"G",178.87123,-98.07922,203.996201723271,0.620825321704264,2.64003783297363,4.26397279591022
"6243227172292998528",240.48427,-22.491997,NA,11.87380027771,NA,NA,NA,NA,NA,NA,-5.60784288000512,3.5352576950285,NA,NA,NA,NA,117870.763589742,-120132.583179487,2,113755.88,-125667.6,NA,"G",-170.18608,64.61666,182.040145504562,2.10056276834957,-0.36286945893152,2.46343222728109
"6246530345736828288",239.47615,-21.590834,NA,12.191499710083,NA,NA,NA,NA,NA,NA,-9.03548479081139,-11.5381205272271,NA,NA,NA,NA,-109964.356410263,83530.2548205127,2,-106194.98,86578.33,NA,"G",176.57308,-81.99806,194.68367785834,4.61450357483123,2.7068399695112,1.90766360532003
