#OBSTEMP,8
#CONFIGTEMP,19
#EQUINOX,J2000.0
#CENTRE,15 59 05.42,-22 07 33.0 #Field centre
#UTTIME,12 00 00.00 #Target observing time
#UTDATE,2021 07 10 #Target observing date
#PLATEID,a test_plateID
#LABEL,240_m20_comissioning Tile 021
#TILING_DATE,2021 06 07 # Date the tile was created/configured
#PROXIMITY,220 # tiling proximity value in arcseconds
"ID","RA","DEC","g_mag","r_mag","i_mag","z_mag","y_mag","GAIA_g_mag","GAIA_bp_mag","GAIA_rp_mag","pmRA","pmDEC","priority","remaining_observations","Tile_number","COMPLETED","MagnetX_noDC","MagnetY_noDC","type","MagnetX","MagnetY","Position","fibre_type","x","y","grads","gangs","gazAngs","gangs_gazAng"
"6243569876323017088",240.40779,-21.490728,NA,11.5790996551514,NA,NA,NA,NA,NA,NA,-41.5046450094698,15.2672698429117,NA,NA,NA,NA,143556.081016938,143534.530576271,2,140463.33,150656.79,NA,"G",157.19944,120.12974,197.845440606503,0.15050408221762,3.79411167139548,2.63957771800172
"6243203120476661376",239.97186,-22.79337,NA,11.6497001647949,NA,NA,NA,NA,NA,NA,-6.36343137848489,-10.2514756752206,NA,NA,NA,NA,45035.9010169481,-150862.561423729,2,43321.31,-157417.48,NA,"G",155.47702,-86.93442,178.131123414233,0.729737324368722,2.63175436590802,4.38116826564029
"6237185974371659136",239.94101,-22.877972,NA,11.8268003463745,NA,NA,NA,NA,NA,NA,-64.8859508882771,-43.6202203661294,NA,NA,NA,NA,38063.8010169446,-169982.613423729,2,36725.7,-177997.58,NA,"G",-13.74975,-188.07645,188.578383357332,5.25604086447285,1.49781891626046,3.75822194821239
"6246530345736828288",239.47615,-21.590834,NA,12.191499710083,NA,NA,NA,NA,NA,NA,-9.03548479081139,-11.5381205272271,NA,NA,NA,NA,-66994.5589830589,120910.574576271,2,-64740.97,125586.03,NA,"G",106.66156,133.46267,170.847805561448,0.0877467405337528,4.03814429045455,2.33278775725879
"6243410511552109568",239.88884,-22.353481,NA,12.4773998260498,NA,NA,NA,NA,NA,NA,0.79299492387791,-5.12680770111516,NA,NA,NA,NA,26273.3810169406,-51447.6474237287,2,25049.52,-53041.59,NA,"G",-128.77049,-117.92283,174.607081557562,4.78456867067143,0.741454222917033,4.0431144477544
"6243610352094094848",240.25858,-21.5596,NA,13.4214000701904,NA,NA,NA,NA,NA,NA,-0.758939143659199,-3.71590840720793,NA,NA,NA,NA,109834.621016942,127969.458576271,2,106661.56,133462.67,NA,"G",-155.5144,-63.58148,168.009919964121,4.60982988620189,0.388109120205096,4.22172076599679
