#OBSTEMP,8
#CONFIGTEMP,19
#EQUINOX,J2000.0
#CENTRE,16 00 23.47,-22 14 25.9 #Field centre
#UTTIME,12 00 00.00 #Target observing time
#UTDATE,2021 07 10 #Target observing date
#PLATEID,a test_plateID
#LABEL,240_m20_comissioning Tile 019
#TILING_DATE,2021 06 07 # Date the tile was created/configured
#PROXIMITY,220 # tiling proximity value in arcseconds
"probe","ID","x","y","rads","angs","azAngs","angs_azAng","RA","DEC","g_mag","r_mag","i_mag","z_mag","y_mag","GAIA_g_mag","GAIA_bp_mag","GAIA_rp_mag","pmRA","pmDEC","priority","remaining_observations","Tile_number","COMPLETED","MagnetX_noDC","MagnetY_noDC","type","MagnetX","MagnetY","Position","fibre_type","fraction_plate_radius_X","fraction_plate_radius_Y"
1,"6243345541591011968",123.27671,41.06095,129.935171694682,3.92348641969083,3.4631147776239,0.460371642066927,240.66492,-22.064518,17.7754001617432,17.2136993408203,16.9762001037598,16.8633995056152,16.7740001678467,17.235485,17.6759,16.602417,1.07580837959568,-3.82466927042436,1,1,-999,"False",128169.739677421,39778.303741936,1,123276.71,41060.95,NA,"P",0.545472168141593,0.181685619469027
2,"6243330973061929216",136.92692,8.04685,137.163162750094,1.04144897607217,3.20029261974713,4.12434166350462,240.72762,-22.205082,17.6271991729736,16.4515991210938,15.8107004165649,15.4823999404907,15.27649974823,16.365602,17.287403,15.405187,-11.3264847122058,-4.90920444165141,1,1,-999,"False",142339.939677423,8010.83974193575,1,136926.92,8046.85,NA,"P",0.605871327433628,0.0356055309734513
3,"6237411163795481728",-165.16016,-69.10854,179.035942626494,-1.40452502419462,0.396295622637361,4.4823646603476,239.34137,-22.531082,15.9287996292114,15.2248001098633,14.9477996826172,14.8059997558594,14.7045001983643,15.26235,15.801097,14.564256,-8.72624227862914,0.0807846060488037,1,1,-999,"False",-170952.560322581,-65665.1602580644,1,-165160.16,-69108.54,NA,"P",-0.730797168141593,-0.30579
4,"6237413504557143936",-136.58518,-50.40545,145.589219330742,-1.22355905686105,0.35353560950931,4.70609064080922,239.46912,-22.453697,14.993200302124,14.5146999359131,14.2901000976563,14.2020998001099,14.1236000061035,14.507268,14.915305,13.921526,4.41687508137041,3.32754430406446,1,1,-999,"False",-142081.060322577,-48176.1502580645,1,-136585.18,-50405.45,NA,"P",-0.604359203539823,-0.22303296460177
5,"6243248372251783936",64.89176,-6.04271,65.1725007962845,1.28391474455181,3.04874058338659,4.5183594683448,240.39864,-22.266193,16.770299911499,16.0953998565674,15.7969999313354,15.6680002212524,15.5598001480103,16.121988,16.637085,15.408658,-1.24262915075881,0.645928951993561,1,1,-999,"False",67990.459677416,-5800.24625806352,1,64891.76,-6042.71,NA,"P",0.287131681415929,-0.0267376548672566
6,"6243278505742366080",192.61853,-22.61678,193.941787237638,4.68951076563635,3.02471037195266,1.66480039368368,240.97568,-22.333563,17.2707996368408,16.7369995117188,16.4699001312256,16.3600997924805,16.2733001708984,16.737053,17.179928,16.10056,6.49086319034722,-4.03722313677146,1,1,-999,"False",198401.499677412,-21025.8662580644,1,192618.53,-22616.78,NA,"P",0.852294380530973,-0.100074247787611
7,"6243530843658586624",-50.18933,157.1074,164.929390893827,0.284064600884826,-1.26158445450734,1.54564905539216,239.86882,-21.573725,16.8857002258301,16.3094997406006,16.0394992828369,15.8900995254517,15.7896003723145,16.317854,16.779331,15.653899,-7.53784847215215,-0.549164442259005,1,1,-999,"False",-51748.8603225778,150697.521741936,1,-50189.33,157107.4,NA,"P",-0.222076681415929,0.695165486725664
8,"6243439240595703296",17.90359,36.48552,40.6415022428859,1.50269389266111,4.25620580234147,3.52967339749922,240.18088,-22.083632,17.4937992095947,16.9752006530762,16.7395000457764,16.6361999511719,16.5512008666992,16.99067,17.410122,16.364279,0.122992164410184,-1.78056109886181,1,1,-999,"False",18776.6996774099,35458.5397419356,1,17903.59,36485.52,NA,"P",0.0792194247787611,0.161440353982301
9,"6243557575535919488",73.48928,122.33732,142.71332852856,3.06535086914097,4.1714474136086,5.17708876271195,240.4345,-21.719513,16.7238998413086,16.1571006774902,15.9103002548218,15.8002996444702,15.724100112915,16.178633,16.641712,15.541551,3.13499317481801,1.06783324736975,1,1,-999,"False",76094.8196774191,117749.433741936,1,73489.28,122337.32,NA,"P",0.325173805309734,0.541315575221239
10,"6243464013967292160",-26.83141,94.5584,98.2914827090735,3.2242675730453,-1.29430910492905,4.51857667797435,239.97404,-21.835577,17.8500003814697,17.3787994384766,17.161600112915,17.0765991210938,17.0216999053955,17.385466,17.807209,16.802794,4.18534401006578,-3.79650350103,1,1,-999,"False",-27969.1403225836,91518.9697419358,1,-26831.41,94558.4,NA,"P",-0.118723053097345,0.4184
11,"6243613753708054272",-9.17426,170.94604,171.192043151045,-0.301887969514874,-1.51718018417284,1.21529221465797,240.05603,-21.516033,17.4750995635986,16.6028003692627,16.2152996063232,16.0167999267578,15.8563003540039,16.625494,17.279133,15.82215,5.1331330163666,-4.20994186358722,1,1,-999,"False",-9439.40032258575,163735.913741936,1,-9174.26,170946.04,NA,"P",-0.0405940707964602,0.756398407079646
12,"6237190303698409984",-89.36403,-175.48694,196.930434337622,2.72330823661891,1.0997883216154,1.62351991500351,239.68867,-22.979612,18.6558990478516,17.8057994842529,17.4342994689941,17.246000289917,17.11549949646,17.848711,18.484228,17.08081,2.20867976016697,-0.230912130189199,1,1,-999,"False",-92462.7603225772,-167032.940258064,1,-89364.03,-175486.94,NA,"P",-0.395416061946903,-0.776490884955752
13,"6243158830773037184",156.89101,-108.36206,190.675444319041,0.643377424206075,2.53714665752025,4.38941607386542,240.81511,-22.69607,18.533899307251,17.8264007568359,17.503999710083,17.3465995788574,17.2332000732422,17.856823,18.383026,17.116451,-17.555859887008,-0.442248284051074,1,1,-999,"False",162112.679677417,-102952.448258065,1,156891.01,-108362.06,NA,"P",0.694208008849558,-0.47947814159292
14,"6243506139006573952",-56.39619,95.69111,111.073483692321,0.123433183302453,-1.03823959389926,1.16167277720171,239.83806,-21.831179,16.6009006500244,16.0706996917725,15.8266000747681,15.7179002761841,15.6398000717163,16.078133,16.517908,15.461995,-3.6794874428331,0.773390947924023,1,1,-999,"False",-58700.6203225812,92512.9177419354,1,-56396.19,95691.11,NA,"P",-0.249540663716814,0.423411991150442
15,"6243131171183526528",133.46178,-156.92841,206.006244045894,0.477579646730774,2.27555902753636,4.485205926374,240.70697,-22.899288,16.0543003082275,15.2231998443604,14.8837995529175,14.7123003005981,14.5967998504639,15.256921,15.879492,14.500802,-1.95894647642935,-1.43573298868191,1,1,-999,"False",137673.039677419,-148879.716258065,1,133461.78,-156928.41,NA,"P",0.590538849557522,-0.694373495575221
16,"6243594374816045568",102.86173,188.8471,215.043629705702,2.4566976091462,4.21363738828948,4.52624552803631,240.56187,-21.44692,17.8138008117676,17.2821006774902,17.0506000518799,16.9498996734619,16.8621006011963,17.31083,17.752583,16.6748,0.097712480457415,2.676314307968,1,1,-999,"False",104880.439677422,179355.451741935,1,102861.73,188847.1,NA,"P",0.455140398230088,0.835606637168142
17,"6243457687474208256",-30.17682,78.77922,84.3611638677466,0.14994074155355,-1.20498199939126,1.35492274094481,239.95847,-21.902962,17.9452991485596,17.4311008453369,17.1996002197266,17.082799911499,17.0049991607666,17.442234,17.854336,16.825613,0.551849925920057,-0.853781080049581,1,1,-999,"False",-31487.9603225829,76289.9597419362,1,-30176.82,78779.22,NA,"P",-0.133525752212389,0.348580619469027
18,"6237383645944263680",-140.15044,-136.94074,195.946196962179,2.82264640540623,0.773815129777258,2.04883127562897,239.45671,-22.816603,17.4542999267578,16.7528991699219,16.4577007293701,16.3267002105713,16.225700378418,16.791763,17.312492,16.0928,0.52687788044895,-0.479597986394906,1,1,-999,"False",-144885.720322581,-130192.906258064,1,-140150.44,-136940.74,NA,"P",-0.620134690265487,-0.605932477876106
19,"6237460680478074368",-201.23338,-39.73979,205.119779971285,4.67631947742963,0.194972375197125,4.48134710223251,239.18172,-22.405157,16.6968994140625,16.093900680542,15.8219003677368,15.7016000747681,15.5947999954224,16.107346,16.60299,15.448584,2.25517539341451,-5.98794427394705,1,1,-999,"False",-207033.460322581,-37206.1102580638,1,-201233.38,-39739.79,NA,"P",-0.890413185840708,-0.175839778761062
20,"6243400207933529856",-58.88914,-56.78055,81.8044110561411,1.90569236522267,0.767170774034564,1.13852159118811,239.82474,-22.483543,17.5468006134033,17.5294990539551,17.5918998718262,17.6280002593994,17.5921993255615,17.476568,17.563679,17.20573,-3.29276269704436,-2.90725649075335,1,NA,NA,"",-61710.9403225861,-54921.3462580643,0,-58889.14,-56780.55,NA,"P",-0.260571415929204,-0.251241371681416
21,"6243427386486651392",-85.46563,0.19761,85.4658584524195,5.48637234390658,-0.00231215341015201,5.48868449731673,239.7023,-22.239182,16.8428993225098,16.8423004150391,16.8978004455566,16.9332008361816,16.8847007751465,16.779839,16.883238,16.536991,-5.50065306758402,-3.57890473518369,1,NA,NA,"",-89382.3803225823,304.239741936051,0,-85465.63,197.61,NA,"P",-0.378166504424779,0.000874380530973451
NA,"Sky-A1-1",-226.46104,82.44066,NA,NA,NA,NA,239.0811265,-21.893905779,NA,NA,NA,NA,NA,NA,NA,NA,NA,NA,NA,NA,NA,"",NA,NA,NA,-226461.04,82440.66,1,"S",-1.00204,0.364781681415929
NA,"Sky-A1-2",-222.23219,93.24117,NA,NA,NA,NA,239.1004098,-21.849028316,NA,NA,NA,NA,NA,NA,NA,NA,NA,NA,NA,NA,NA,"",NA,NA,NA,-222232.19,93241.17,1,"S",-0.983328274336283,0.412571548672566
NA,"Sky-A1-3",-217.48859,103.8257,NA,NA,NA,NA,239.1219857,-21.805060768,NA,NA,NA,NA,NA,NA,NA,NA,NA,NA,NA,NA,NA,"",NA,NA,NA,-217488.59,103825.7,1,"S",-0.96233889380531,0.459405752212389
NA,"Sky-A1-4",-212.24121,114.16975,NA,NA,NA,NA,239.1458027,-21.762104201,NA,NA,NA,NA,NA,NA,NA,NA,NA,NA,NA,NA,NA,"",NA,NA,NA,-212241.21,114169.75,1,"S",-0.939120398230089,0.505175884955752
NA,"Sky-A1-5",-206.50222,124.24934,NA,NA,NA,NA,239.1718042,-21.720257431,NA,NA,NA,NA,NA,NA,NA,NA,NA,NA,NA,NA,NA,"",NA,NA,NA,-206502.22,124249.34,1,"S",-0.913726637168142,0.549775840707965
NA,"Sky-A1-6",-200.2849,134.04112,NA,NA,NA,NA,239.1999289,-21.679616575,NA,NA,NA,NA,NA,NA,NA,NA,NA,NA,NA,NA,NA,"",NA,NA,NA,-200284.9,134041.12,1,"S",-0.886216371681416,0.593102300884956
NA,"Sky-A1-7",-193.60365,143.52243,NA,NA,NA,NA,239.2301104,-21.640274813,NA,NA,NA,NA,NA,NA,NA,NA,NA,NA,NA,NA,NA,"",NA,NA,NA,-193603.65,143522.43,1,"S",-0.856653318584071,0.635055
NA,"Sky-A2-1",-3.01251,240.9813,NA,NA,NA,NA,240.0843692,-21.236622544,NA,NA,NA,NA,NA,NA,NA,NA,NA,NA,NA,NA,NA,"",NA,NA,NA,-3012.51,240981.3,1,"S",-0.0133296902654867,1.0662889380531
NA,"Sky-A2-2",8.5856,240.84715,NA,NA,NA,NA,240.1362033,-21.237195512,NA,NA,NA,NA,NA,NA,NA,NA,NA,NA,NA,NA,NA,"",NA,NA,NA,8585.6,240847.15,1,"S",0.0379893805309735,1.0656953539823
NA,"Sky-A2-3",20.16382,240.15512,NA,NA,NA,NA,240.1879485,-21.240077442,NA,NA,NA,NA,NA,NA,NA,NA,NA,NA,NA,NA,NA,"",NA,NA,NA,20163.82,240155.12,1,"S",0.0892204424778761,1.06263327433628
NA,"Sky-A2-4",31.69534,238.90682,NA,NA,NA,NA,240.2394874,-21.245261641,NA,NA,NA,NA,NA,NA,NA,NA,NA,NA,NA,NA,NA,"",NA,NA,NA,31695.34,238906.82,1,"S",0.140244867256637,1.05710982300885
NA,"Sky-A2-5",43.15344,237.10513,NA,NA,NA,NA,240.2907028,-21.25273625,NA,NA,NA,NA,NA,NA,NA,NA,NA,NA,NA,NA,NA,"",NA,NA,NA,43153.44,237105.13,1,"S",0.190944424778761,1.04913774336283
NA,"Sky-A2-6",54.51158,234.75423,NA,NA,NA,NA,240.3414782,-21.262484122,NA,NA,NA,NA,NA,NA,NA,NA,NA,NA,NA,NA,NA,"",NA,NA,NA,54511.58,234754.23,1,"S",0.241201681415929,1.03873553097345
NA,"Sky-A2-7",65.74346,231.85957,NA,NA,NA,NA,240.3916983,-21.274482943,NA,NA,NA,NA,NA,NA,NA,NA,NA,NA,NA,NA,NA,"",NA,NA,NA,65743.46,231859.57,1,"S",0.290900265486726,1.02592730088496
NA,"Sky-A3-1",231.67752,66.38214,NA,NA,NA,NA,241.1377499,-21.960935826,NA,NA,NA,NA,NA,NA,NA,NA,NA,NA,NA,NA,NA,"",NA,NA,NA,231677.52,66382.14,1,"S",1.0251217699115,0.293726283185841
NA,"Sky-A3-2",234.60313,55.15828,NA,NA,NA,NA,241.1511973,-22.007581053,NA,NA,NA,NA,NA,NA,NA,NA,NA,NA,NA,NA,NA,"",NA,NA,NA,234603.13,55158.28,1,"S",1.03806694690265,0.244063185840708
NA,"Sky-A3-3",236.98531,43.80666,NA,NA,NA,NA,241.1622169,-22.054769787,NA,NA,NA,NA,NA,NA,NA,NA,NA,NA,NA,NA,NA,"",NA,NA,NA,236985.31,43806.66,1,"S",1.04860756637168,0.193834778761062
NA,"Sky-A3-4",238.81857,32.35357,NA,NA,NA,NA,241.1707813,-22.102393283,NA,NA,NA,NA,NA,NA,NA,NA,NA,NA,NA,NA,NA,"",NA,NA,NA,238818.57,32353.57,1,"S",1.05671933628319,0.143157389380531
NA,"Sky-A3-5",240.09865,20.82553,NA,NA,NA,NA,241.1768685,-22.150341723,NA,NA,NA,NA,NA,NA,NA,NA,NA,NA,NA,NA,NA,"",NA,NA,NA,240098.65,20825.53,1,"S",1.06238340707965,0.0921483628318584
NA,"Sky-A3-6",240.82258,9.24926,NA,NA,NA,NA,241.1804619,-22.198504342,NA,NA,NA,NA,NA,NA,NA,NA,NA,NA,NA,NA,NA,"",NA,NA,NA,240822.58,9249.26,1,"S",1.06558663716814,0.0409259292035398
NA,"Sky-A3-7",240.98869,2.34844,NA,NA,NA,NA,241.1814122,-22.227221468,NA,NA,NA,NA,NA,NA,NA,NA,NA,NA,NA,NA,NA,"",NA,NA,NA,240988.69,2348.44,1,"S",1.06632163716814,0.0103913274336283
NA,"Sky-A4-1",210.21182,-117.86456,NA,NA,NA,NA,241.0461945,-22.728295341,NA,NA,NA,NA,NA,NA,NA,NA,NA,NA,NA,NA,NA,"",NA,NA,NA,210211.82,-117864.56,1,"S",0.930140796460177,-0.521524601769911
NA,"Sky-A4-2",204.2974,-127.84223,NA,NA,NA,NA,241.0197735,-22.769957287,NA,NA,NA,NA,NA,NA,NA,NA,NA,NA,NA,NA,NA,"",NA,NA,NA,204297.4,-127842.23,1,"S",0.903970796460177,-0.565673584070796
NA,"Sky-A4-3",197.90977,-137.52377,NA,NA,NA,NA,240.9911947,-22.810394002,NA,NA,NA,NA,NA,NA,NA,NA,NA,NA,NA,NA,NA,"",NA,NA,NA,197909.77,-137523.77,1,"S",0.875706946902655,-0.608512256637168
NA,"Sky-A4-4",191.06371,-146.88677,NA,NA,NA,NA,240.9605229,-22.849510986,NA,NA,NA,NA,NA,NA,NA,NA,NA,NA,NA,NA,NA,"",NA,NA,NA,191063.71,-146886.77,1,"S",0.845414646017699,-0.649941460176991
NA,"Sky-A4-5",183.77509,-155.90952,NA,NA,NA,NA,240.9278284,-22.887216591,NA,NA,NA,NA,NA,NA,NA,NA,NA,NA,NA,NA,NA,"",NA,NA,NA,183775.09,-155909.52,1,"S",0.813164115044248,-0.689865132743363
NA,"Sky-A4-6",176.06079,-164.57115,NA,NA,NA,NA,240.8931861,-22.923422607,NA,NA,NA,NA,NA,NA,NA,NA,NA,NA,NA,NA,NA,"",NA,NA,NA,176060.79,-164571.15,1,"S",0.779030044247788,-0.72819092920354
NA,"Sky-A4-7",167.93867,-172.85157,NA,NA,NA,NA,240.8566758,-22.958044039,NA,NA,NA,NA,NA,NA,NA,NA,NA,NA,NA,NA,NA,"",NA,NA,NA,167938.67,-172851.57,1,"S",0.743091460176991,-0.764829955752212
NA,"Sky-A5-1",-148.4702,-189.83588,NA,NA,NA,NA,239.4262394,-23.029314212,NA,NA,NA,NA,NA,NA,NA,NA,NA,NA,NA,NA,NA,"",NA,NA,NA,-148470.2,-189835.88,1,"S",-0.656947787610619,-0.839981769911504
NA,"Sky-A5-2",-157.43205,-182.47249,NA,NA,NA,NA,239.3858467,-22.998511292,NA,NA,NA,NA,NA,NA,NA,NA,NA,NA,NA,NA,NA,"",NA,NA,NA,-157432.05,-182472.49,1,"S",-0.696601991150442,-0.807400398230088
NA,"Sky-A5-3",-166.02924,-174.68645,NA,NA,NA,NA,239.3471278,-22.965945455,NA,NA,NA,NA,NA,NA,NA,NA,NA,NA,NA,NA,NA,"",NA,NA,NA,-166029.24,-174686.45,1,"S",-0.734642654867257,-0.77294889380531
NA,"Sky-A5-4",-174.24185,-166.49577,NA,NA,NA,NA,239.3101728,-22.931693076,NA,NA,NA,NA,NA,NA,NA,NA,NA,NA,NA,NA,NA,"",NA,NA,NA,-174241.85,-166495.77,1,"S",-0.770981637168142,-0.736706946902655
NA,"Sky-A5-5",-182.05086,-157.91943,NA,NA,NA,NA,239.2750673,-22.895834576,NA,NA,NA,NA,NA,NA,NA,NA,NA,NA,NA,NA,NA,"",NA,NA,NA,-182050.86,-157919.43,1,"S",-0.805534778761062,-0.698758539823009
NA,"Sky-A5-6",-189.43818,-148.97731,NA,NA,NA,NA,239.2418924,-22.858454127,NA,NA,NA,NA,NA,NA,NA,NA,NA,NA,NA,NA,NA,"",NA,NA,NA,-189438.18,-148977.31,1,"S",-0.83822203539823,-0.659191637168142
NA,"Sky-A5-7",-196.38671,-139.6901,NA,NA,NA,NA,239.2107244,-22.819639262,NA,NA,NA,NA,NA,NA,NA,NA,NA,NA,NA,NA,NA,"",NA,NA,NA,-196386.71,-139690.1,1,"S",-0.868967743362832,-0.61809778761062
NA,"Sky-H1-1",-181.17025,158.92893,NA,NA,NA,NA,239.2861848,-21.576369455,NA,NA,NA,NA,NA,NA,NA,NA,NA,NA,NA,NA,NA,"",NA,NA,NA,-181170.25,158928.93,1,"S",-0.801638274336283,0.703225353982301
NA,"Sky-H1-2",-173.31368,167.46173,NA,NA,NA,NA,239.3215676,-21.540988038,NA,NA,NA,NA,NA,NA,NA,NA,NA,NA,NA,NA,NA,"",NA,NA,NA,-173313.68,167461.73,1,"S",-0.766874690265487,0.74098110619469
NA,"Sky-H1-3",-165.05567,175.60663,NA,NA,NA,NA,239.3587237,-21.507223385,NA,NA,NA,NA,NA,NA,NA,NA,NA,NA,NA,NA,NA,"",NA,NA,NA,-165055.67,175606.63,1,"S",-0.73033482300885,0.777020486725664
NA,"Sky-H1-4",-156.41534,183.34477,NA,NA,NA,NA,239.397567,-21.475152696,NA,NA,NA,NA,NA,NA,NA,NA,NA,NA,NA,NA,NA,"",NA,NA,NA,-156415.34,183344.77,1,"S",-0.692103274336283,0.811260044247788
NA,"Sky-H1-5",-147.4127,190.65822,NA,NA,NA,NA,239.4380078,-21.444849296,NA,NA,NA,NA,NA,NA,NA,NA,NA,NA,NA,NA,NA,"",NA,NA,NA,-147412.7,190658.22,1,"S",-0.652268584070796,0.843620442477876
NA,"Sky-H1-6",-138.06861,197.53006,NA,NA,NA,NA,239.4799528,-21.416382325,NA,NA,NA,NA,NA,NA,NA,NA,NA,NA,NA,NA,NA,"",NA,NA,NA,-138068.61,197530.06,1,"S",-0.610923053097345,0.874026814159292
NA,"Sky-H1-7",-128.4047,203.94434,NA,NA,NA,NA,239.5233056,-21.389816892,NA,NA,NA,NA,NA,NA,NA,NA,NA,NA,NA,NA,NA,"",NA,NA,NA,-128404.7,203944.34,1,"S",-0.568162389380531,0.902408584070796
NA,"Sky-H1-8",-118.44464,209.88551,NA,NA,NA,NA,239.5679608,-21.365216475,NA,NA,NA,NA,NA,NA,NA,NA,NA,NA,NA,NA,NA,"",NA,NA,NA,-118444.64,209885.51,1,"S",-0.524091327433628,0.928696946902655
NA,"Sky-H2-1",-100.81652,218.89973,NA,NA,NA,NA,239.6469398,-21.327902949,NA,NA,NA,NA,NA,NA,NA,NA,NA,NA,NA,NA,NA,"",NA,NA,NA,-100816.52,218899.73,1,"S",-0.446090796460177,0.968582876106195
NA,"Sky-H2-2",-90.16757,223.49692,NA,NA,NA,NA,239.694621,-21.308879407,NA,NA,NA,NA,NA,NA,NA,NA,NA,NA,NA,NA,NA,"",NA,NA,NA,-90167.57,223496.92,1,"S",-0.398971548672566,0.988924424778761
NA,"Sky-H2-3",-79.30977,227.57641,NA,NA,NA,NA,239.7432183,-21.292002365,NA,NA,NA,NA,NA,NA,NA,NA,NA,NA,NA,NA,NA,"",NA,NA,NA,-79309.77,227576.41,1,"S",-0.350928185840708,1.00697526548673
NA,"Sky-H2-4",-68.26826,231.12877,NA,NA,NA,NA,239.7926209,-21.277310136,NA,NA,NA,NA,NA,NA,NA,NA,NA,NA,NA,NA,NA,"",NA,NA,NA,-68268.26,231128.77,1,"S",-0.302071946902655,1.02269367256637
NA,"Sky-H2-5",-57.06862,234.14576,NA,NA,NA,NA,239.842716,-21.26483616,NA,NA,NA,NA,NA,NA,NA,NA,NA,NA,NA,NA,NA,"",NA,NA,NA,-57068.62,234145.76,1,"S",-0.252516017699115,1.03604318584071
NA,"Sky-H2-6",-45.73679,236.62039,NA,NA,NA,NA,239.8933897,-21.254608771,NA,NA,NA,NA,NA,NA,NA,NA,NA,NA,NA,NA,NA,"",NA,NA,NA,-45736.79,236620.39,1,"S",-0.20237517699115,1.04699287610619
NA,"Sky-H2-7",-34.29902,238.54693,NA,NA,NA,NA,239.9445266,-21.246651163,NA,NA,NA,NA,NA,NA,NA,NA,NA,NA,NA,NA,NA,"",NA,NA,NA,-34299.02,238546.93,1,"S",-0.151765575221239,1.05551738938053
NA,"Sky-H2-8",-22.78326,239.92079,NA,NA,NA,NA,239.9960038,-21.240981892,NA,NA,NA,NA,NA,NA,NA,NA,NA,NA,NA,NA,NA,"",NA,NA,NA,-22783.26,239920.79,1,"S",-0.100810884955752,1.0615964159292
NA,"Sky-H3-1",184.61356,154.91577,NA,NA,NA,NA,240.924584,-21.59341047,NA,NA,NA,NA,NA,NA,NA,NA,NA,NA,NA,NA,NA,"",NA,NA,NA,184613.56,154915.77,1,"S",0.816874159292035,0.685468008849557
NA,"Sky-H3-2",191.8534,145.85382,NA,NA,NA,NA,240.9572052,-21.630997097,NA,NA,NA,NA,NA,NA,NA,NA,NA,NA,NA,NA,NA,"",NA,NA,NA,191853.4,145853.82,1,"S",0.848908849557522,0.645370884955752
NA,"Sky-H3-3",198.64884,136.45402,NA,NA,NA,NA,240.9878592,-21.669992297,NA,NA,NA,NA,NA,NA,NA,NA,NA,NA,NA,NA,NA,"",NA,NA,NA,198648.84,136454.02,1,"S",0.878977168141593,0.603778849557522
NA,"Sky-H3-4",204.98415,126.73816,NA,NA,NA,NA,241.0164746,-21.710306657,NA,NA,NA,NA,NA,NA,NA,NA,NA,NA,NA,NA,NA,"",NA,NA,NA,204984.15,126738.16,1,"S",0.907009513274336,0.560788318584071
NA,"Sky-H3-5",210.84465,116.72873,NA,NA,NA,NA,241.0429844,-21.75184782,NA,NA,NA,NA,NA,NA,NA,NA,NA,NA,NA,NA,NA,"",NA,NA,NA,210844.65,116728.73,1,"S",0.93294092920354,0.516498805309734
NA,"Sky-H3-6",216.21677,106.44891,NA,NA,NA,NA,241.0673261,-21.794520516,NA,NA,NA,NA,NA,NA,NA,NA,NA,NA,NA,NA,NA,"",NA,NA,NA,216216.77,106448.91,1,"S",0.956711371681416,0.471012876106195
NA,"Sky-H3-7",221.08806,95.92253,NA,NA,NA,NA,241.0894423,-21.838226723,NA,NA,NA,NA,NA,NA,NA,NA,NA,NA,NA,NA,NA,"",NA,NA,NA,221088.06,95922.53,1,"S",0.978265752212389,0.424435973451327
NA,"Sky-H3-8",225.44672,85.17533,NA,NA,NA,NA,241.1092779,-21.882860415,NA,NA,NA,NA,NA,NA,NA,NA,NA,NA,NA,NA,NA,"",NA,NA,NA,225446.72,85175.33,1,"S",0.99755185840708,0.376881991150442
NA,"Sky-H4-1",239.9828,-22.12059,NA,NA,NA,NA,241.1776123,-22.329086959,NA,NA,NA,NA,NA,NA,NA,NA,NA,NA,NA,NA,NA,"",NA,NA,NA,239982.8,-22120.59,1,"S",1.06187079646018,-0.0978787168141593
NA,"Sky-H4-2",238.64054,-33.64155,NA,NA,NA,NA,241.1719137,-22.377070979,NA,NA,NA,NA,NA,NA,NA,NA,NA,NA,NA,NA,NA,"",NA,NA,NA,238640.54,-33641.55,1,"S",1.05593159292035,-0.148856415929204
NA,"Sky-H4-3",236.74552,-45.08459,NA,NA,NA,NA,241.1637217,-22.424744508,NA,NA,NA,NA,NA,NA,NA,NA,NA,NA,NA,NA,NA,"",NA,NA,NA,236745.52,-45084.59,1,"S",1.04754654867257,-0.199489336283186
NA,"Sky-H4-4",234.30213,-56.42319,NA,NA,NA,NA,241.1530531,-22.471996873,NA,NA,NA,NA,NA,NA,NA,NA,NA,NA,NA,NA,NA,"",NA,NA,NA,234302.13,-56423.19,1,"S",1.03673508849558,-0.249660132743363
NA,"Sky-H4-5",231.31601,-67.6311,NA,NA,NA,NA,241.13993,-22.518718398,NA,NA,NA,NA,NA,NA,NA,NA,NA,NA,NA,NA,NA,"",NA,NA,NA,231316.01,-67631.1,1,"S",1.02352216814159,-0.299252654867257
NA,"Sky-H4-6",227.79409,-78.68236,NA,NA,NA,NA,241.1243807,-22.564800486,NA,NA,NA,NA,NA,NA,NA,NA,NA,NA,NA,NA,NA,"",NA,NA,NA,227794.09,-78682.36,1,"S",1.00793845132743,-0.34815203539823
NA,"Sky-H4-7",223.74453,-89.55136,NA,NA,NA,NA,241.1064393,-22.610135875,NA,NA,NA,NA,NA,NA,NA,NA,NA,NA,NA,NA,NA,"",NA,NA,NA,223744.53,-89551.36,1,"S",0.990020044247788,-0.396244955752212
NA,"Sky-H4-8",219.17732,-100.21161,NA,NA,NA,NA,241.0861478,-22.654613509,NA,NA,NA,NA,NA,NA,NA,NA,NA,NA,NA,NA,NA,"",NA,NA,NA,219177.32,-100211.61,1,"S",0.969811150442478,-0.443414203539823
NA,"Sky-H5-1",41.83481,-237.34134,NA,NA,NA,NA,240.2871865,-23.228032989,NA,NA,NA,NA,NA,NA,NA,NA,NA,NA,NA,NA,NA,"",NA,NA,NA,41834.81,-237341.34,1,"S",0.185109778761062,-1.05018292035398
NA,"Sky-H5-2",30.36687,-239.07931,NA,NA,NA,NA,240.2352685,-23.235325092,NA,NA,NA,NA,NA,NA,NA,NA,NA,NA,NA,NA,NA,"",NA,NA,NA,30366.87,-239079.31,1,"S",0.134366681415929,-1.05787305309735
NA,"Sky-H5-3",18.8286,-240.26349,NA,NA,NA,NA,240.183024,-23.240297836,NA,NA,NA,NA,NA,NA,NA,NA,NA,NA,NA,NA,NA,"",NA,NA,NA,18828.6,-240263.49,1,"S",0.083312389380531,-1.06311278761062
NA,"Sky-H5-4",7.2467,-240.89115,NA,NA,NA,NA,240.1305764,-23.24293943,NA,NA,NA,NA,NA,NA,NA,NA,NA,NA,NA,NA,NA,"",NA,NA,NA,7246.7,-240891.15,1,"S",0.0320650442477876,-1.06589004424779
NA,"Sky-H5-5",-4.35197,-240.96083,NA,NA,NA,NA,240.0780497,-23.243243507,NA,NA,NA,NA,NA,NA,NA,NA,NA,NA,NA,NA,NA,"",NA,NA,NA,-4351.97,-240960.83,1,"S",-0.0192565044247788,-1.06619836283186
NA,"Sky-H5-6",-15.94057,-240.47237,NA,NA,NA,NA,240.0255681,-23.24120925,NA,NA,NA,NA,NA,NA,NA,NA,NA,NA,NA,NA,NA,"",NA,NA,NA,-15940.57,-240472.37,1,"S",-0.0705334955752212,-1.06403703539823
NA,"Sky-H5-7",-27.49224,-239.4269,NA,NA,NA,NA,239.9732558,-23.23684135,NA,NA,NA,NA,NA,NA,NA,NA,NA,NA,NA,NA,NA,"",NA,NA,NA,-27492.24,-239426.9,1,"S",-0.121647079646018,-1.0594110619469
NA,"Sky-H5-8",-38.97879,-237.82707,NA,NA,NA,NA,239.9212428,-23.230150976,NA,NA,NA,NA,NA,NA,NA,NA,NA,NA,NA,NA,NA,"",NA,NA,NA,-38978.79,-237827.07,1,"S",-0.172472522123894,-1.05233216814159
NA,"Sky-H6-1",-58.36925,-233.82492,NA,NA,NA,NA,239.8334569,-23.213405213,NA,NA,NA,NA,NA,NA,NA,NA,NA,NA,NA,NA,NA,"",NA,NA,NA,-58369.25,-233824.92,1,"S",-0.258271017699115,-1.03462353982301
NA,"Sky-H6-2",-69.55194,-230.74573,NA,NA,NA,NA,239.782844,-23.200518231,NA,NA,NA,NA,NA,NA,NA,NA,NA,NA,NA,NA,NA,"",NA,NA,NA,-69551.94,-230745.73,1,"S",-0.307751946902655,-1.02099880530973
NA,"Sky-H6-3",-80.57354,-227.13205,NA,NA,NA,NA,239.7329736,-23.185393141,NA,NA,NA,NA,NA,NA,NA,NA,NA,NA,NA,NA,NA,"",NA,NA,NA,-80573.54,-227132.05,1,"S",-0.356520088495575,-1.00500907079646
NA,"Sky-H6-4",-91.4085,-222.99226,NA,NA,NA,NA,239.6839633,-23.168065576,NA,NA,NA,NA,NA,NA,NA,NA,NA,NA,NA,NA,NA,"",NA,NA,NA,-91408.5,-222992.26,1,"S",-0.404462389380531,-0.986691415929204
NA,"Sky-H6-5",-102.03172,-218.33596,NA,NA,NA,NA,239.6359286,-23.148576356,NA,NA,NA,NA,NA,NA,NA,NA,NA,NA,NA,NA,NA,"",NA,NA,NA,-102031.72,-218335.96,1,"S",-0.45146778761062,-0.966088318584071
NA,"Sky-H6-6",-112.41861,-213.17391,NA,NA,NA,NA,239.5889825,-23.126971248,NA,NA,NA,NA,NA,NA,NA,NA,NA,NA,NA,NA,NA,"",NA,NA,NA,-112418.61,-213173.91,1,"S",-0.497427477876106,-0.943247389380531
NA,"Sky-H6-7",-122.54511,-207.51809,NA,NA,NA,NA,239.5432352,-23.10330118,NA,NA,NA,NA,NA,NA,NA,NA,NA,NA,NA,NA,NA,"",NA,NA,NA,-122545.11,-207518.09,1,"S",-0.542235,-0.918221637168142
NA,"Sky-H6-8",-132.38652,-201.3824,NA,NA,NA,NA,239.4987998,-23.077625189,NA,NA,NA,NA,NA,NA,NA,NA,NA,NA,NA,NA,NA,"",NA,NA,NA,-132386.52,-201382.4,1,"S",-0.585781061946903,-0.891072566371681
NA,"Sky-H7-1",-207.18967,-123.09956,NA,NA,NA,NA,239.1623545,-22.750321972,NA,NA,NA,NA,NA,NA,NA,NA,NA,NA,NA,NA,NA,"",NA,NA,NA,-207189.67,-123099.56,1,"S",-0.916768451327434,-0.544688318584071
NA,"Sky-H7-2",-212.87255,-112.98823,NA,NA,NA,NA,239.1369641,-22.708089021,NA,NA,NA,NA,NA,NA,NA,NA,NA,NA,NA,NA,NA,"",NA,NA,NA,-212872.55,-112988.23,1,"S",-0.941913938053097,-0.499947920353982
NA,"Sky-H7-3",-218.06235,-102.61518,NA,NA,NA,NA,239.1138201,-22.664773597,NA,NA,NA,NA,NA,NA,NA,NA,NA,NA,NA,NA,NA,"",NA,NA,NA,-218062.35,-102615.18,1,"S",-0.964877654867257,-0.454049469026549
NA,"Sky-H7-4",-222.74704,-92.00444,NA,NA,NA,NA,239.0929747,-22.620476913,NA,NA,NA,NA,NA,NA,NA,NA,NA,NA,NA,NA,NA,"",NA,NA,NA,-222747.04,-92004.44,1,"S",-0.985606371681416,-0.407099292035398
NA,"Sky-H7-5",-226.91579,-81.18059,NA,NA,NA,NA,239.0744745,-22.575302388,NA,NA,NA,NA,NA,NA,NA,NA,NA,NA,NA,NA,NA,"",NA,NA,NA,-226915.79,-81180.59,1,"S",-1.00405216814159,-0.359206150442478
NA,"Sky-H7-6",-230.55892,-70.1687,NA,NA,NA,NA,239.0583605,-22.529355394,NA,NA,NA,NA,NA,NA,NA,NA,NA,NA,NA,NA,NA,"",NA,NA,NA,-230558.92,-70168.7,1,"S",-1.02017221238938,-0.310480973451327
NA,"Sky-H7-7",-233.66801,-58.99428,NA,NA,NA,NA,239.0446681,-22.482743033,NA,NA,NA,NA,NA,NA,NA,NA,NA,NA,NA,NA,NA,"",NA,NA,NA,-233668.01,-58994.28,1,"S",-1.03392924778761,-0.261036637168142
NA,"Sky-H7-8",-236.23556,-47.68464,NA,NA,NA,NA,239.0334282,-22.435579803,NA,NA,NA,NA,NA,NA,NA,NA,NA,NA,NA,NA,NA,"",NA,NA,NA,-236235.56,-47684.64,1,"S",-1.04529008849558,-0.210993982300885
