#OBSTEMP,8
#CONFIGTEMP,19
#EQUINOX,J2000.0
#CENTRE,15 59 31.99,-22 02 57.7 #Field centre
#UTTIME,12 00 00.00 #Target observing time
#UTDATE,2021 07 10 #Target observing date
#PLATEID,a test_plateID
#LABEL,240_m20_comissioning Tile 005
#TILING_DATE,2021 06 07 # Date the tile was created/configured
#PROXIMITY,220 # tiling proximity value in arcseconds
"probe","ID","x","y","rads","angs","azAngs","angs_azAng","RA","DEC","g_mag","r_mag","i_mag","z_mag","y_mag","GAIA_g_mag","GAIA_bp_mag","GAIA_rp_mag","pmRA","pmDEC","priority","remaining_observations","Tile_number","COMPLETED","MagnetX_noDC","MagnetY_noDC","type","MagnetX","MagnetY","Position","fibre_type","fraction_plate_radius_X","fraction_plate_radius_Y"
1,"6243432299928433280",62.08698,-53.22218,81.7764851865914,4.03524253157283,2.43292210749591,1.60232042407692,240.1707,-22.277113,18.1660995483398,17.4873008728027,17.1485004425049,16.9801006317139,16.8726997375488,17.495363,18.015966,16.759142,-5.12119742031682,-5.82138868529121,1,1,-999,"False",64953.7712359551,-51471.4619101123,1,62086.98,-53222.18,NA,"P",0.274721150442478,-0.235496371681416
2,"6243570838395264640",140.6623,137.05672,196.39355167227,2.72966686407985,3.91400871211667,5.09884345914277,240.52069,-21.470222,17.9925003051758,17.5837993621826,17.4067001342773,17.3262996673584,17.288200378418,17.59082,17.947502,17.041372,-4.27235377293167,-5.01909013882159,1,1,-999,"False",144051.511235953,130885.904089888,1,140662.3,137056.72,NA,"P",0.622399557522124,0.606445663716814
3,"6243451678821058816",37.53228,-0.76237,37.5400219767557,3.76505742667824,3.12128306471117,0.643774361967068,240.05745,-22.052559,16.3292007446289,15.584400177002,15.233699798584,15.0620002746582,14.9456996917725,15.603504,16.192888,14.863531,-4.13032927326628,-1.63890940020464,1,1,-999,"False",39359.2712359501,-722.257910112006,1,37532.28,-762.37,NA,"P",0.16607203539823,-0.0033733185840708
4,"6243250811793459968",149.12382,-29.07936,151.932626086045,4.39547219166335,2.94900798654378,1.44646420511957,240.56773,-22.171572,18.1804008483887,17.536600112915,17.2099990844727,17.0356998443604,16.9314994812012,17.542421,18.063467,16.826841,-9.54192398634914,-3.29194105241455,1,1,-999,"False",154682.551235949,-27619.1959101126,1,149123.82,-29079.36,NA,"P",0.659839911504425,-0.128669734513274
5,"6243149691082788480",126.10462,-162.69068,205.841279980977,0.41891070403565,2.23018067079476,4.47191534042048,240.4582,-22.732506,18.2183990478516,17.1965999603271,16.7595996856689,16.5589008331299,16.4073009490967,17.222933,17.912342,16.380611,-5.51532348131479,-5.47071663377939,1,1,-999,"False",129928.771235954,-154390.279910112,1,126104.62,-162690.68,NA,"P",0.557985044247788,-0.719870265486726
6,"6243223873758073856",140.78509,-112.5428,180.239627713076,0.422633093829517,2.46722114314702,4.23859725786208,240.52757,-22.523888,14.6823997497559,14.1611003875732,13.9315004348755,13.792799949646,13.7076997756958,14.151555,14.605425,13.533948,-3.86914772190792,-1.47123208448865,1,1,-999,"False",145606.391235958,-107242.611910112,1,140785.09,-112542.8,NA,"P",0.622942876106195,-0.497976991150442
7,"6237482052235516544",-189.156,-29.7171,191.476103909626,-1.52482345439379,0.155829949088449,4.60253190369735,239.02133,-22.17246,17.9647006988525,17.4683990478516,17.2408008575439,17.1410999298096,17.0685997009277,17.486643,17.891178,16.874336,-5.09411477724826,-6.88610738069868,1,1,-999,"False",-194803.848764052,-27819.8839101125,1,-189156,-29717.1,NA,"P",-0.836973451327434,-0.131491592920354
8,"6246509592455294464",-150.53761,101.60778,181.61969326326,3.17448161981718,-0.59372636129223,3.76820798110941,239.19843,-21.618155,17.7891006469727,17.2024002075195,16.9108009338379,16.7544002532959,16.6310005187988,17.202435,17.677015,16.533445,2.05467536496204,-4.31331690388511,1,1,-999,"False",-154779.248764053,97453.0460898881,1,-150537.61,101607.78,NA,"P",-0.666095619469026,0.449591946902655
9,"6243174704972335232",160.95014,-137.3175,211.568058487735,0.255343428777371,2.43526230743249,4.10326642852447,240.6155,-22.624407,17.5548000335693,17.0401000976563,16.8104000091553,16.717399597168,16.6329002380371,17.06563,17.465246,16.44454,-5.79964783496578,-2.71056719235492,1,1,-999,"False",165478.571235952,-129959.905910113,1,160950.14,-137317.5,NA,"P",0.712168761061947,-0.607599557522124
10,"6243560629250565376",53.74145,80.53697,96.8212114408997,3.36637338003717,4.12395551846501,5.52560316875175,240.131,-21.704313,18.4193992614746,17.8246002197266,17.56130027771,17.449800491333,17.3544998168945,17.867262,18.34693,17.191496,-4.37112490940923,-3.11045472545864,1,1,-999,"False",55981.5712359463,77981.3380898879,1,53741.45,80536.97,NA,"P",0.237794026548673,0.356358274336283
11,"6237392059780633856",-51.69329,-151.25599,159.84545893426,2.24086566649637,1.24148078699441,0.999384879501954,239.64546,-22.691166,18.6550998687744,17.9339008331299,17.5729999542236,17.3934001922607,17.253999710083,17.943756,18.5408,17.175158,-3.02787807856518,-3.82236333902773,1,1,-999,"False",-53750.4687640441,-145047.439910112,1,-51693.29,-151255.99,NA,"P",-0.228731371681416,-0.669274292035398
12,"6243499060900054272",-139.75679,43.42477,146.347774156825,-0.893390111109445,-0.301259410329584,5.69105460639973,239.24268,-21.863352,17.5053005218506,16.8871994018555,16.5881996154785,16.4627990722656,16.3617992401123,16.895838,17.391605,16.21104,-4.34602564119032,-0.0669876259009324,1,1,-999,"False",-144778.748764052,42038.5240898879,1,-139756.79,43424.77,NA,"P",-0.618392876106195,0.192145
13,"6237195560738377216",-31.4704,-215.81741,218.099840750213,-0.973248551503397,1.42599731403409,3.8839394416421,239.73997,-22.954172,17.0524997711182,16.3971996307373,16.0891990661621,15.9413995742798,15.8285999298096,16.411232,16.94597,15.720578,-3.8821302256115,-6.17561447842665,1,1,-999,"False",-32391.208764041,-204486.795910112,1,-31470.4,-215817.41,NA,"P",-0.139249557522124,-0.954944292035398
14,"6243484251853286912",-67.73621,36.96458,77.1658883169273,-0.536065442426418,-0.499546455712245,6.24666632046541,239.57036,-21.890589,16.4127998352051,15.6876001358032,15.2952003479004,15.1006002426147,14.9784002304077,15.665615,16.25889,14.913566,2.20594634776604,-5.73130681378417,1,1,-999,"False",-70723.0687640423,35882.9620898872,1,-67736.21,36964.58,NA,"P",-0.299717743362832,0.163560088495575
15,"6243536787893398144",-21.45079,146.66502,148.225384071773,0.190825796551478,-1.42556898181086,1.61639477836234,239.78526,-21.425224,16.8533000946045,16.2052001953125,15.9004001617432,15.7536001205444,15.6415004730225,16.217888,16.738935,15.533069,-2.26471368977419,-9.58620315496852,1,1,-999,"False",-22155.6687640423,141055.452089888,1,-21450.79,146665.02,NA,"P",-0.094915,0.648960265486726
16,"6243239266921044352",80.03288,-93.88868,123.370766850323,1.02612390405666,2.27669544654685,5.03261376468939,240.25273,-22.449532,17.2611999511719,16.8528995513916,16.718599319458,16.6343994140625,16.5828990936279,16.90725,17.198517,16.342188,-7.96914991173129,-17.1357787059443,1,1,-999,"False",83492.5512359494,-90438.1559101126,1,80032.88,-93888.68,NA,"P",0.354127787610619,-0.415436637168142
17,"6243570666596999808",126.07144,133.13324,183.35339532327,0.0624843294903439,3.95422818627785,2.39144145039208,240.456,-21.485659,17.1040992736816,16.5042991638184,16.2458000183105,16.1380004882813,16.0650005340576,16.528673,17.015089,15.88012,-3.27812103292475,-4.24760972375005,1,1,-999,"False",129431.57123595,127397.142089888,1,126071.44,133133.24,NA,"P",0.557838230088496,0.589085132743363
18,"6243255312919197696",133.20428,-4.90596,133.294593490659,4.22484963806026,3.10477894509842,1.12007069296183,240.49574,-22.06916,16.75950050354,16.3428001403809,16.1583003997803,16.0909996032715,16.0303993225098,16.343473,16.707434,15.792993,-0.503203082763821,-0.777839345948108,1,1,-999,"False",138412.811235949,-4474.08391011233,1,133204.28,-4905.96,NA,"P",0.589399469026549,-0.0217077876106195
19,"6243429585509323392",-22.37158,-24.82039,33.4146577335232,-0.67170950094228,0.837242060668245,4.77423374556906,239.77936,-22.156116,17.7493991851807,17.2282009124756,16.9916000366211,16.878999710083,16.8141994476318,17.249477,17.660774,16.62183,-5.986971698883,0.100951908147081,1,1,-999,"False",-23489.068764048,-24126.1399101125,1,-22371.58,-24820.39,NA,"P",-0.0989892920353982,-0.109824734513274
20,"6243640176347080576",40.1712,207.49747,211.350243354109,2.59567426590408,4.52115621293204,4.35770336015162,240.0644,-21.17709,17.7898006439209,17.5042991638184,17.3826007843018,17.3619003295898,17.3157997131348,17.496689,17.782122,17.039436,-3.89912509082255,-4.64347401232104,1,NA,NA,"",40929.9712359541,197133.736089888,0,40171.2,207497.47,NA,"P",0.177748672566372,0.918130398230088
21,"6243419621184853888",-93.90546,-74.35079,119.775938282427,5.21019153323736,0.669697646372585,4.54049388686478,239.44974,-22.366205,16.2537002563477,16.2950000762939,16.4044990539551,16.4624004364014,16.4435997009277,16.223186,16.294168,16.03468,5.32640813315839,-2.57051290750258,1,NA,NA,"",-97983.1887640493,-71606.2539101117,0,-93905.46,-74350.79,NA,"P",-0.415510884955752,-0.328985796460177
NA,"Sky-A1-1",-226.46104,82.44066,NA,NA,NA,NA,238.8679775,-21.702771824,NA,NA,NA,NA,NA,NA,NA,NA,NA,NA,NA,NA,NA,"",NA,NA,NA,-226461.04,82440.66,1,"S",-1.00204,0.364781681415929
NA,"Sky-A1-2",-222.23219,93.24117,NA,NA,NA,NA,238.887232,-21.657893193,NA,NA,NA,NA,NA,NA,NA,NA,NA,NA,NA,NA,NA,"",NA,NA,NA,-222232.19,93241.17,1,"S",-0.983328274336283,0.412571548672566
NA,"Sky-A1-3",-217.48859,103.8257,NA,NA,NA,NA,238.9087762,-21.613924367,NA,NA,NA,NA,NA,NA,NA,NA,NA,NA,NA,NA,NA,"",NA,NA,NA,-217488.59,103825.7,1,"S",-0.96233889380531,0.459405752212389
NA,"Sky-A1-4",-212.24121,114.16975,NA,NA,NA,NA,238.9325588,-21.570966422,NA,NA,NA,NA,NA,NA,NA,NA,NA,NA,NA,NA,NA,"",NA,NA,NA,-212241.21,114169.75,1,"S",-0.939120398230089,0.505175884955752
NA,"Sky-A1-5",-206.50222,124.24934,NA,NA,NA,NA,238.9585232,-21.529118188,NA,NA,NA,NA,NA,NA,NA,NA,NA,NA,NA,NA,NA,"",NA,NA,NA,-206502.22,124249.34,1,"S",-0.913726637168142,0.549775840707965
NA,"Sky-A1-6",-200.2849,134.04112,NA,NA,NA,NA,238.9866081,-21.488475794,NA,NA,NA,NA,NA,NA,NA,NA,NA,NA,NA,NA,NA,"",NA,NA,NA,-200284.9,134041.12,1,"S",-0.886216371681416,0.593102300884956
NA,"Sky-A1-7",-193.60365,143.52243,NA,NA,NA,NA,239.0167475,-21.449132433,NA,NA,NA,NA,NA,NA,NA,NA,NA,NA,NA,NA,NA,"",NA,NA,NA,-193603.65,143522.43,1,"S",-0.856653318584071,0.635055
NA,"Sky-A2-1",-3.01251,240.9813,NA,NA,NA,NA,239.8698809,-21.045457162,NA,NA,NA,NA,NA,NA,NA,NA,NA,NA,NA,NA,NA,"",NA,NA,NA,-3012.51,240981.3,1,"S",-0.0133296902654867,1.0662889380531
NA,"Sky-A2-2",8.5856,240.84715,NA,NA,NA,NA,239.9216481,-21.046030109,NA,NA,NA,NA,NA,NA,NA,NA,NA,NA,NA,NA,NA,"",NA,NA,NA,8585.6,240847.15,1,"S",0.0379893805309735,1.0656953539823
NA,"Sky-A2-3",20.16382,240.15512,NA,NA,NA,NA,239.9733267,-21.048912174,NA,NA,NA,NA,NA,NA,NA,NA,NA,NA,NA,NA,NA,"",NA,NA,NA,20163.82,240155.12,1,"S",0.0892204424778761,1.06263327433628
NA,"Sky-A2-4",31.69534,238.90682,NA,NA,NA,NA,240.0247991,-21.054096664,NA,NA,NA,NA,NA,NA,NA,NA,NA,NA,NA,NA,NA,"",NA,NA,NA,31695.34,238906.82,1,"S",0.140244867256637,1.05710982300885
NA,"Sky-A2-5",43.15344,237.10513,NA,NA,NA,NA,240.0759484,-21.061571716,NA,NA,NA,NA,NA,NA,NA,NA,NA,NA,NA,NA,NA,"",NA,NA,NA,43153.44,237105.13,1,"S",0.190944424778761,1.04913774336283
NA,"Sky-A2-6",54.51158,234.75423,NA,NA,NA,NA,240.1266582,-21.071320178,NA,NA,NA,NA,NA,NA,NA,NA,NA,NA,NA,NA,NA,"",NA,NA,NA,54511.58,234754.23,1,"S",0.241201681415929,1.03873553097345
NA,"Sky-A2-7",65.74346,231.85957,NA,NA,NA,NA,240.1768132,-21.083319731,NA,NA,NA,NA,NA,NA,NA,NA,NA,NA,NA,NA,NA,"",NA,NA,NA,65743.46,231859.57,1,"S",0.290900265486726,1.02592730088496
NA,"Sky-A3-1",231.67752,66.38214,NA,NA,NA,NA,240.9218551,-21.769800936,NA,NA,NA,NA,NA,NA,NA,NA,NA,NA,NA,NA,NA,"",NA,NA,NA,231677.52,66382.14,1,"S",1.0251217699115,0.293726283185841
NA,"Sky-A3-2",234.60313,55.15828,NA,NA,NA,NA,240.9352812,-21.816446981,NA,NA,NA,NA,NA,NA,NA,NA,NA,NA,NA,NA,NA,"",NA,NA,NA,234603.13,55158.28,1,"S",1.03806694690265,0.244063185840708
NA,"Sky-A3-3",236.98531,43.80666,NA,NA,NA,NA,240.9462828,-21.863636398,NA,NA,NA,NA,NA,NA,NA,NA,NA,NA,NA,NA,NA,"",NA,NA,NA,236985.31,43806.66,1,"S",1.04860756637168,0.193834778761062
NA,"Sky-A3-4",238.81857,32.35357,NA,NA,NA,NA,240.9548324,-21.911260432,NA,NA,NA,NA,NA,NA,NA,NA,NA,NA,NA,NA,NA,"",NA,NA,NA,238818.57,32353.57,1,"S",1.05671933628319,0.143157389380531
NA,"Sky-A3-5",240.09865,20.82553,NA,NA,NA,NA,240.9609079,-21.959209263,NA,NA,NA,NA,NA,NA,NA,NA,NA,NA,NA,NA,NA,"",NA,NA,NA,240098.65,20825.53,1,"S",1.06238340707965,0.0921483628318584
NA,"Sky-A3-6",240.82258,9.24926,NA,NA,NA,NA,240.9644931,-22.00737212,NA,NA,NA,NA,NA,NA,NA,NA,NA,NA,NA,NA,NA,"",NA,NA,NA,240822.58,9249.26,1,"S",1.06558663716814,0.0409259292035398
NA,"Sky-A3-7",240.98869,2.34844,NA,NA,NA,NA,240.96544,-22.036089315,NA,NA,NA,NA,NA,NA,NA,NA,NA,NA,NA,NA,NA,"",NA,NA,NA,240988.69,2348.44,1,"S",1.06632163716814,0.0103913274336283
NA,"Sky-A4-1",210.21182,-117.86456,NA,NA,NA,NA,240.8303744,-22.537155529,NA,NA,NA,NA,NA,NA,NA,NA,NA,NA,NA,NA,NA,"",NA,NA,NA,210211.82,-117864.56,1,"S",0.930140796460177,-0.521524601769911
NA,"Sky-A4-2",204.2974,-127.84223,NA,NA,NA,NA,240.8039876,-22.578816083,NA,NA,NA,NA,NA,NA,NA,NA,NA,NA,NA,NA,NA,"",NA,NA,NA,204297.4,-127842.23,1,"S",0.903970796460177,-0.565673584070796
NA,"Sky-A4-3",197.90977,-137.52377,NA,NA,NA,NA,240.7754462,-22.619251336,NA,NA,NA,NA,NA,NA,NA,NA,NA,NA,NA,NA,NA,"",NA,NA,NA,197909.77,-137523.77,1,"S",0.875706946902655,-0.608512256637168
NA,"Sky-A4-4",191.06371,-146.88677,NA,NA,NA,NA,240.744815,-22.658366804,NA,NA,NA,NA,NA,NA,NA,NA,NA,NA,NA,NA,NA,"",NA,NA,NA,191063.71,-146886.77,1,"S",0.845414646017699,-0.649941460176991
NA,"Sky-A4-5",183.77509,-155.90952,NA,NA,NA,NA,240.7121641,-22.696070851,NA,NA,NA,NA,NA,NA,NA,NA,NA,NA,NA,NA,NA,"",NA,NA,NA,183775.09,-155909.52,1,"S",0.813164115044248,-0.689865132743363
NA,"Sky-A4-6",176.06079,-164.57115,NA,NA,NA,NA,240.6775685,-22.732275282,NA,NA,NA,NA,NA,NA,NA,NA,NA,NA,NA,NA,NA,"",NA,NA,NA,176060.79,-164571.15,1,"S",0.779030044247788,-0.72819092920354
NA,"Sky-A4-7",167.93867,-172.85157,NA,NA,NA,NA,240.6411077,-22.766895118,NA,NA,NA,NA,NA,NA,NA,NA,NA,NA,NA,NA,NA,"",NA,NA,NA,167938.67,-172851.57,1,"S",0.743091460176991,-0.764829955752212
NA,"Sky-A5-1",-148.4702,-189.83588,NA,NA,NA,NA,239.2126848,-22.838163335,NA,NA,NA,NA,NA,NA,NA,NA,NA,NA,NA,NA,NA,"",NA,NA,NA,-148470.2,-189835.88,1,"S",-0.656947787610619,-0.839981769911504
NA,"Sky-A5-2",-157.43205,-182.47249,NA,NA,NA,NA,239.1723475,-22.807362076,NA,NA,NA,NA,NA,NA,NA,NA,NA,NA,NA,NA,NA,"",NA,NA,NA,-157432.05,-182472.49,1,"S",-0.696601991150442,-0.807400398230088
NA,"Sky-A5-3",-163.27348,-171.78699,NA,NA,NA,NA,239.1453712,-22.763570061,NA,NA,NA,NA,NA,NA,NA,NA,NA,NA,NA,NA,NA,"",NA,NA,NA,-163273.48,-171786.99,3,"S",-0.722449026548673,-0.760119424778761
NA,"Sky-A5-4",-174.24185,-166.49577,NA,NA,NA,NA,239.0967765,-22.740547222,NA,NA,NA,NA,NA,NA,NA,NA,NA,NA,NA,NA,NA,"",NA,NA,NA,-174241.85,-166495.77,1,"S",-0.770981637168142,-0.736706946902655
NA,"Sky-A5-5",-182.05086,-157.91943,NA,NA,NA,NA,239.0617181,-22.704690393,NA,NA,NA,NA,NA,NA,NA,NA,NA,NA,NA,NA,NA,"",NA,NA,NA,-182050.86,-157919.43,1,"S",-0.805534778761062,-0.698758539823009
NA,"Sky-A5-6",-189.43818,-148.97731,NA,NA,NA,NA,239.0285874,-22.667311587,NA,NA,NA,NA,NA,NA,NA,NA,NA,NA,NA,NA,NA,"",NA,NA,NA,-189438.18,-148977.31,1,"S",-0.83822203539823,-0.659191637168142
NA,"Sky-A5-7",-196.38671,-139.6901,NA,NA,NA,NA,238.9974605,-22.628498323,NA,NA,NA,NA,NA,NA,NA,NA,NA,NA,NA,NA,NA,"",NA,NA,NA,-196386.71,-139690.1,1,"S",-0.868967743362832,-0.61809778761062
NA,"Sky-H1-1",-181.17025,158.92893,NA,NA,NA,NA,239.0727444,-21.38522425,NA,NA,NA,NA,NA,NA,NA,NA,NA,NA,NA,NA,NA,"",NA,NA,NA,-181170.25,158928.93,1,"S",-0.801638274336283,0.703225353982301
NA,"Sky-H1-2",-173.31368,167.46173,NA,NA,NA,NA,239.1080789,-21.349841147,NA,NA,NA,NA,NA,NA,NA,NA,NA,NA,NA,NA,NA,"",NA,NA,NA,-173313.68,167461.73,1,"S",-0.766874690265487,0.74098110619469
NA,"Sky-H1-3",-165.05567,175.60663,NA,NA,NA,NA,239.1451846,-21.316074802,NA,NA,NA,NA,NA,NA,NA,NA,NA,NA,NA,NA,NA,"",NA,NA,NA,-165055.67,175606.63,1,"S",-0.73033482300885,0.777020486725664
NA,"Sky-H1-4",-156.41534,183.34477,NA,NA,NA,NA,239.1839756,-21.284002432,NA,NA,NA,NA,NA,NA,NA,NA,NA,NA,NA,NA,NA,"",NA,NA,NA,-156415.34,183344.77,1,"S",-0.692103274336283,0.811260044247788
NA,"Sky-H1-5",-147.4127,190.65822,NA,NA,NA,NA,239.2243622,-21.253697376,NA,NA,NA,NA,NA,NA,NA,NA,NA,NA,NA,NA,NA,"",NA,NA,NA,-147412.7,190658.22,1,"S",-0.652268584070796,0.843620442477876
NA,"Sky-H1-6",-138.06861,197.53006,NA,NA,NA,NA,239.2662513,-21.225228789,NA,NA,NA,NA,NA,NA,NA,NA,NA,NA,NA,NA,NA,"",NA,NA,NA,-138068.61,197530.06,1,"S",-0.610923053097345,0.874026814159292
NA,"Sky-H1-7",-128.4047,203.94434,NA,NA,NA,NA,239.3095466,-21.198661794,NA,NA,NA,NA,NA,NA,NA,NA,NA,NA,NA,NA,NA,"",NA,NA,NA,-128404.7,203944.34,1,"S",-0.568162389380531,0.902408584070796
NA,"Sky-H1-8",-118.44464,209.88551,NA,NA,NA,NA,239.3541429,-21.174059883,NA,NA,NA,NA,NA,NA,NA,NA,NA,NA,NA,NA,NA,"",NA,NA,NA,-118444.64,209885.51,1,"S",-0.524091327433628,0.928696946902655
NA,"Sky-H2-1",-100.81652,218.89973,NA,NA,NA,NA,239.4330183,-21.136744002,NA,NA,NA,NA,NA,NA,NA,NA,NA,NA,NA,NA,NA,"",NA,NA,NA,-100816.52,218899.73,1,"S",-0.446090796460177,0.968582876106195
NA,"Sky-H2-2",-90.16757,223.49692,NA,NA,NA,NA,239.4806372,-21.117719215,NA,NA,NA,NA,NA,NA,NA,NA,NA,NA,NA,NA,NA,"",NA,NA,NA,-90167.57,223496.92,1,"S",-0.398971548672566,0.988924424778761
NA,"Sky-H2-3",-79.30977,227.57641,NA,NA,NA,NA,239.5291711,-21.100841041,NA,NA,NA,NA,NA,NA,NA,NA,NA,NA,NA,NA,NA,"",NA,NA,NA,-79309.77,227576.41,1,"S",-0.350928185840708,1.00697526548673
NA,"Sky-H2-4",-68.26826,231.12877,NA,NA,NA,NA,239.5785095,-21.086147803,NA,NA,NA,NA,NA,NA,NA,NA,NA,NA,NA,NA,NA,"",NA,NA,NA,-68268.26,231128.77,1,"S",-0.302071946902655,1.02269367256637
NA,"Sky-H2-5",-57.06862,234.14576,NA,NA,NA,NA,239.6285397,-21.073672949,NA,NA,NA,NA,NA,NA,NA,NA,NA,NA,NA,NA,NA,"",NA,NA,NA,-57068.62,234145.76,1,"S",-0.252516017699115,1.03604318584071
NA,"Sky-H2-6",-45.73679,236.62039,NA,NA,NA,NA,239.6791478,-21.063444821,NA,NA,NA,NA,NA,NA,NA,NA,NA,NA,NA,NA,NA,"",NA,NA,NA,-45736.79,236620.39,1,"S",-0.20237517699115,1.04699287610619
NA,"Sky-H2-7",-34.29902,238.54693,NA,NA,NA,NA,239.7302186,-21.055486621,NA,NA,NA,NA,NA,NA,NA,NA,NA,NA,NA,NA,NA,"",NA,NA,NA,-34299.02,238546.93,1,"S",-0.151765575221239,1.05551738938053
NA,"Sky-H2-8",-22.78326,239.92079,NA,NA,NA,NA,239.7816294,-21.049816908,NA,NA,NA,NA,NA,NA,NA,NA,NA,NA,NA,NA,NA,"",NA,NA,NA,-22783.26,239920.79,1,"S",-0.100810884955752,1.0615964159292
NA,"Sky-H3-1",184.61356,154.91577,NA,NA,NA,NA,240.7089938,-21.402264127,NA,NA,NA,NA,NA,NA,NA,NA,NA,NA,NA,NA,NA,"",NA,NA,NA,184613.56,154915.77,1,"S",0.816874159292035,0.685468008849557
NA,"Sky-H3-2",191.8534,145.85382,NA,NA,NA,NA,240.7415701,-21.439852328,NA,NA,NA,NA,NA,NA,NA,NA,NA,NA,NA,NA,NA,"",NA,NA,NA,191853.4,145853.82,1,"S",0.848908849557522,0.645370884955752
NA,"Sky-H3-3",198.64884,136.45402,NA,NA,NA,NA,240.7721816,-21.478849066,NA,NA,NA,NA,NA,NA,NA,NA,NA,NA,NA,NA,NA,"",NA,NA,NA,198648.84,136454.02,1,"S",0.878977168141593,0.603778849557522
NA,"Sky-H3-4",204.98415,126.73816,NA,NA,NA,NA,240.8007569,-21.519164913,NA,NA,NA,NA,NA,NA,NA,NA,NA,NA,NA,NA,NA,"",NA,NA,NA,204984.15,126738.16,1,"S",0.907009513274336,0.560788318584071
NA,"Sky-H3-5",210.84465,116.72873,NA,NA,NA,NA,240.8272291,-21.560707496,NA,NA,NA,NA,NA,NA,NA,NA,NA,NA,NA,NA,NA,"",NA,NA,NA,210844.65,116728.73,1,"S",0.93294092920354,0.516498805309734
NA,"Sky-H3-6",214.42233,105.56546,NA,NA,NA,NA,240.8440537,-21.606860226,NA,NA,NA,NA,NA,NA,NA,NA,NA,NA,NA,NA,NA,"",NA,NA,NA,214422.33,105565.46,2,"S",0.948771371681416,0.467103805309734
NA,"Sky-H3-7",221.08806,95.92253,NA,NA,NA,NA,240.8736199,-21.647088992,NA,NA,NA,NA,NA,NA,NA,NA,NA,NA,NA,NA,NA,"",NA,NA,NA,221088.06,95922.53,1,"S",0.978265752212389,0.424435973451327
NA,"Sky-H3-8",225.44672,85.17533,NA,NA,NA,NA,240.8934263,-21.691723832,NA,NA,NA,NA,NA,NA,NA,NA,NA,NA,NA,NA,NA,"",NA,NA,NA,225446.72,85175.33,1,"S",0.99755185840708,0.376881991150442
NA,"Sky-H4-1",239.9828,-22.12059,NA,NA,NA,NA,240.961638,-22.137954606,NA,NA,NA,NA,NA,NA,NA,NA,NA,NA,NA,NA,NA,"",NA,NA,NA,239982.8,-22120.59,1,"S",1.06187079646018,-0.0978787168141593
NA,"Sky-H4-2",238.64054,-33.64155,NA,NA,NA,NA,240.9559438,-22.185938293,NA,NA,NA,NA,NA,NA,NA,NA,NA,NA,NA,NA,NA,"",NA,NA,NA,238640.54,-33641.55,1,"S",1.05593159292035,-0.148856415929204
NA,"Sky-H4-3",236.74552,-45.08459,NA,NA,NA,NA,240.9477597,-22.233611338,NA,NA,NA,NA,NA,NA,NA,NA,NA,NA,NA,NA,NA,"",NA,NA,NA,236745.52,-45084.59,1,"S",1.04754654867257,-0.199489336283186
NA,"Sky-H4-4",234.30213,-56.42319,NA,NA,NA,NA,240.9371024,-22.280863073,NA,NA,NA,NA,NA,NA,NA,NA,NA,NA,NA,NA,NA,"",NA,NA,NA,234302.13,-56423.19,1,"S",1.03673508849558,-0.249660132743363
NA,"Sky-H4-5",231.31601,-67.6311,NA,NA,NA,NA,240.9239941,-22.32758383,NA,NA,NA,NA,NA,NA,NA,NA,NA,NA,NA,NA,NA,"",NA,NA,NA,231316.01,-67631.1,1,"S",1.02352216814159,-0.299252654867257
NA,"Sky-H4-6",227.79409,-78.68236,NA,NA,NA,NA,240.9084631,-22.373665016,NA,NA,NA,NA,NA,NA,NA,NA,NA,NA,NA,NA,NA,"",NA,NA,NA,227794.09,-78682.36,1,"S",1.00793845132743,-0.34815203539823
NA,"Sky-H4-7",223.74453,-89.55136,NA,NA,NA,NA,240.8905433,-22.41899938,NA,NA,NA,NA,NA,NA,NA,NA,NA,NA,NA,NA,NA,"",NA,NA,NA,223744.53,-89551.36,1,"S",0.990020044247788,-0.396244955752212
NA,"Sky-H4-8",219.17732,-100.21161,NA,NA,NA,NA,240.870277,-22.463475874,NA,NA,NA,NA,NA,NA,NA,NA,NA,NA,NA,NA,NA,"",NA,NA,NA,219177.32,-100211.61,1,"S",0.969811150442478,-0.443414203539823
NA,"Sky-H5-1",41.83481,-237.34134,NA,NA,NA,NA,240.0724158,-23.036869121,NA,NA,NA,NA,NA,NA,NA,NA,NA,NA,NA,NA,NA,"",NA,NA,NA,41834.81,-237341.34,1,"S",0.185109778761062,-1.05018292035398
NA,"Sky-H5-2",30.36687,-239.07931,NA,NA,NA,NA,240.0205716,-23.044160793,NA,NA,NA,NA,NA,NA,NA,NA,NA,NA,NA,NA,NA,"",NA,NA,NA,30366.87,-239079.31,1,"S",0.134366681415929,-1.05787305309735
NA,"Sky-H5-3",18.8286,-240.26349,NA,NA,NA,NA,239.9684015,-23.049133262,NA,NA,NA,NA,NA,NA,NA,NA,NA,NA,NA,NA,NA,"",NA,NA,NA,18828.6,-240263.49,1,"S",0.083312389380531,-1.06311278761062
NA,"Sky-H5-4",7.2467,-240.89115,NA,NA,NA,NA,239.9160286,-23.051774738,NA,NA,NA,NA,NA,NA,NA,NA,NA,NA,NA,NA,NA,"",NA,NA,NA,7246.7,-240891.15,1,"S",0.0320650442477876,-1.06589004424779
NA,"Sky-H5-5",-4.35197,-240.96083,NA,NA,NA,NA,239.8635768,-23.052078856,NA,NA,NA,NA,NA,NA,NA,NA,NA,NA,NA,NA,NA,"",NA,NA,NA,-4351.97,-240960.83,1,"S",-0.0192565044247788,-1.06619836283186
NA,"Sky-H5-6",-15.94057,-240.47237,NA,NA,NA,NA,239.81117,-23.050044798,NA,NA,NA,NA,NA,NA,NA,NA,NA,NA,NA,NA,NA,"",NA,NA,NA,-15940.57,-240472.37,1,"S",-0.0705334955752212,-1.06403703539823
NA,"Sky-H5-7",-27.49224,-239.4269,NA,NA,NA,NA,239.7589321,-23.045677257,NA,NA,NA,NA,NA,NA,NA,NA,NA,NA,NA,NA,NA,"",NA,NA,NA,-27492.24,-239426.9,1,"S",-0.121647079646018,-1.0594110619469
NA,"Sky-H5-8",-38.97879,-237.82707,NA,NA,NA,NA,239.7069931,-23.038987395,NA,NA,NA,NA,NA,NA,NA,NA,NA,NA,NA,NA,NA,"",NA,NA,NA,-38978.79,-237827.07,1,"S",-0.172472522123894,-1.05233216814159
NA,"Sky-H6-1",-58.36925,-233.82492,NA,NA,NA,NA,239.6193319,-23.022242854,NA,NA,NA,NA,NA,NA,NA,NA,NA,NA,NA,NA,NA,"",NA,NA,NA,-58369.25,-233824.92,1,"S",-0.258271017699115,-1.03462353982301
NA,"Sky-H6-2",-69.55194,-230.74573,NA,NA,NA,NA,239.5687907,-23.009356778,NA,NA,NA,NA,NA,NA,NA,NA,NA,NA,NA,NA,NA,"",NA,NA,NA,-69551.94,-230745.73,1,"S",-0.307751946902655,-1.02099880530973
NA,"Sky-H6-3",-80.57354,-227.13205,NA,NA,NA,NA,239.5189908,-22.994232726,NA,NA,NA,NA,NA,NA,NA,NA,NA,NA,NA,NA,NA,"",NA,NA,NA,-80573.54,-227132.05,1,"S",-0.356520088495575,-1.00500907079646
NA,"Sky-H6-4",-91.4085,-222.99226,NA,NA,NA,NA,239.4700496,-22.97690632,NA,NA,NA,NA,NA,NA,NA,NA,NA,NA,NA,NA,NA,"",NA,NA,NA,-91408.5,-222992.26,1,"S",-0.404462389380531,-0.986691415929204
NA,"Sky-H6-5",-102.03172,-218.33596,NA,NA,NA,NA,239.4220825,-22.957418372,NA,NA,NA,NA,NA,NA,NA,NA,NA,NA,NA,NA,NA,"",NA,NA,NA,-102031.72,-218335.96,1,"S",-0.45146778761062,-0.966088318584071
NA,"Sky-H6-6",-112.41861,-213.17391,NA,NA,NA,NA,239.3752021,-22.935814634,NA,NA,NA,NA,NA,NA,NA,NA,NA,NA,NA,NA,NA,"",NA,NA,NA,-112418.61,-213173.91,1,"S",-0.497427477876106,-0.943247389380531
NA,"Sky-H6-7",-122.54511,-207.51809,NA,NA,NA,NA,239.3295187,-22.912146025,NA,NA,NA,NA,NA,NA,NA,NA,NA,NA,NA,NA,NA,"",NA,NA,NA,-122545.11,-207518.09,1,"S",-0.542235,-0.918221637168142
NA,"Sky-H6-8",-132.38652,-201.3824,NA,NA,NA,NA,239.285145,-22.886471566,NA,NA,NA,NA,NA,NA,NA,NA,NA,NA,NA,NA,NA,"",NA,NA,NA,-132386.52,-201382.4,1,"S",-0.585781061946903,-0.891072566371681
NA,"Sky-H7-1",-207.18967,-123.09956,NA,NA,NA,NA,238.9491535,-22.559183627,NA,NA,NA,NA,NA,NA,NA,NA,NA,NA,NA,NA,NA,"",NA,NA,NA,-207189.67,-123099.56,1,"S",-0.916768451327434,-0.544688318584071
NA,"Sky-H7-2",-212.87255,-112.98823,NA,NA,NA,NA,238.9237956,-22.516952089,NA,NA,NA,NA,NA,NA,NA,NA,NA,NA,NA,NA,NA,"",NA,NA,NA,-212872.55,-112988.23,1,"S",-0.941913938053097,-0.499947920353982
NA,"Sky-H7-3",-218.06235,-102.61518,NA,NA,NA,NA,238.9006808,-22.473637984,NA,NA,NA,NA,NA,NA,NA,NA,NA,NA,NA,NA,NA,"",NA,NA,NA,-218062.35,-102615.18,1,"S",-0.964877654867257,-0.454049469026549
NA,"Sky-H7-4",-222.74704,-92.00444,NA,NA,NA,NA,238.8798611,-22.429342514,NA,NA,NA,NA,NA,NA,NA,NA,NA,NA,NA,NA,NA,"",NA,NA,NA,-222747.04,-92004.44,1,"S",-0.985606371681416,-0.407099292035398
NA,"Sky-H7-5",-226.91579,-81.18059,NA,NA,NA,NA,238.8613832,-22.384169084,NA,NA,NA,NA,NA,NA,NA,NA,NA,NA,NA,NA,NA,"",NA,NA,NA,-226915.79,-81180.59,1,"S",-1.00405216814159,-0.359206150442478
NA,"Sky-H7-6",-230.55892,-70.1687,NA,NA,NA,NA,238.8452881,-22.338223058,NA,NA,NA,NA,NA,NA,NA,NA,NA,NA,NA,NA,NA,"",NA,NA,NA,-230558.92,-70168.7,1,"S",-1.02017221238938,-0.310480973451327
NA,"Sky-H7-7",-233.66801,-58.99428,NA,NA,NA,NA,238.831611,-22.291611528,NA,NA,NA,NA,NA,NA,NA,NA,NA,NA,NA,NA,NA,"",NA,NA,NA,-233668.01,-58994.28,1,"S",-1.03392924778761,-0.261036637168142
NA,"Sky-H7-8",-236.23556,-47.68464,NA,NA,NA,NA,238.820383,-22.244448986,NA,NA,NA,NA,NA,NA,NA,NA,NA,NA,NA,NA,NA,"",NA,NA,NA,-236235.56,-47684.64,1,"S",-1.04529008849558,-0.210993982300885
