#OBSTEMP,8
#CONFIGTEMP,19
#EQUINOX,J2000.0
#CENTRE,15 59 48.92,-21 57 05.5 #Field centre
#UTTIME,12 00 00.00 #Target observing time
#UTDATE,2021 07 10 #Target observing date
#PLATEID,a test_plateID
#LABEL,240_m20_comissioning Tile 002
#TILING_DATE,2021 06 07 # Date the tile was created/configured
#PROXIMITY,220 # tiling proximity value in arcseconds
"probe","ID","x","y","rads","angs","azAngs","angs_azAng","RA","DEC","g_mag","r_mag","i_mag","z_mag","y_mag","GAIA_g_mag","GAIA_bp_mag","GAIA_rp_mag","pmRA","pmDEC","priority","remaining_observations","Tile_number","COMPLETED","MagnetX_noDC","MagnetY_noDC","type","MagnetX","MagnetY","Position","fibre_type","fraction_plate_radius_X","fraction_plate_radius_Y"
1,"6237462054867570816",-127.06335,-93.29843,157.637850637743,-1.23501245364685,0.63335574441001,4.41481710912273,239.37036,-22.346706,16.6728000640869,16.1257991790771,15.8899002075195,15.7753000259399,15.692099571228,16.135725,16.58534,15.516018,-1.80129674023334,-1.93899238882383,1,1,-999,"False",-131862.269263162,-89307.5778526317,1,-127063.35,-93298.43,NA,"P",-0.562227212389381,-0.412824911504425
2,"6237410274742148224",-96.34047,-124.19581,157.181695439949,2.66215151129937,0.911040128574475,1.7511113827249,239.51102,-22.47836,18.9309997558594,17.7763996124268,17.2535991668701,17.0000991821289,16.8325996398926,17.752108,18.522379,16.847973,-8.97888294836625,-5.65130195980158,1,1,-999,"False",-100073.109263156,-119061.381852632,1,-96340.47,-124195.81,NA,"P",-0.426285265486726,-0.549538982300885
3,"6246636822265408128",-32.16381,168.8572,171.893178065786,0.617403641485224,-1.3825717708648,1.99997541235002,239.80762,-21.235912,18.5398006439209,17.886100769043,17.5960998535156,17.4671993255615,17.367000579834,17.924578,18.429981,17.238176,-4.61465950017507,-1.13643337329849,1,1,-999,"False",-33041.5092631596,161731.866147369,1,-32163.81,168857.2,NA,"P",-0.142317743362832,0.747155752212389
4,"6243538608960306816",99.36293,-0.08295,99.3629646240862,3.48041530757903,3.14075783540629,0.339657472172744,240.41235,-21.951283,17.8381996154785,16.7367000579834,16.1734008789063,15.9253997802734,15.7215003967285,16.68376,17.505993,15.772417,-2.83280835225436,7.71227525609075,1,1,-999,"False",103627.470736838,58.0201473685378,1,99362.93,-82.95,NA,"P",0.439658982300885,-0.000367035398230088
5,"6243552593374031872",150.20744,59.73096,161.647958891769,0.380520981565441,3.5200771129758,3.14362917576923,240.6399,-21.696665,17.9207000732422,17.3372993469238,17.0613994598389,16.9349002838135,16.8285999298096,17.354914,17.842983,16.691002,-3.80428586906631,0.497905873931261,1,1,-999,"False",155053.77073684,57601.6881473687,1,150207.44,59730.96,NA,"P",0.664634690265487,0.264296283185841
6,"6243629662266949504",-22.37595,122.09342,124.126896141404,3.09992253745455,-1.38953870718993,4.48946124464448,239.85124,-21.430378,17.4342994689941,16.8701992034912,16.6093997955322,16.5009002685547,16.4160995483398,16.891188,17.364584,16.249756,3.60977797109339,-1.3079082672299,1,1,-999,"False",-23183.3892631651,117782.550147368,1,-22375.95,122093.42,NA,"P",-0.0990086283185841,0.540236371681416
7,"6243429516789849856",-42.96009,-49.11338,65.2510032706969,-0.815089245945565,0.85212915227943,4.61596690895459,239.75479,-22.162128,16.0746994018555,15.538200378418,15.3003997802734,15.2024002075195,15.1302995681763,15.559093,16.002726,14.945352,-5.38878125080022,-15.3774355082169,1,1,-999,"False",-44981.0892631661,-47592.9498526313,1,-42960.09,-49113.38,NA,"P",-0.19008889380531,-0.217315840707965
8,"6243524345366995200",-105.44552,50.36985,116.858373585691,-0.606526644406868,-0.445637599178719,6.12229626195144,239.46886,-21.735613,18.667200088501,17.9743995666504,17.6203002929688,17.4582004547119,17.3335990905762,17.982128,18.537209,17.249943,-7.98965944302098,3.08366249423556,1,1,-999,"False",-109601.269263161,48799.4401473684,1,-105445.52,50369.85,NA,"P",-0.466573097345133,0.222875442477876
9,"6237390066915698304",-85.28249,-188.41864,206.820422105869,2.74120216898799,1.14576378313763,1.59543838585036,239.56496,-22.743345,16.5872993469238,16.0510005950928,15.7147998809814,15.5371999740601,15.1981000900269,16.018713,16.485334,15.331677,-9.8526012645433,2.72438970606426,1,1,-999,"False",-87882.6692631598,-178947.991852632,1,-85282.49,-188418.64,NA,"P",-0.377356150442478,-0.833710796460177
10,"6243420411458841216",-99.74785,-82.74661,129.601832726681,-1.38764813916615,0.692505969077868,4.20303119893556,239.49413,-22.303673,16.6201000213623,15.766900062561,15.3772001266479,15.1794004440308,15.0445003509521,15.776779,16.434101,14.992621,-2.46640021627153,0.840774721696093,1,1,-999,"False",-103890.249263166,-79582.1198526314,1,-99747.85,-82746.61,NA,"P",-0.441362168141593,-0.366135442477876
11,"6246555836365935872",-131.31512,156.74832,204.483976299946,0.613587241373925,-0.873460091645752,1.48704733301968,239.36043,-21.290438,18.0442008972168,17.4743003845215,17.2187004089355,17.0949993133545,16.9981002807617,17.490444,17.93965,16.826471,-5.09207149142307,-1.63575680093622,1,1,-999,"False",-134106.449263167,149408.990147368,1,-131315.12,156748.32,NA,"P",-0.581040353982301,0.693576637168142
12,"6237396427767035904",-88.33197,-156.82514,179.99072603915,2.6537451830138,1.05783630007831,1.59590888293549,239.5492,-22.614124,18.4412994384766,17.8794994354248,17.6566009521484,17.5615005493164,17.4743995666504,17.911165,18.28794,17.277245,-2.11268852131576,-0.278941834383755,1,1,-999,"False",-91444.4292631599,-149744.045852632,1,-88331.97,-156825.14,NA,"P",-0.390849424778761,-0.693916548672566
13,"6243468545150667264",-119.35207,-67.43466,137.085192426463,-1.41970721898845,0.514291243952995,4.34918684423814,239.40462,-22.23781,18.4491996765137,17.8833999633789,17.6336994171143,17.505199432373,17.4125995635986,17.912659,18.328053,17.24763,-6.89066870151707,-4.55468810534299,1,1,-999,"False",-124119.509263158,-64697.0818526314,1,-119352.07,-67434.66,NA,"P",-0.528106504424779,-0.298383451327434
14,"6243197244960793088",96.00056,-168.53123,193.955879017952,0.539411191577493,2.08858606167276,4.73401043708432,240.39227,-22.661314,18.5990009307861,17.8824005126953,17.5716991424561,17.3992004394531,17.2961006164551,17.926067,18.350376,17.146704,-6.94076187052932,-10.5114923365196,1,1,-999,"False",99089.3907368428,-160408.985852632,1,96000.56,-168531.23,NA,"P",0.424781238938053,-0.745713407079646
15,"6243408832227152896",1.34602,-93.46814,93.4778314088426,1.56064047654928,1.5851961743128,6.25862960941607,239.96004,-22.351833,18.3358001708984,17.7479991912842,17.4873008728027,17.3745002746582,17.2903995513916,17.777931,18.168406,17.123915,-4.84963613925835,-0.340895015232591,1,1,-999,"False",1405.41073683539,-90466.2798526312,1,1346.02,-93468.14,NA,"P",0.0059558407079646,-0.413575840707965
16,"6243443123246092928",88.57492,-21.75349,91.2070763712252,3.38574358924416,2.90076486900753,0.484978720236624,240.36281,-22.044157,18.1285991668701,17.6159992218018,17.3607997894287,17.2637996673584,17.1667995452881,17.621696,18.060293,16.99681,-5.90341146407676,-2.59492316628803,1,1,-999,"False",92431.4307368363,-20931.5038526319,1,88574.92,-21753.49,NA,"P",0.391924424778761,-0.0962543805309735
17,"6243250605634806016",114.41113,-52.85467,126.029848879882,0.98687954921359,2.70882802586566,4.56123683052752,240.48076,-22.176151,17.2696990966797,16.6895008087158,16.4023990631104,16.2479991912842,16.1455001831055,16.69289,17.167334,16.021671,-2.55946622869327,-2.32230552068963,1,1,-999,"False",119088.130736838,-50762.1478526316,1,114411.13,-52854.67,NA,"P",0.506243938053097,-0.233870221238938
18,"6243646154941880832",122.85141,170.29526,209.983200560082,2.47569226965723,4.0874429348508,4.67143464198602,240.50792,-21.23473,17.048999786377,16.2120990753174,15.8453998565674,15.668399810791,15.5237998962402,16.239006,16.886824,15.468162,-6.91467315471514,0.389846773919319,1,1,-999,"False",125226.29073684,161998.998147369,1,122851.41,170295.26,NA,"P",0.543590309734513,0.753518849557522
19,"6246557043253899008",-88.40368,169.15936,190.866706665023,0.641305145915242,-1.08922797762061,1.73053312353585,239.55345,-21.236902,18.1317005157471,17.5086994171143,17.236400604248,17.0963001251221,17.0025005340576,17.534847,18.041685,16.850555,-3.11828742171084,3.27128547792666,1,1,-999,"False",-90483.9292631633,161508.126147368,1,-88403.68,169159.36,NA,"P",-0.391166725663717,0.748492743362832
20,"6243464013967287680",4.99857,25.21184,25.7025792135828,3.57297154942173,4.51666436149611,5.3394924951052,239.97702,-21.842949,16.0457992553711,16.1079998016357,16.2469005584717,16.31369972229,16.3239994049072,16.02565,16.072765,15.878654,-3.9468241895319,-3.06824273148797,1,NA,NA,"",5242.89073683946,24541.5041473684,0,4998.57,25211.84,NA,"P",0.0221175663716814,0.111556814159292
21,"6243661784319579776",60.24952,192.02331,201.253462687196,2.41109869476556,4.40835526665917,4.28592873528597,240.226,-21.142315,17.2033996582031,17.1944999694824,17.2486991882324,17.2936000823975,17.2541007995605,17.138601,17.249016,16.875412,-7.42374114166093,-8.27541541485597,1,NA,NA,"",61512.3707368369,182884.788147369,0,60249.52,192023.31,NA,"P",0.266590796460177,0.849660663716814
NA,"Sky-A1-1",-226.46104,82.44066,NA,NA,NA,NA,238.9391931,-21.604963317,NA,NA,NA,NA,NA,NA,NA,NA,NA,NA,NA,NA,NA,"",NA,NA,NA,-226461.04,82440.66,1,"S",-1.00204,0.364781681415929
NA,"Sky-A1-2",-222.23219,93.24117,NA,NA,NA,NA,238.9584331,-21.56008411,NA,NA,NA,NA,NA,NA,NA,NA,NA,NA,NA,NA,NA,"",NA,NA,NA,-222232.19,93241.17,1,"S",-0.983328274336283,0.412571548672566
NA,"Sky-A1-3",-217.48859,103.8257,NA,NA,NA,NA,238.9799613,-21.516114652,NA,NA,NA,NA,NA,NA,NA,NA,NA,NA,NA,NA,NA,"",NA,NA,NA,-217488.59,103825.7,1,"S",-0.96233889380531,0.459405752212389
NA,"Sky-A1-4",-212.24121,114.16975,NA,NA,NA,NA,239.0037264,-21.473156028,NA,NA,NA,NA,NA,NA,NA,NA,NA,NA,NA,NA,NA,"",NA,NA,NA,-212241.21,114169.75,1,"S",-0.939120398230089,0.505175884955752
NA,"Sky-A1-5",-206.50222,124.24934,NA,NA,NA,NA,239.029672,-21.431307072,NA,NA,NA,NA,NA,NA,NA,NA,NA,NA,NA,NA,NA,"",NA,NA,NA,-206502.22,124249.34,1,"S",-0.913726637168142,0.549775840707965
NA,"Sky-A1-6",-200.2849,134.04112,NA,NA,NA,NA,239.0577368,-21.390663919,NA,NA,NA,NA,NA,NA,NA,NA,NA,NA,NA,NA,NA,"",NA,NA,NA,-200284.9,134041.12,1,"S",-0.886216371681416,0.593102300884956
NA,"Sky-A1-7",-193.60365,143.52243,NA,NA,NA,NA,239.0878548,-21.351319772,NA,NA,NA,NA,NA,NA,NA,NA,NA,NA,NA,NA,NA,"",NA,NA,NA,-193603.65,143522.43,1,"S",-0.856653318584071,0.635055
NA,"Sky-A2-1",-3.01251,240.9813,NA,NA,NA,NA,239.9404174,-20.947633563,NA,NA,NA,NA,NA,NA,NA,NA,NA,NA,NA,NA,NA,"",NA,NA,NA,-3012.51,240981.3,1,"S",-0.0133296902654867,1.0662889380531
NA,"Sky-A2-2",8.5856,240.84715,NA,NA,NA,NA,239.9921507,-20.948206547,NA,NA,NA,NA,NA,NA,NA,NA,NA,NA,NA,NA,NA,"",NA,NA,NA,8585.6,240847.15,1,"S",0.0379893805309735,1.0656953539823
NA,"Sky-A2-3",20.16382,240.15512,NA,NA,NA,NA,240.0437954,-20.95108873,NA,NA,NA,NA,NA,NA,NA,NA,NA,NA,NA,NA,NA,"",NA,NA,NA,20163.82,240155.12,1,"S",0.0892204424778761,1.06263327433628
NA,"Sky-A2-4",31.69534,238.90682,NA,NA,NA,NA,240.0952341,-20.956273416,NA,NA,NA,NA,NA,NA,NA,NA,NA,NA,NA,NA,NA,"",NA,NA,NA,31695.34,238906.82,1,"S",0.140244867256637,1.05710982300885
NA,"Sky-A2-5",43.15344,237.10513,NA,NA,NA,NA,240.1463498,-20.963748741,NA,NA,NA,NA,NA,NA,NA,NA,NA,NA,NA,NA,NA,"",NA,NA,NA,43153.44,237105.13,1,"S",0.190944424778761,1.04913774336283
NA,"Sky-A2-6",54.51158,234.75423,NA,NA,NA,NA,240.1970262,-20.973497552,NA,NA,NA,NA,NA,NA,NA,NA,NA,NA,NA,NA,NA,"",NA,NA,NA,54511.58,234754.23,1,"S",0.241201681415929,1.03873553097345
NA,"Sky-A2-7",65.74346,231.85957,NA,NA,NA,NA,240.2471483,-20.985497526,NA,NA,NA,NA,NA,NA,NA,NA,NA,NA,NA,NA,NA,"",NA,NA,NA,65743.46,231859.57,1,"S",0.290900265486726,1.02592730088496
NA,"Sky-A3-1",231.67752,66.38214,NA,NA,NA,NA,240.9916763,-21.671993871,NA,NA,NA,NA,NA,NA,NA,NA,NA,NA,NA,NA,NA,"",NA,NA,NA,231677.52,66382.14,1,"S",1.0251217699115,0.293726283185841
NA,"Sky-A3-2",234.60313,55.15828,NA,NA,NA,NA,241.0050917,-21.718640346,NA,NA,NA,NA,NA,NA,NA,NA,NA,NA,NA,NA,NA,"",NA,NA,NA,234603.13,55158.28,1,"S",1.03806694690265,0.244063185840708
NA,"Sky-A3-3",236.98531,43.80666,NA,NA,NA,NA,241.016084,-21.765830119,NA,NA,NA,NA,NA,NA,NA,NA,NA,NA,NA,NA,NA,"",NA,NA,NA,236985.31,43806.66,1,"S",1.04860756637168,0.193834778761062
NA,"Sky-A3-4",238.81857,32.35357,NA,NA,NA,NA,241.0246259,-21.813454435,NA,NA,NA,NA,NA,NA,NA,NA,NA,NA,NA,NA,NA,"",NA,NA,NA,238818.57,32353.57,1,"S",1.05671933628319,0.143157389380531
NA,"Sky-A3-5",240.09865,20.82553,NA,NA,NA,NA,241.0306955,-21.86140347,NA,NA,NA,NA,NA,NA,NA,NA,NA,NA,NA,NA,NA,"",NA,NA,NA,240098.65,20825.53,1,"S",1.06238340707965,0.0921483628318584
NA,"Sky-A3-6",240.82258,9.24926,NA,NA,NA,NA,241.0342764,-21.90956645,NA,NA,NA,NA,NA,NA,NA,NA,NA,NA,NA,NA,NA,"",NA,NA,NA,240822.58,9249.26,1,"S",1.06558663716814,0.0409259292035398
NA,"Sky-A3-7",240.98869,2.34844,NA,NA,NA,NA,241.0352216,-21.93828368,NA,NA,NA,NA,NA,NA,NA,NA,NA,NA,NA,NA,NA,"",NA,NA,NA,240988.69,2348.44,1,"S",1.06632163716814,0.0103913274336283
NA,"Sky-A4-1",210.21182,-117.86456,NA,NA,NA,NA,240.9002325,-22.439345838,NA,NA,NA,NA,NA,NA,NA,NA,NA,NA,NA,NA,NA,"",NA,NA,NA,210211.82,-117864.56,1,"S",0.930140796460177,-0.521524601769911
NA,"Sky-A4-2",204.2974,-127.84223,NA,NA,NA,NA,240.873863,-22.481005655,NA,NA,NA,NA,NA,NA,NA,NA,NA,NA,NA,NA,NA,"",NA,NA,NA,204297.4,-127842.23,1,"S",0.903970796460177,-0.565673584070796
NA,"Sky-A4-3",197.90977,-137.52377,NA,NA,NA,NA,240.8453405,-22.521440134,NA,NA,NA,NA,NA,NA,NA,NA,NA,NA,NA,NA,NA,"",NA,NA,NA,197909.77,-137523.77,1,"S",0.875706946902655,-0.608512256637168
NA,"Sky-A4-4",191.06371,-146.88677,NA,NA,NA,NA,240.8147298,-22.560554796,NA,NA,NA,NA,NA,NA,NA,NA,NA,NA,NA,NA,NA,"",NA,NA,NA,191063.71,-146886.77,1,"S",0.845414646017699,-0.649941460176991
NA,"Sky-A4-5",183.77509,-155.90952,NA,NA,NA,NA,240.7821011,-22.598258015,NA,NA,NA,NA,NA,NA,NA,NA,NA,NA,NA,NA,NA,"",NA,NA,NA,183775.09,-155909.52,1,"S",0.813164115044248,-0.689865132743363
NA,"Sky-A4-6",176.06079,-164.57115,NA,NA,NA,NA,240.747529,-22.634461604,NA,NA,NA,NA,NA,NA,NA,NA,NA,NA,NA,NA,NA,"",NA,NA,NA,176060.79,-164571.15,1,"S",0.779030044247788,-0.72819092920354
NA,"Sky-A4-7",167.93867,-172.85157,NA,NA,NA,NA,240.7110933,-22.669080589,NA,NA,NA,NA,NA,NA,NA,NA,NA,NA,NA,NA,NA,"",NA,NA,NA,167938.67,-172851.57,1,"S",0.743091460176991,-0.764829955752212
NA,"Sky-A5-1",-148.4702,-189.83588,NA,NA,NA,NA,239.283693,-22.740346464,NA,NA,NA,NA,NA,NA,NA,NA,NA,NA,NA,NA,NA,"",NA,NA,NA,-148470.2,-189835.88,1,"S",-0.656947787610619,-0.839981769911504
NA,"Sky-A5-2",-157.43205,-182.47249,NA,NA,NA,NA,239.2433839,-22.709546015,NA,NA,NA,NA,NA,NA,NA,NA,NA,NA,NA,NA,NA,"",NA,NA,NA,-157432.05,-182472.49,1,"S",-0.696601991150442,-0.807400398230088
NA,"Sky-A5-3",-166.02924,-174.68645,NA,NA,NA,NA,239.2047446,-22.67698268,NA,NA,NA,NA,NA,NA,NA,NA,NA,NA,NA,NA,NA,"",NA,NA,NA,-166029.24,-174686.45,1,"S",-0.734642654867257,-0.77294889380531
NA,"Sky-A5-4",-174.24185,-166.49577,NA,NA,NA,NA,239.1678651,-22.64273281,NA,NA,NA,NA,NA,NA,NA,NA,NA,NA,NA,NA,NA,"",NA,NA,NA,-174241.85,-166495.77,1,"S",-0.770981637168142,-0.736706946902655
NA,"Sky-A5-5",-182.05086,-157.91943,NA,NA,NA,NA,239.1328308,-22.606876803,NA,NA,NA,NA,NA,NA,NA,NA,NA,NA,NA,NA,NA,"",NA,NA,NA,-182050.86,-157919.43,1,"S",-0.805534778761062,-0.698758539823009
NA,"Sky-A5-6",-189.43818,-148.97731,NA,NA,NA,NA,239.0997225,-22.569498807,NA,NA,NA,NA,NA,NA,NA,NA,NA,NA,NA,NA,NA,"",NA,NA,NA,-189438.18,-148977.31,1,"S",-0.83822203539823,-0.659191637168142
NA,"Sky-A5-7",-196.38671,-139.6901,NA,NA,NA,NA,239.0686166,-22.530686333,NA,NA,NA,NA,NA,NA,NA,NA,NA,NA,NA,NA,NA,"",NA,NA,NA,-196386.71,-139690.1,1,"S",-0.868967743362832,-0.61809778761062
NA,"Sky-H1-1",-181.17025,158.92893,NA,NA,NA,NA,239.1438125,-21.287410201,NA,NA,NA,NA,NA,NA,NA,NA,NA,NA,NA,NA,NA,"",NA,NA,NA,-181170.25,158928.93,1,"S",-0.801638274336283,0.703225353982301
NA,"Sky-H1-2",-173.31368,167.46173,NA,NA,NA,NA,239.1791225,-21.25202627,NA,NA,NA,NA,NA,NA,NA,NA,NA,NA,NA,NA,NA,"",NA,NA,NA,-173313.68,167461.73,1,"S",-0.766874690265487,0.74098110619469
NA,"Sky-H1-3",-165.05567,175.60663,NA,NA,NA,NA,239.2162027,-21.218259098,NA,NA,NA,NA,NA,NA,NA,NA,NA,NA,NA,NA,NA,"",NA,NA,NA,-165055.67,175606.63,1,"S",-0.73033482300885,0.777020486725664
NA,"Sky-H1-4",-156.41534,183.34477,NA,NA,NA,NA,239.2549671,-21.186185906,NA,NA,NA,NA,NA,NA,NA,NA,NA,NA,NA,NA,NA,"",NA,NA,NA,-156415.34,183344.77,1,"S",-0.692103274336283,0.811260044247788
NA,"Sky-H1-5",-147.4127,190.65822,NA,NA,NA,NA,239.2953263,-21.155880043,NA,NA,NA,NA,NA,NA,NA,NA,NA,NA,NA,NA,NA,"",NA,NA,NA,-147412.7,190658.22,1,"S",-0.652268584070796,0.843620442477876
NA,"Sky-H1-6",-138.06861,197.53006,NA,NA,NA,NA,239.3371871,-21.12741067,NA,NA,NA,NA,NA,NA,NA,NA,NA,NA,NA,NA,NA,"",NA,NA,NA,-138068.61,197530.06,1,"S",-0.610923053097345,0.874026814159292
NA,"Sky-H1-7",-128.4047,203.94434,NA,NA,NA,NA,239.3804532,-21.100842919,NA,NA,NA,NA,NA,NA,NA,NA,NA,NA,NA,NA,NA,"",NA,NA,NA,-128404.7,203944.34,1,"S",-0.568162389380531,0.902408584070796
NA,"Sky-H1-8",-118.44464,209.88551,NA,NA,NA,NA,239.4250196,-21.076240288,NA,NA,NA,NA,NA,NA,NA,NA,NA,NA,NA,NA,NA,"",NA,NA,NA,-118444.64,209885.51,1,"S",-0.524091327433628,0.928696946902655
NA,"Sky-H2-1",-100.81652,218.89973,NA,NA,NA,NA,239.5038424,-21.038923279,NA,NA,NA,NA,NA,NA,NA,NA,NA,NA,NA,NA,NA,"",NA,NA,NA,-100816.52,218899.73,1,"S",-0.446090796460177,0.968582876106195
NA,"Sky-H2-2",-90.16757,223.49692,NA,NA,NA,NA,239.5514297,-21.019897901,NA,NA,NA,NA,NA,NA,NA,NA,NA,NA,NA,NA,NA,"",NA,NA,NA,-90167.57,223496.92,1,"S",-0.398971548672566,0.988924424778761
NA,"Sky-H2-3",-79.30977,227.57641,NA,NA,NA,NA,239.5999315,-21.003019195,NA,NA,NA,NA,NA,NA,NA,NA,NA,NA,NA,NA,NA,"",NA,NA,NA,-79309.77,227576.41,1,"S",-0.350928185840708,1.00697526548673
NA,"Sky-H2-4",-68.26826,231.12877,NA,NA,NA,NA,239.6492373,-20.988325488,NA,NA,NA,NA,NA,NA,NA,NA,NA,NA,NA,NA,NA,"",NA,NA,NA,-68268.26,231128.77,1,"S",-0.302071946902655,1.02269367256637
NA,"Sky-H2-5",-57.06862,234.14576,NA,NA,NA,NA,239.6992346,-20.975850232,NA,NA,NA,NA,NA,NA,NA,NA,NA,NA,NA,NA,NA,"",NA,NA,NA,-57068.62,234145.76,1,"S",-0.252516017699115,1.03604318584071
NA,"Sky-H2-6",-45.73679,236.62039,NA,NA,NA,NA,239.7498094,-20.965621776,NA,NA,NA,NA,NA,NA,NA,NA,NA,NA,NA,NA,NA,"",NA,NA,NA,-45736.79,236620.39,1,"S",-0.20237517699115,1.04699287610619
NA,"Sky-H2-7",-34.29902,238.54693,NA,NA,NA,NA,239.8008467,-20.957663321,NA,NA,NA,NA,NA,NA,NA,NA,NA,NA,NA,NA,NA,"",NA,NA,NA,-34299.02,238546.93,1,"S",-0.151765575221239,1.05551738938053
NA,"Sky-H2-8",-22.78326,239.92079,NA,NA,NA,NA,239.8522237,-20.951993429,NA,NA,NA,NA,NA,NA,NA,NA,NA,NA,NA,NA,NA,"",NA,NA,NA,-22783.26,239920.79,1,"S",-0.100810884955752,1.0615964159292
NA,"Sky-H3-1",184.61356,154.91577,NA,NA,NA,NA,240.7789704,-21.304451025,NA,NA,NA,NA,NA,NA,NA,NA,NA,NA,NA,NA,NA,"",NA,NA,NA,184613.56,154915.77,1,"S",0.816874159292035,0.685468008849557
NA,"Sky-H3-2",191.8534,145.85382,NA,NA,NA,NA,240.8115238,-21.34204006,NA,NA,NA,NA,NA,NA,NA,NA,NA,NA,NA,NA,NA,"",NA,NA,NA,191853.4,145853.82,1,"S",0.848908849557522,0.645370884955752
NA,"Sky-H3-3",198.64884,136.45402,NA,NA,NA,NA,240.8421136,-21.381037611,NA,NA,NA,NA,NA,NA,NA,NA,NA,NA,NA,NA,NA,"",NA,NA,NA,198648.84,136454.02,1,"S",0.878977168141593,0.603778849557522
NA,"Sky-H3-4",204.98415,126.73816,NA,NA,NA,NA,240.8706685,-21.421354242,NA,NA,NA,NA,NA,NA,NA,NA,NA,NA,NA,NA,NA,"",NA,NA,NA,204984.15,126738.16,1,"S",0.907009513274336,0.560788318584071
NA,"Sky-H3-5",210.84465,116.72873,NA,NA,NA,NA,240.8971216,-21.462897574,NA,NA,NA,NA,NA,NA,NA,NA,NA,NA,NA,NA,NA,"",NA,NA,NA,210844.65,116728.73,1,"S",0.93294092920354,0.516498805309734
NA,"Sky-H3-6",216.21677,106.44891,NA,NA,NA,NA,240.9214106,-21.505572319,NA,NA,NA,NA,NA,NA,NA,NA,NA,NA,NA,NA,NA,"",NA,NA,NA,216216.77,106448.91,1,"S",0.956711371681416,0.471012876106195
NA,"Sky-H3-7",221.08806,95.92253,NA,NA,NA,NA,240.9434782,-21.549280435,NA,NA,NA,NA,NA,NA,NA,NA,NA,NA,NA,NA,NA,"",NA,NA,NA,221088.06,95922.53,1,"S",0.978265752212389,0.424435973451327
NA,"Sky-H3-8",225.44672,85.17533,NA,NA,NA,NA,240.9632696,-21.593915878,NA,NA,NA,NA,NA,NA,NA,NA,NA,NA,NA,NA,NA,"",NA,NA,NA,225446.72,85175.33,1,"S",0.99755185840708,0.376881991150442
NA,"Sky-H4-1",239.9828,-22.12059,NA,NA,NA,NA,241.0314184,-22.040148863,NA,NA,NA,NA,NA,NA,NA,NA,NA,NA,NA,NA,NA,"",NA,NA,NA,239982.8,-22120.59,1,"S",1.06187079646018,-0.0978787168141593
NA,"Sky-H4-2",238.64054,-33.64155,NA,NA,NA,NA,241.0257263,-22.088132372,NA,NA,NA,NA,NA,NA,NA,NA,NA,NA,NA,NA,NA,"",NA,NA,NA,238640.54,-33641.55,1,"S",1.05593159292035,-0.148856415929204
NA,"Sky-H4-3",236.74552,-45.08459,NA,NA,NA,NA,241.0175462,-22.13580516,NA,NA,NA,NA,NA,NA,NA,NA,NA,NA,NA,NA,NA,"",NA,NA,NA,236745.52,-45084.59,1,"S",1.04754654867257,-0.199489336283186
NA,"Sky-H4-4",234.30213,-56.42319,NA,NA,NA,NA,241.0068945,-22.183056563,NA,NA,NA,NA,NA,NA,NA,NA,NA,NA,NA,NA,NA,"",NA,NA,NA,234302.13,-56423.19,1,"S",1.03673508849558,-0.249660132743363
NA,"Sky-H4-5",231.31601,-67.6311,NA,NA,NA,NA,240.9937936,-22.229776912,NA,NA,NA,NA,NA,NA,NA,NA,NA,NA,NA,NA,NA,"",NA,NA,NA,231316.01,-67631.1,1,"S",1.02352216814159,-0.299252654867257
NA,"Sky-H4-6",227.79409,-78.68236,NA,NA,NA,NA,240.9782719,-22.275857622,NA,NA,NA,NA,NA,NA,NA,NA,NA,NA,NA,NA,NA,"",NA,NA,NA,227794.09,-78682.36,1,"S",1.00793845132743,-0.34815203539823
NA,"Sky-H4-7",223.74453,-89.55136,NA,NA,NA,NA,240.960363,-22.321191444,NA,NA,NA,NA,NA,NA,NA,NA,NA,NA,NA,NA,NA,"",NA,NA,NA,223744.53,-89551.36,1,"S",0.990020044247788,-0.396244955752212
NA,"Sky-H4-8",219.17732,-100.21161,NA,NA,NA,NA,240.9401094,-22.365667336,NA,NA,NA,NA,NA,NA,NA,NA,NA,NA,NA,NA,NA,"",NA,NA,NA,219177.32,-100211.61,1,"S",0.969811150442478,-0.443414203539823
NA,"Sky-H5-1",41.83481,-237.34134,NA,NA,NA,NA,240.142806,-22.939046415,NA,NA,NA,NA,NA,NA,NA,NA,NA,NA,NA,NA,NA,"",NA,NA,NA,41834.81,-237341.34,1,"S",0.185109778761062,-1.05018292035398
NA,"Sky-H5-2",30.36687,-239.07931,NA,NA,NA,NA,240.0909993,-22.946337818,NA,NA,NA,NA,NA,NA,NA,NA,NA,NA,NA,NA,NA,"",NA,NA,NA,30366.87,-239079.31,1,"S",0.134366681415929,-1.05787305309735
NA,"Sky-H5-3",18.8286,-240.26349,NA,NA,NA,NA,240.038867,-22.951310096,NA,NA,NA,NA,NA,NA,NA,NA,NA,NA,NA,NA,NA,"",NA,NA,NA,18828.6,-240263.49,1,"S",0.083312389380531,-1.06311278761062
NA,"Sky-H5-4",7.2467,-240.89115,NA,NA,NA,NA,239.986532,-22.953951462,NA,NA,NA,NA,NA,NA,NA,NA,NA,NA,NA,NA,NA,"",NA,NA,NA,7246.7,-240891.15,1,"S",0.0320650442477876,-1.06589004424779
NA,"Sky-H5-5",-4.35197,-240.96083,NA,NA,NA,NA,239.9341183,-22.954255552,NA,NA,NA,NA,NA,NA,NA,NA,NA,NA,NA,NA,NA,"",NA,NA,NA,-4351.97,-240960.83,1,"S",-0.0192565044247788,-1.06619836283186
NA,"Sky-H5-6",-15.94057,-240.47237,NA,NA,NA,NA,239.8817494,-22.952221548,NA,NA,NA,NA,NA,NA,NA,NA,NA,NA,NA,NA,NA,"",NA,NA,NA,-15940.57,-240472.37,1,"S",-0.0705334955752212,-1.06403703539823
NA,"Sky-H5-7",-27.49224,-239.4269,NA,NA,NA,NA,239.8295494,-22.94785414,NA,NA,NA,NA,NA,NA,NA,NA,NA,NA,NA,NA,NA,"",NA,NA,NA,-27492.24,-239426.9,1,"S",-0.121647079646018,-1.0594110619469
NA,"Sky-H5-8",-38.97879,-237.82707,NA,NA,NA,NA,239.777648,-22.941164492,NA,NA,NA,NA,NA,NA,NA,NA,NA,NA,NA,NA,NA,"",NA,NA,NA,-38978.79,-237827.07,1,"S",-0.172472522123894,-1.05233216814159
NA,"Sky-H6-1",-58.36925,-233.82492,NA,NA,NA,NA,239.6900501,-22.924420492,NA,NA,NA,NA,NA,NA,NA,NA,NA,NA,NA,NA,NA,"",NA,NA,NA,-58369.25,-233824.92,1,"S",-0.258271017699115,-1.03462353982301
NA,"Sky-H6-2",-69.55194,-230.74573,NA,NA,NA,NA,239.6395453,-22.911534832,NA,NA,NA,NA,NA,NA,NA,NA,NA,NA,NA,NA,NA,"",NA,NA,NA,-69551.94,-230745.73,1,"S",-0.307751946902655,-1.02099880530973
NA,"Sky-H6-3",-80.57354,-227.13205,NA,NA,NA,NA,239.5897812,-22.896411264,NA,NA,NA,NA,NA,NA,NA,NA,NA,NA,NA,NA,NA,"",NA,NA,NA,-80573.54,-227132.05,1,"S",-0.356520088495575,-1.00500907079646
NA,"Sky-H6-4",-91.4085,-222.99226,NA,NA,NA,NA,239.5408752,-22.879085405,NA,NA,NA,NA,NA,NA,NA,NA,NA,NA,NA,NA,NA,"",NA,NA,NA,-91408.5,-222992.26,1,"S",-0.404462389380531,-0.986691415929204
NA,"Sky-H6-5",-102.03172,-218.33596,NA,NA,NA,NA,239.4929424,-22.859598062,NA,NA,NA,NA,NA,NA,NA,NA,NA,NA,NA,NA,NA,"",NA,NA,NA,-102031.72,-218335.96,1,"S",-0.45146778761062,-0.966088318584071
NA,"Sky-H6-6",-112.41861,-213.17391,NA,NA,NA,NA,239.4460955,-22.837994981,NA,NA,NA,NA,NA,NA,NA,NA,NA,NA,NA,NA,NA,"",NA,NA,NA,-112418.61,-213173.91,1,"S",-0.497427477876106,-0.943247389380531
NA,"Sky-H6-7",-122.54511,-207.51809,NA,NA,NA,NA,239.4004445,-22.814327075,NA,NA,NA,NA,NA,NA,NA,NA,NA,NA,NA,NA,NA,"",NA,NA,NA,-122545.11,-207518.09,1,"S",-0.542235,-0.918221637168142
NA,"Sky-H6-8",-132.38652,-201.3824,NA,NA,NA,NA,239.3561022,-22.788653358,NA,NA,NA,NA,NA,NA,NA,NA,NA,NA,NA,NA,NA,"",NA,NA,NA,-132386.52,-201382.4,1,"S",-0.585781061946903,-0.891072566371681
NA,"Sky-H7-1",-207.18967,-123.09956,NA,NA,NA,NA,239.0203417,-22.461372919,NA,NA,NA,NA,NA,NA,NA,NA,NA,NA,NA,NA,NA,"",NA,NA,NA,-207189.67,-123099.56,1,"S",-0.916768451327434,-0.544688318584071
NA,"Sky-H7-2",-212.87255,-112.98823,NA,NA,NA,NA,238.9950003,-22.419142081,NA,NA,NA,NA,NA,NA,NA,NA,NA,NA,NA,NA,NA,"",NA,NA,NA,-212872.55,-112988.23,1,"S",-0.941913938053097,-0.499947920353982
NA,"Sky-H7-3",-218.06235,-102.61518,NA,NA,NA,NA,238.9719003,-22.37582863,NA,NA,NA,NA,NA,NA,NA,NA,NA,NA,NA,NA,NA,"",NA,NA,NA,-218062.35,-102615.18,1,"S",-0.964877654867257,-0.454049469026549
NA,"Sky-H7-4",-222.74704,-92.00444,NA,NA,NA,NA,238.9510938,-22.331533761,NA,NA,NA,NA,NA,NA,NA,NA,NA,NA,NA,NA,NA,"",NA,NA,NA,-222747.04,-92004.44,1,"S",-0.985606371681416,-0.407099292035398
NA,"Sky-H7-5",-226.91579,-81.18059,NA,NA,NA,NA,238.9326272,-22.286360876,NA,NA,NA,NA,NA,NA,NA,NA,NA,NA,NA,NA,NA,"",NA,NA,NA,-226915.79,-81180.59,1,"S",-1.00405216814159,-0.359206150442478
NA,"Sky-H7-6",-230.55892,-70.1687,NA,NA,NA,NA,238.9165417,-22.240415331,NA,NA,NA,NA,NA,NA,NA,NA,NA,NA,NA,NA,NA,"",NA,NA,NA,-230558.92,-70168.7,1,"S",-1.02017221238938,-0.310480973451327
NA,"Sky-H7-7",-233.66801,-58.99428,NA,NA,NA,NA,238.9028726,-22.193804215,NA,NA,NA,NA,NA,NA,NA,NA,NA,NA,NA,NA,NA,"",NA,NA,NA,-233668.01,-58994.28,1,"S",-1.03392924778761,-0.261036637168142
NA,"Sky-H7-8",-236.23556,-47.68464,NA,NA,NA,NA,238.8916507,-22.146642016,NA,NA,NA,NA,NA,NA,NA,NA,NA,NA,NA,NA,NA,"",NA,NA,NA,-236235.56,-47684.64,1,"S",-1.04529008849558,-0.210993982300885
