#OBSTEMP,8
#CONFIGTEMP,19
#EQUINOX,J2000.0
#CENTRE,16 00 19.20,-22 17 16.9 #Field centre
#UTTIME,12 00 00.00 #Target observing time
#UTDATE,2021 07 10 #Target observing date
#PLATEID,a test_plateID
#LABEL,240_m20_comissioning Tile 022
#TILING_DATE,2021 06 07 # Date the tile was created/configured
#PROXIMITY,220 # tiling proximity value in arcseconds
"probe","ID","x","y","rads","angs","azAngs","angs_azAng","RA","DEC","g_mag","r_mag","i_mag","z_mag","y_mag","GAIA_g_mag","GAIA_bp_mag","GAIA_rp_mag","pmRA","pmDEC","priority","remaining_observations","Tile_number","COMPLETED","MagnetX_noDC","MagnetY_noDC","type","MagnetX","MagnetY","Position","fibre_type","fraction_plate_radius_X","fraction_plate_radius_Y"
1,"6237181335806949632",-20.76581,-164.74268,166.04628715674,-0.639234712390835,1.44540764881426,4.19854294597449,239.98434,-22.986378,17.1821994781494,16.4620990753174,16.1396999359131,15.9624004364014,15.8382997512817,16.48158,17.044542,15.74931,-8.1401627308185,-1.52636889616935,1,1,-999,"False",-21617.1378947373,-157830.137122807,1,-20765.81,-164742.68,NA,"P",-0.0918841150442478,-0.728949911504425
2,"6243178312744810624",160.9257,-65.74998,173.83941092425,4.52013019574335,2.75371722893227,1.76641296681108,240.81766,-22.564705,17.5631008148193,16.800199508667,16.4792995452881,16.3314990997314,16.2187995910645,16.836422,17.400751,16.091276,-0.0606432558286948,-4.96541577692783,1,1,-999,"False",166713.182105266,-62532.0391228074,1,160925.7,-65749.98,NA,"P",0.712060619469027,-0.290929115044248
3,"6243431750172617600",6.05166,-6.53024,8.90318051109827,-0.824522447654548,2.31817563829772,3.14048722122732,240.10835,-22.316324,16.7402000427246,15.8924999237061,15.519700050354,15.3234996795654,15.2180995941162,15.908804,16.563597,15.136514,-0.775282577855018,-3.47777236172722,1,1,-999,"False",6409.12210526233,-6397.93312280693,1,6051.66,-6530.24,NA,"P",0.0267772566371681,-0.0288948672566372
4,"6243224251715217280",94.2066,-50.25791,106.774252519641,4.54045803536002,2.65151641234904,1.88894162301098,240.516,-22.502352,18.171199798584,17.601900100708,17.3302001953125,17.2206993103027,17.1063995361328,17.622355,18.021563,16.932425,-3.59324075828213,-2.4048546838336,1,1,-999,"False",98538.02210526,-48440.261122807,1,94206.6,-50257.91,NA,"P",0.416843362831858,-0.222380132743363
5,"6243568364494505216",62.03865,169.00293,180.029954292077,2.74488046568725,4.36057438801918,4.66749138484766,240.36223,-21.572836,18.6093997955322,17.9330005645752,17.6434993743896,17.5062007904053,17.4015007019043,17.96824,18.478344,17.250204,-0.454653720840546,-2.30597019209246,1,1,-999,"False",63786.002105258,161630.354877193,1,62038.65,169002.93,NA,"P",0.274507300884956,0.747800575221239
6,"6243190922769522560",-23.64023,-132.33766,134.432573168591,2.12223900584201,1.39402519001165,0.728213815830351,239.97069,-22.851707,17.6392993927002,17.0128002166748,16.7418994903564,16.6084995269775,16.5046005249023,17.033476,17.494223,16.362082,-6.32923435735202,-2.67013271705949,1,1,-999,"False",-24702.0378947402,-127394.491122808,1,-23640.23,-132337.66,NA,"P",-0.104602787610619,-0.585564867256637
7,"6243142063220661248",98.34185,-149.42717,178.884316237146,0.661579744174063,2.15286257135045,4.7919024800032,240.53143,-22.919245,15.663800239563,15.1473999023438,14.9415998458862,14.8414001464844,14.7638998031616,15.165904,15.591938,14.567186,-7.25984740355645,-2.65747712715918,1,1,-999,"False",102025.202105256,-142658.079122807,1,98341.85,-149427.17,NA,"P",0.43514092920354,-0.661182168141593
8,"6237397286761029248",-109.16775,-62.20805,125.648076486928,1.44065003643519,0.517947060264303,0.922702976170892,239.57568,-22.552599,16.5326995849609,15.8112001419067,15.527099609375,15.3844003677368,15.2881002426147,15.848747,16.395922,15.14593,-8.74729605700378,-4.27080504600699,1,1,-999,"False",-113974.297894743,-59796.0831228075,1,-109167.75,-62208.05,NA,"P",-0.48304314159292,-0.27525685840708
9,"6243157525102904576",174.00415,-110.02982,205.873761092702,4.61531972985383,2.57773239248854,2.03758733736529,240.87343,-22.748825,18.2115001678467,17.4545993804932,17.1380004882813,16.9556999206543,16.8549995422363,17.484715,18.03425,16.751923,-6.84411858388119,-9.8280297338504,1,1,-999,"False",179317.202105259,-104143.159122807,1,174004.15,-110029.82,NA,"P",0.769929867256637,-0.486857610619469
10,"6243130376608091520",122.86854,-164.23458,205.108935420932,0.465801409298023,2.21309848217149,4.53588823430612,240.64125,-22.977808,18.5247001647949,17.9493007659912,17.7259998321533,17.6168994903564,17.5459995269775,17.98753,18.414703,17.312382,3.45615823462025,-3.42205351450976,1,1,-999,"False",126844.522105265,-155893.317122807,1,122868.54,-164234.58,NA,"P",0.54366610619469,-0.726701681415929
11,"6237203051161674880",-73.10074,-110.95394,132.870218597213,-1.44265071013724,0.988232742069269,3.85230185497308,239.74217,-22.760445,18.3416004180908,17.8148994445801,17.5389995574951,17.402099609375,17.3206996917725,17.820305,18.221088,17.156275,-8.12368309986541,-2.56491255873176,1,1,-999,"False",-76347.5578947344,-106769.279122808,1,-73100.74,-110953.94,NA,"P",-0.323454601769912,-0.490946637168142
12,"6243473943931254528",-146.5474,40.60169,152.067871944129,-0.986280631374297,-0.270275723071892,5.56718039887718,239.40735,-22.113945,17.7926998138428,16.9633007049561,16.6121997833252,16.4288997650146,16.3234004974365,16.99435,17.60031,16.223665,-1.88424171316978,-12.8513881334624,1,1,-999,"False",-152016.877894736,39339.7208771924,1,-146547.4,40601.69,NA,"P",-0.64843982300885,0.179653495575221
13,"6243195492614129536",39.77267,-106.8145,113.978957220966,4.53395208177586,1.92724407970175,2.6067080020741,240.2642,-22.74421,17.815299987793,17.3353004455566,17.1518993377686,17.0606002807617,16.9748001098633,17.354586,17.686247,16.7648,-11.5774971232179,-11.4825656221704,1,1,-999,"False",41631.2221052593,-103100.169122807,1,39772.67,-106814.5,NA,"P",0.175985265486726,-0.472630530973451
14,"6243173330582810496",91.11615,-92.23916,129.654214849839,4.20875694063721,2.35006979187914,1.85868714875807,240.50092,-22.68067,17.0373992919922,16.630199432373,16.4680004119873,16.4074001312256,16.3204002380371,16.644115,16.976067,16.099209,-3.41672134336238,-7.60214481690356,1,1,-999,"False",95129.9421052638,-88740.129122808,1,91116.15,-92239.16,NA,"P",0.403168805309734,-0.408137876106195
15,"6243570735316043776",94.24604,190.02175,212.10983364461,2.49234579988861,4.25196654201754,4.52356456505065,240.50563,-21.48899,14.9219999313354,14.4738998413086,14.2952995300293,14.2398996353149,14.1934995651245,14.487488,14.867903,13.938299,1.78127942096235,2.38867243118246,1,1,-999,"False",96194.4021052548,180579.550877192,1,94246.04,190021.75,NA,"P",0.417017876106195,0.840804203539823
16,"6243350386314132480",122.47445,67.34159,139.767237386058,3.69900173060159,3.64431451025888,0.0546872203427085,240.64238,-22.000378,16.7338008880615,16.1289005279541,15.8634996414185,15.7372999191284,15.6437997817993,16.14525,16.643208,15.48563,-4.06570114098998,0.263908352870291,1,1,-999,"False",127099.902105256,65005.8628771923,1,122474.45,67341.59,NA,"P",0.541922345132743,0.297971637168142
17,"6243419002709554688",-113.71354,-20.65929,115.574977580079,-1.33655249469475,0.179718153565132,4.7669146589197,239.5546,-22.375404,17.8334999084473,17.2780990600586,17.025899887085,16.9143009185791,16.8159008026123,17.294119,17.747349,16.630903,0.212352987606134,-4.56435411347376,1,1,-999,"False",-118738.377894739,-19750.0131228073,1,-113713.54,-20659.29,NA,"P",-0.503157256637168,-0.0914127876106195
18,"6243216108457414400",25.01203,-35.10775,43.1063307970349,-0.434303547371492,2.18982002496489,3.65906173484321,240.1963,-22.43888,15.809100151062,15.1293001174927,14.8643999099731,14.7508001327515,14.6604995727539,15.169094,15.686036,14.495978,-4.30595707789328,-7.39020685863068,1,1,-999,"False",26285.8221052638,-34095.5891228068,1,25012.03,-35107.75,NA,"P",0.110672699115044,-0.155344026548673
19,"6237412267606610816",-173.14053,-47.23453,179.467946867962,-1.43079230246078,0.266329380877028,4.58606362384177,239.2873,-22.485853,17.7870998382568,17.2127990722656,16.9393997192383,16.8412990570068,16.7443008422852,17.230597,17.686745,16.587532,-0.464459177473835,-2.06749847179114,1,1,-999,"False",-179148.177894741,-44711.4871228071,1,-173140.53,-47234.53,NA,"P",-0.766108539823009,-0.209002345132743
20,"6243535688381750528",-55.65674,194.17384,201.992952470558,0.525242558451086,-1.29164697455442,1.8168895330055,239.9531,-21.510323,15.8083000183105,15.7339000701904,15.7434997558594,15.7266998291016,15.6582002639771,15.6804905,15.837725,15.369593,-2.06423545452315,0.967395362170488,1,NA,NA,"",-28677.3778947366,175758.292877193,0,-27943.62,184024.9,NA,"P",-0.123644336283186,0.814269469026549
21,"6243625367299631488",-27.94362,184.0249,186.134386180293,0.400452198806466,-1.42010056123916,1.82055276004562,239.82806,-21.469751,17.50830078125,17.6266994476318,17.7833995819092,17.9060001373291,17.9892997741699,17.520649,17.491669,17.412678,-1.04404339245805,-6.9236254813894,1,NA,NA,"",-56936.417894733,184927.564877192,0,-55656.74,194173.84,NA,"P",-0.246268761061947,0.859176283185841
NA,"Sky-A1-1",-226.46104,82.44066,NA,NA,NA,NA,239.0629812,-21.941384783,NA,NA,NA,NA,NA,NA,NA,NA,NA,NA,NA,NA,NA,"",NA,NA,NA,-226461.04,82440.66,1,"S",-1.00204,0.364781681415929
NA,"Sky-A1-2",-222.23219,93.24117,NA,NA,NA,NA,239.0822717,-21.896507602,NA,NA,NA,NA,NA,NA,NA,NA,NA,NA,NA,NA,NA,"",NA,NA,NA,-222232.19,93241.17,1,"S",-0.983328274336283,0.412571548672566
NA,"Sky-A1-3",-217.48859,103.8257,NA,NA,NA,NA,239.1038555,-21.852540364,NA,NA,NA,NA,NA,NA,NA,NA,NA,NA,NA,NA,NA,"",NA,NA,NA,-217488.59,103825.7,1,"S",-0.96233889380531,0.459405752212389
NA,"Sky-A1-4",-212.24121,114.16975,NA,NA,NA,NA,239.1276811,-21.809584131,NA,NA,NA,NA,NA,NA,NA,NA,NA,NA,NA,NA,NA,"",NA,NA,NA,-212241.21,114169.75,1,"S",-0.939120398230089,0.505175884955752
NA,"Sky-A1-5",-206.50222,124.24934,NA,NA,NA,NA,239.1536919,-21.767737715,NA,NA,NA,NA,NA,NA,NA,NA,NA,NA,NA,NA,NA,"",NA,NA,NA,-206502.22,124249.34,1,"S",-0.913726637168142,0.549775840707965
NA,"Sky-A1-6",-200.2849,134.04112,NA,NA,NA,NA,239.1818264,-21.727097231,NA,NA,NA,NA,NA,NA,NA,NA,NA,NA,NA,NA,NA,"",NA,NA,NA,-200284.9,134041.12,1,"S",-0.886216371681416,0.593102300884956
NA,"Sky-A1-7",-193.60365,143.52243,NA,NA,NA,NA,239.2120185,-21.687755854,NA,NA,NA,NA,NA,NA,NA,NA,NA,NA,NA,NA,NA,"",NA,NA,NA,-193603.65,143522.43,1,"S",-0.856653318584071,0.635055
NA,"Sky-A2-1",-3.01251,240.9813,NA,NA,NA,NA,240.0665586,-21.284108989,NA,NA,NA,NA,NA,NA,NA,NA,NA,NA,NA,NA,NA,"",NA,NA,NA,-3012.51,240981.3,1,"S",-0.0133296902654867,1.0662889380531
NA,"Sky-A2-2",8.5856,240.84715,NA,NA,NA,NA,240.1184094,-21.284681943,NA,NA,NA,NA,NA,NA,NA,NA,NA,NA,NA,NA,NA,"",NA,NA,NA,8585.6,240847.15,1,"S",0.0379893805309735,1.0656953539823
NA,"Sky-A2-3",20.16382,240.15512,NA,NA,NA,NA,240.1701714,-21.287563819,NA,NA,NA,NA,NA,NA,NA,NA,NA,NA,NA,NA,NA,"",NA,NA,NA,20163.82,240155.12,1,"S",0.0892204424778761,1.06263327433628
NA,"Sky-A2-4",31.69534,238.90682,NA,NA,NA,NA,240.2217269,-21.292747928,NA,NA,NA,NA,NA,NA,NA,NA,NA,NA,NA,NA,NA,"",NA,NA,NA,31695.34,238906.82,1,"S",0.140244867256637,1.05710982300885
NA,"Sky-A2-5",43.15344,237.10513,NA,NA,NA,NA,240.2729589,-21.300222408,NA,NA,NA,NA,NA,NA,NA,NA,NA,NA,NA,NA,NA,"",NA,NA,NA,43153.44,237105.13,1,"S",0.190944424778761,1.04913774336283
NA,"Sky-A2-6",54.51158,234.75423,NA,NA,NA,NA,240.3237507,-21.309970114,NA,NA,NA,NA,NA,NA,NA,NA,NA,NA,NA,NA,NA,"",NA,NA,NA,54511.58,234754.23,1,"S",0.241201681415929,1.03873553097345
NA,"Sky-A2-7",65.74346,231.85957,NA,NA,NA,NA,240.3739871,-21.321968735,NA,NA,NA,NA,NA,NA,NA,NA,NA,NA,NA,NA,NA,"",NA,NA,NA,65743.46,231859.57,1,"S",0.290900265486726,1.02592730088496
NA,"Sky-A3-1",231.67752,66.38214,NA,NA,NA,NA,241.1202918,-22.008414305,NA,NA,NA,NA,NA,NA,NA,NA,NA,NA,NA,NA,NA,"",NA,NA,NA,231677.52,66382.14,1,"S",1.0251217699115,0.293726283185841
NA,"Sky-A3-2",234.60313,55.15828,NA,NA,NA,NA,241.1337444,-22.055059324,NA,NA,NA,NA,NA,NA,NA,NA,NA,NA,NA,NA,NA,"",NA,NA,NA,234603.13,55158.28,1,"S",1.03806694690265,0.244063185840708
NA,"Sky-A3-3",236.98531,43.80666,NA,NA,NA,NA,241.1447686,-22.102247885,NA,NA,NA,NA,NA,NA,NA,NA,NA,NA,NA,NA,NA,"",NA,NA,NA,236985.31,43806.66,1,"S",1.04860756637168,0.193834778761062
NA,"Sky-A3-4",238.81857,32.35357,NA,NA,NA,NA,241.1533368,-22.149871244,NA,NA,NA,NA,NA,NA,NA,NA,NA,NA,NA,NA,NA,"",NA,NA,NA,238818.57,32353.57,1,"S",1.05671933628319,0.143157389380531
NA,"Sky-A3-5",240.09865,20.82553,NA,NA,NA,NA,241.1594268,-22.197819586,NA,NA,NA,NA,NA,NA,NA,NA,NA,NA,NA,NA,NA,"",NA,NA,NA,240098.65,20825.53,1,"S",1.06238340707965,0.0921483628318584
NA,"Sky-A3-6",240.82258,9.24926,NA,NA,NA,NA,241.1630224,-22.245982144,NA,NA,NA,NA,NA,NA,NA,NA,NA,NA,NA,NA,NA,"",NA,NA,NA,240822.58,9249.26,1,"S",1.06558663716814,0.0409259292035398
NA,"Sky-A3-7",240.98869,2.34844,NA,NA,NA,NA,241.1639735,-22.274699254,NA,NA,NA,NA,NA,NA,NA,NA,NA,NA,NA,NA,NA,"",NA,NA,NA,240988.69,2348.44,1,"S",1.06632163716814,0.0103913274336283
NA,"Sky-A4-1",210.21182,-117.86456,NA,NA,NA,NA,241.028718,-22.77577509,NA,NA,NA,NA,NA,NA,NA,NA,NA,NA,NA,NA,NA,"",NA,NA,NA,210211.82,-117864.56,1,"S",0.930140796460177,-0.521524601769911
NA,"Sky-A4-2",204.2974,-127.84223,NA,NA,NA,NA,241.0022885,-22.817437393,NA,NA,NA,NA,NA,NA,NA,NA,NA,NA,NA,NA,NA,"",NA,NA,NA,204297.4,-127842.23,1,"S",0.903970796460177,-0.565673584070796
NA,"Sky-A4-3",197.90977,-137.52377,NA,NA,NA,NA,240.9737003,-22.857874482,NA,NA,NA,NA,NA,NA,NA,NA,NA,NA,NA,NA,NA,"",NA,NA,NA,197909.77,-137523.77,1,"S",0.875706946902655,-0.608512256637168
NA,"Sky-A4-4",191.06371,-146.88677,NA,NA,NA,NA,240.9430184,-22.896991856,NA,NA,NA,NA,NA,NA,NA,NA,NA,NA,NA,NA,NA,"",NA,NA,NA,191063.71,-146886.77,1,"S",0.845414646017699,-0.649941460176991
NA,"Sky-A4-5",183.77509,-155.90952,NA,NA,NA,NA,240.910313,-22.934697862,NA,NA,NA,NA,NA,NA,NA,NA,NA,NA,NA,NA,NA,"",NA,NA,NA,183775.09,-155909.52,1,"S",0.813164115044248,-0.689865132743363
NA,"Sky-A4-6",176.06079,-164.57115,NA,NA,NA,NA,240.8756591,-22.970904285,NA,NA,NA,NA,NA,NA,NA,NA,NA,NA,NA,NA,NA,"",NA,NA,NA,176060.79,-164571.15,1,"S",0.779030044247788,-0.72819092920354
NA,"Sky-A4-7",167.93867,-172.85157,NA,NA,NA,NA,240.8391364,-23.005526128,NA,NA,NA,NA,NA,NA,NA,NA,NA,NA,NA,NA,NA,"",NA,NA,NA,167938.67,-172851.57,1,"S",0.743091460176991,-0.764829955752212
NA,"Sky-A5-1",-148.4702,-189.83588,NA,NA,NA,NA,239.4081962,-23.076797319,NA,NA,NA,NA,NA,NA,NA,NA,NA,NA,NA,NA,NA,"",NA,NA,NA,-148470.2,-189835.88,1,"S",-0.656947787610619,-0.839981769911504
NA,"Sky-A5-2",-157.43205,-182.47249,NA,NA,NA,NA,239.3677897,-23.045994,NA,NA,NA,NA,NA,NA,NA,NA,NA,NA,NA,NA,NA,"",NA,NA,NA,-157432.05,-182472.49,1,"S",-0.696601991150442,-0.807400398230088
NA,"Sky-A5-3",-166.02924,-174.68645,NA,NA,NA,NA,239.3290576,-23.013427759,NA,NA,NA,NA,NA,NA,NA,NA,NA,NA,NA,NA,NA,"",NA,NA,NA,-166029.24,-174686.45,1,"S",-0.734642654867257,-0.77294889380531
NA,"Sky-A5-4",-174.24185,-166.49577,NA,NA,NA,NA,239.2920901,-22.979174974,NA,NA,NA,NA,NA,NA,NA,NA,NA,NA,NA,NA,NA,"",NA,NA,NA,-174241.85,-166495.77,1,"S",-0.770981637168142,-0.736706946902655
NA,"Sky-A5-5",-182.05086,-157.91943,NA,NA,NA,NA,239.2569727,-22.943316071,NA,NA,NA,NA,NA,NA,NA,NA,NA,NA,NA,NA,NA,"",NA,NA,NA,-182050.86,-157919.43,1,"S",-0.805534778761062,-0.698758539823009
NA,"Sky-A5-6",-189.43818,-148.97731,NA,NA,NA,NA,239.2237867,-22.905935225,NA,NA,NA,NA,NA,NA,NA,NA,NA,NA,NA,NA,NA,"",NA,NA,NA,-189438.18,-148977.31,1,"S",-0.83822203539823,-0.659191637168142
NA,"Sky-A5-7",-196.38671,-139.6901,NA,NA,NA,NA,239.1926084,-22.867119972,NA,NA,NA,NA,NA,NA,NA,NA,NA,NA,NA,NA,NA,"",NA,NA,NA,-196386.71,-139690.1,1,"S",-0.868967743362832,-0.61809778761062
NA,"Sky-H1-1",-181.17025,158.92893,NA,NA,NA,NA,239.2681122,-21.623851178,NA,NA,NA,NA,NA,NA,NA,NA,NA,NA,NA,NA,NA,"",NA,NA,NA,-181170.25,158928.93,1,"S",-0.801638274336283,0.703225353982301
NA,"Sky-H1-2",-173.31368,167.46173,NA,NA,NA,NA,239.3035071,-21.588470167,NA,NA,NA,NA,NA,NA,NA,NA,NA,NA,NA,NA,NA,"",NA,NA,NA,-173313.68,167461.73,1,"S",-0.766874690265487,0.74098110619469
NA,"Sky-H1-3",-165.05567,175.60663,NA,NA,NA,NA,239.3406757,-21.55470592,NA,NA,NA,NA,NA,NA,NA,NA,NA,NA,NA,NA,NA,"",NA,NA,NA,-165055.67,175606.63,1,"S",-0.73033482300885,0.777020486725664
NA,"Sky-H1-4",-156.41534,183.34477,NA,NA,NA,NA,239.3795321,-21.522635635,NA,NA,NA,NA,NA,NA,NA,NA,NA,NA,NA,NA,NA,"",NA,NA,NA,-156415.34,183344.77,1,"S",-0.692103274336283,0.811260044247788
NA,"Sky-H1-5",-147.4127,190.65822,NA,NA,NA,NA,239.4199865,-21.492332632,NA,NA,NA,NA,NA,NA,NA,NA,NA,NA,NA,NA,NA,"",NA,NA,NA,-147412.7,190658.22,1,"S",-0.652268584070796,0.843620442477876
NA,"Sky-H1-6",-138.06861,197.53006,NA,NA,NA,NA,239.4619454,-21.463866047,NA,NA,NA,NA,NA,NA,NA,NA,NA,NA,NA,NA,NA,"",NA,NA,NA,-138068.61,197530.06,1,"S",-0.610923053097345,0.874026814159292
NA,"Sky-H1-7",-128.4047,203.94434,NA,NA,NA,NA,239.5053126,-21.437300987,NA,NA,NA,NA,NA,NA,NA,NA,NA,NA,NA,NA,NA,"",NA,NA,NA,-128404.7,203944.34,1,"S",-0.568162389380531,0.902408584070796
NA,"Sky-H1-8",-118.44464,209.88551,NA,NA,NA,NA,239.5499826,-21.412700924,NA,NA,NA,NA,NA,NA,NA,NA,NA,NA,NA,NA,NA,"",NA,NA,NA,-118444.64,209885.51,1,"S",-0.524091327433628,0.928696946902655
NA,"Sky-H2-1",-100.81652,218.89973,NA,NA,NA,NA,239.6289875,-21.375387955,NA,NA,NA,NA,NA,NA,NA,NA,NA,NA,NA,NA,NA,"",NA,NA,NA,-100816.52,218899.73,1,"S",-0.446090796460177,0.968582876106195
NA,"Sky-H2-2",-90.16757,223.49692,NA,NA,NA,NA,239.6766843,-21.356364704,NA,NA,NA,NA,NA,NA,NA,NA,NA,NA,NA,NA,NA,"",NA,NA,NA,-90167.57,223496.92,1,"S",-0.398971548672566,0.988924424778761
NA,"Sky-H2-3",-79.30977,227.57641,NA,NA,NA,NA,239.7252974,-21.339487927,NA,NA,NA,NA,NA,NA,NA,NA,NA,NA,NA,NA,NA,"",NA,NA,NA,-79309.77,227576.41,1,"S",-0.350928185840708,1.00697526548673
NA,"Sky-H2-4",-68.26826,231.12877,NA,NA,NA,NA,239.774716,-21.32479593,NA,NA,NA,NA,NA,NA,NA,NA,NA,NA,NA,NA,NA,"",NA,NA,NA,-68268.26,231128.77,1,"S",-0.302071946902655,1.02269367256637
NA,"Sky-H2-5",-57.06862,234.14576,NA,NA,NA,NA,239.8248274,-21.312322153,NA,NA,NA,NA,NA,NA,NA,NA,NA,NA,NA,NA,NA,"",NA,NA,NA,-57068.62,234145.76,1,"S",-0.252516017699115,1.03604318584071
NA,"Sky-H2-6",-45.73679,236.62039,NA,NA,NA,NA,239.8755175,-21.302094929,NA,NA,NA,NA,NA,NA,NA,NA,NA,NA,NA,NA,NA,"",NA,NA,NA,-45736.79,236620.39,1,"S",-0.20237517699115,1.04699287610619
NA,"Sky-H2-7",-34.29902,238.54693,NA,NA,NA,NA,239.9266709,-21.29413745,NA,NA,NA,NA,NA,NA,NA,NA,NA,NA,NA,NA,NA,"",NA,NA,NA,-34299.02,238546.93,1,"S",-0.151765575221239,1.05551738938053
NA,"Sky-H2-8",-22.78326,239.92079,NA,NA,NA,NA,239.9781647,-21.28846827,NA,NA,NA,NA,NA,NA,NA,NA,NA,NA,NA,NA,NA,"",NA,NA,NA,-22783.26,239920.79,1,"S",-0.100810884955752,1.0615964159292
NA,"Sky-H3-1",184.61356,154.91577,NA,NA,NA,NA,240.9070494,-21.640891873,NA,NA,NA,NA,NA,NA,NA,NA,NA,NA,NA,NA,NA,"",NA,NA,NA,184613.56,154915.77,1,"S",0.816874159292035,0.685468008849557
NA,"Sky-H3-2",191.8534,145.85382,NA,NA,NA,NA,240.9396818,-21.678478096,NA,NA,NA,NA,NA,NA,NA,NA,NA,NA,NA,NA,NA,"",NA,NA,NA,191853.4,145853.82,1,"S",0.848908849557522,0.645370884955752
NA,"Sky-H3-3",198.64884,136.45402,NA,NA,NA,NA,240.9703465,-21.717472902,NA,NA,NA,NA,NA,NA,NA,NA,NA,NA,NA,NA,NA,"",NA,NA,NA,198648.84,136454.02,1,"S",0.878977168141593,0.603778849557522
NA,"Sky-H3-4",204.98415,126.73816,NA,NA,NA,NA,240.998972,-21.757786883,NA,NA,NA,NA,NA,NA,NA,NA,NA,NA,NA,NA,NA,"",NA,NA,NA,204984.15,126738.16,1,"S",0.907009513274336,0.560788318584071
NA,"Sky-H3-5",210.84465,116.72873,NA,NA,NA,NA,241.0254912,-21.799327683,NA,NA,NA,NA,NA,NA,NA,NA,NA,NA,NA,NA,NA,"",NA,NA,NA,210844.65,116728.73,1,"S",0.93294092920354,0.516498805309734
NA,"Sky-H3-6",216.21677,106.44891,NA,NA,NA,NA,241.0498417,-21.842000037,NA,NA,NA,NA,NA,NA,NA,NA,NA,NA,NA,NA,NA,"",NA,NA,NA,216216.77,106448.91,1,"S",0.956711371681416,0.471012876106195
NA,"Sky-H3-7",221.08806,95.92253,NA,NA,NA,NA,241.0719659,-21.885705925,NA,NA,NA,NA,NA,NA,NA,NA,NA,NA,NA,NA,NA,"",NA,NA,NA,221088.06,95922.53,1,"S",0.978265752212389,0.424435973451327
NA,"Sky-H3-8",225.44672,85.17533,NA,NA,NA,NA,241.0918089,-21.930339325,NA,NA,NA,NA,NA,NA,NA,NA,NA,NA,NA,NA,NA,"",NA,NA,NA,225446.72,85175.33,1,"S",0.99755185840708,0.376881991150442
NA,"Sky-H4-1",239.9828,-22.12059,NA,NA,NA,NA,241.1601742,-22.376564797,NA,NA,NA,NA,NA,NA,NA,NA,NA,NA,NA,NA,NA,"",NA,NA,NA,239982.8,-22120.59,1,"S",1.06187079646018,-0.0978787168141593
NA,"Sky-H4-2",238.64054,-33.64155,NA,NA,NA,NA,241.1544745,-22.424548903,NA,NA,NA,NA,NA,NA,NA,NA,NA,NA,NA,NA,NA,"",NA,NA,NA,238640.54,-33641.55,1,"S",1.05593159292035,-0.148856415929204
NA,"Sky-H4-3",236.74552,-45.08459,NA,NA,NA,NA,241.1462806,-22.472222556,NA,NA,NA,NA,NA,NA,NA,NA,NA,NA,NA,NA,NA,"",NA,NA,NA,236745.52,-45084.59,1,"S",1.04754654867257,-0.199489336283186
NA,"Sky-H4-4",234.30213,-56.42319,NA,NA,NA,NA,241.1356091,-22.519475082,NA,NA,NA,NA,NA,NA,NA,NA,NA,NA,NA,NA,NA,"",NA,NA,NA,234302.13,-56423.19,1,"S",1.03673508849558,-0.249660132743363
NA,"Sky-H4-5",231.31601,-67.6311,NA,NA,NA,NA,241.1224824,-22.566196804,NA,NA,NA,NA,NA,NA,NA,NA,NA,NA,NA,NA,NA,"",NA,NA,NA,231316.01,-67631.1,1,"S",1.02352216814159,-0.299252654867257
NA,"Sky-H4-6",227.79409,-78.68236,NA,NA,NA,NA,241.1069286,-22.612279123,NA,NA,NA,NA,NA,NA,NA,NA,NA,NA,NA,NA,NA,"",NA,NA,NA,227794.09,-78682.36,1,"S",1.00793845132743,-0.34815203539823
NA,"Sky-H4-7",223.74453,-89.55136,NA,NA,NA,NA,241.0889817,-22.657614774,NA,NA,NA,NA,NA,NA,NA,NA,NA,NA,NA,NA,NA,"",NA,NA,NA,223744.53,-89551.36,1,"S",0.990020044247788,-0.396244955752212
NA,"Sky-H4-8",219.17732,-100.21161,NA,NA,NA,NA,241.068684,-22.7020927,NA,NA,NA,NA,NA,NA,NA,NA,NA,NA,NA,NA,NA,"",NA,NA,NA,219177.32,-100211.61,1,"S",0.969811150442478,-0.443414203539823
NA,"Sky-H5-1",41.83481,-237.34134,NA,NA,NA,NA,240.2694478,-23.275519014,NA,NA,NA,NA,NA,NA,NA,NA,NA,NA,NA,NA,NA,"",NA,NA,NA,41834.81,-237341.34,1,"S",0.185109778761062,-1.05018292035398
NA,"Sky-H5-2",30.36687,-239.07931,NA,NA,NA,NA,240.2175113,-23.282811243,NA,NA,NA,NA,NA,NA,NA,NA,NA,NA,NA,NA,NA,"",NA,NA,NA,30366.87,-239079.31,1,"S",0.134366681415929,-1.05787305309735
NA,"Sky-H5-3",18.8286,-240.26349,NA,NA,NA,NA,240.1652482,-23.287784076,NA,NA,NA,NA,NA,NA,NA,NA,NA,NA,NA,NA,NA,"",NA,NA,NA,18828.6,-240263.49,1,"S",0.083312389380531,-1.06311278761062
NA,"Sky-H5-4",7.2467,-240.89115,NA,NA,NA,NA,240.1127818,-23.290425719,NA,NA,NA,NA,NA,NA,NA,NA,NA,NA,NA,NA,NA,"",NA,NA,NA,7246.7,-240891.15,1,"S",0.0320650442477876,-1.06589004424779
NA,"Sky-H5-5",-4.35197,-240.96083,NA,NA,NA,NA,240.0602365,-23.290729805,NA,NA,NA,NA,NA,NA,NA,NA,NA,NA,NA,NA,NA,"",NA,NA,NA,-4351.97,-240960.83,1,"S",-0.0192565044247788,-1.06619836283186
NA,"Sky-H5-6",-15.94057,-240.47237,NA,NA,NA,NA,240.0077362,-23.288695517,NA,NA,NA,NA,NA,NA,NA,NA,NA,NA,NA,NA,NA,"",NA,NA,NA,-15940.57,-240472.37,1,"S",-0.0705334955752212,-1.06403703539823
NA,"Sky-H5-7",-27.49224,-239.4269,NA,NA,NA,NA,239.9554052,-23.284327548,NA,NA,NA,NA,NA,NA,NA,NA,NA,NA,NA,NA,NA,"",NA,NA,NA,-27492.24,-239426.9,1,"S",-0.121647079646018,-1.0594110619469
NA,"Sky-H5-8",-38.97879,-237.82707,NA,NA,NA,NA,239.9033737,-23.277637065,NA,NA,NA,NA,NA,NA,NA,NA,NA,NA,NA,NA,NA,"",NA,NA,NA,-38978.79,-237827.07,1,"S",-0.172472522123894,-1.05233216814159
NA,"Sky-H6-1",-58.36925,-233.82492,NA,NA,NA,NA,239.8155566,-23.260891031,NA,NA,NA,NA,NA,NA,NA,NA,NA,NA,NA,NA,NA,"",NA,NA,NA,-58369.25,-233824.92,1,"S",-0.258271017699115,-1.03462353982301
NA,"Sky-H6-2",-69.55194,-230.74573,NA,NA,NA,NA,239.7649257,-23.248003841,NA,NA,NA,NA,NA,NA,NA,NA,NA,NA,NA,NA,NA,"",NA,NA,NA,-69551.94,-230745.73,1,"S",-0.307751946902655,-1.02099880530973
NA,"Sky-H6-3",-80.57354,-227.13205,NA,NA,NA,NA,239.7150377,-23.232878512,NA,NA,NA,NA,NA,NA,NA,NA,NA,NA,NA,NA,NA,"",NA,NA,NA,-80573.54,-227132.05,1,"S",-0.356520088495575,-1.00500907079646
NA,"Sky-H6-4",-91.4085,-222.99226,NA,NA,NA,NA,239.6660101,-23.215550675,NA,NA,NA,NA,NA,NA,NA,NA,NA,NA,NA,NA,NA,"",NA,NA,NA,-91408.5,-222992.26,1,"S",-0.404462389380531,-0.986691415929204
NA,"Sky-H6-5",-102.03172,-218.33596,NA,NA,NA,NA,239.6179585,-23.196061157,NA,NA,NA,NA,NA,NA,NA,NA,NA,NA,NA,NA,NA,"",NA,NA,NA,-102031.72,-218335.96,1,"S",-0.45146778761062,-0.966088318584071
NA,"Sky-H6-6",-112.41861,-213.17391,NA,NA,NA,NA,239.5709959,-23.174455724,NA,NA,NA,NA,NA,NA,NA,NA,NA,NA,NA,NA,NA,"",NA,NA,NA,-112418.61,-213173.91,1,"S",-0.497427477876106,-0.943247389380531
NA,"Sky-H6-7",-122.54511,-207.51809,NA,NA,NA,NA,239.5252327,-23.15078531,NA,NA,NA,NA,NA,NA,NA,NA,NA,NA,NA,NA,NA,"",NA,NA,NA,-122545.11,-207518.09,1,"S",-0.542235,-0.918221637168142
NA,"Sky-H6-8",-132.38652,-201.3824,NA,NA,NA,NA,239.4807817,-23.125108953,NA,NA,NA,NA,NA,NA,NA,NA,NA,NA,NA,NA,NA,"",NA,NA,NA,-132386.52,-201382.4,1,"S",-0.585781061946903,-0.891072566371681
NA,"Sky-H7-1",-205.47015,-122.07792,NA,NA,NA,NA,239.1515033,-22.793871192,NA,NA,NA,NA,NA,NA,NA,NA,NA,NA,NA,NA,NA,"",NA,NA,NA,-205470.15,-122077.92,2,"S",-0.909159955752212,-0.540167787610619
NA,"Sky-H7-2",-209.33928,-111.11285,NA,NA,NA,NA,239.1337899,-22.748356857,NA,NA,NA,NA,NA,NA,NA,NA,NA,NA,NA,NA,NA,"",NA,NA,NA,-209339.28,-111112.85,3,"S",-0.92628,-0.491649778761062
NA,"Sky-H7-3",-218.06235,-102.61518,NA,NA,NA,NA,239.0956729,-22.712253015,NA,NA,NA,NA,NA,NA,NA,NA,NA,NA,NA,NA,NA,"",NA,NA,NA,-218062.35,-102615.18,1,"S",-0.964877654867257,-0.454049469026549
NA,"Sky-H7-4",-222.74704,-92.00444,NA,NA,NA,NA,239.0748211,-22.667956036,NA,NA,NA,NA,NA,NA,NA,NA,NA,NA,NA,NA,NA,"",NA,NA,NA,-222747.04,-92004.44,1,"S",-0.985606371681416,-0.407099292035398
NA,"Sky-H7-5",-226.91579,-81.18059,NA,NA,NA,NA,239.0563152,-22.622781244,NA,NA,NA,NA,NA,NA,NA,NA,NA,NA,NA,NA,NA,"",NA,NA,NA,-226915.79,-81180.59,1,"S",-1.00405216814159,-0.359206150442478
NA,"Sky-H7-6",-230.55892,-70.1687,NA,NA,NA,NA,239.0401964,-22.576834015,NA,NA,NA,NA,NA,NA,NA,NA,NA,NA,NA,NA,NA,"",NA,NA,NA,-230558.92,-70168.7,1,"S",-1.02017221238938,-0.310480973451327
NA,"Sky-H7-7",-233.66801,-58.99428,NA,NA,NA,NA,239.0265001,-22.53022145,NA,NA,NA,NA,NA,NA,NA,NA,NA,NA,NA,NA,NA,"",NA,NA,NA,-233668.01,-58994.28,1,"S",-1.03392924778761,-0.261036637168142
NA,"Sky-H7-8",-236.23556,-47.68464,NA,NA,NA,NA,239.0152572,-22.483058053,NA,NA,NA,NA,NA,NA,NA,NA,NA,NA,NA,NA,NA,"",NA,NA,NA,-236235.56,-47684.64,1,"S",-1.04529008849558,-0.210993982300885
