#OBSTEMP,8
#CONFIGTEMP,19
#EQUINOX,J2000.0
#CENTRE,15 59 49.15,-21 57 09.1 #Field centre
#UTTIME,12 00 00.00 #Target observing time
#UTDATE,2021 07 10 #Target observing date
#PLATEID,a test_plateID
#LABEL,240_m20_comissioning Tile 001
#TILING_DATE,2021 06 07 # Date the tile was created/configured
#PROXIMITY,220 # tiling proximity value in arcseconds
"ID","RA","DEC","g_mag","r_mag","i_mag","z_mag","y_mag","GAIA_g_mag","GAIA_bp_mag","GAIA_rp_mag","pmRA","pmDEC","priority","remaining_observations","Tile_number","COMPLETED","MagnetX_noDC","MagnetY_noDC","type","MagnetX","MagnetY","Position","fibre_type","x","y","grads","gangs","gazAngs","gangs_gazAng"
"6243564481837370624",240.48537,-21.617958,NA,10.6978998184204,NA,NA,NA,NA,NA,NA,-11.7230724170359,-23.547779629735,NA,NA,NA,NA,119909.518969071,75609.9565567017,2,115853.17,78388.58,NA,"G",-147.64723,-104.40086,180.829323107212,2.77416079338492,0.615472946771004,2.15868784661391
"6243612104440601600",240.04935,-21.589516,NA,10.8283996582031,NA,NA,NA,NA,NA,NA,-14.5950334169632,-4.69607135305918,NA,NA,NA,NA,21368.9989690677,82037.8485567013,2,20525.97,84753.2,NA,"G",-168.36589,62.72274,179.669738766994,2.09872680229645,-0.35661071006671,2.45533751236316
"6243569876323017088",240.40779,-21.490728,NA,11.5790996551514,NA,NA,NA,NA,NA,NA,-41.5046450094698,15.2672698429117,NA,NA,NA,NA,102376.438969062,104363.936556701,2,99100.52,108436.68,NA,"G",28.26982,201.52896,203.502099354071,2.65526293004354,4.57302165594116,4.36542658128197
"6243203120476661376",239.97186,-22.79337,NA,11.6497001647949,NA,NA,NA,NA,NA,NA,-6.36343137848489,-10.2514756752206,NA,NA,NA,NA,3856.25896907146,-190033.155443299,2,3742.06,-199664.49,NA,"G",180.7226,-100.03225,206.56018297538,4.43656562748535,2.63605657103778,1.80050905644757
"6237185974371659136",239.94101,-22.877972,NA,11.8268003463745,NA,NA,NA,NA,NA,NA,-64.8859508882771,-43.6202203661294,NA,NA,NA,NA,-3115.84103093196,-209153.207443299,2,-3024.57,-220893.9,NA,"G",-124.46276,-86.1296,151.358140260039,2.58174012512991,0.605344077131648,1.97639604799826
"6243227172292998528",240.48427,-22.491997,NA,11.87380027771,NA,NA,NA,NA,NA,NA,-5.60784288000512,3.5352576950285,NA,NA,NA,NA,119660.918969069,-121922.857443299,2,115542.53,-127608.49,NA,"G",-135.86884,100.93423,169.257379362433,3.17796416009347,-0.638928648202809,3.81689280829628
