#OBSTEMP,8
#CONFIGTEMP,19
#EQUINOX,J2000.0
#CENTRE,15 59 46.95,-22 01 02.5 #Field centre
#UTTIME,12 00 00.00 #Target observing time
#UTDATE,2021 07 10 #Target observing date
#PLATEID,a test_plateID
#LABEL,a test_label
#TILING_DATE,2021 06 07 # Date the tile was created/configured
#PROXIMITY,220 # tiling proximity value in arcseconds
"probe","ID","x","y","rads","angs","azAngs","angs_azAng","RA","DEC","g_mag","r_mag","i_mag","z_mag","y_mag","GAIA_g_mag","GAIA_bp_mag","GAIA_rp_mag","pmRA","pmDEC","priority","remaining_observations","Tile_number","COMPLETED","MagnetX_noDC","MagnetY_noDC","type","MagnetX","MagnetY","Position","fibre_type","fraction_plate_radius_X","fraction_plate_radius_Y"
1,"6243612654196418688",30.38942,109.00114,113.158143185703,3.16577474009124,4.44049421609486,5.00846583117597,240.08531,-21.551422,15.5901002883911,15.0113000869751,14.7532997131348,14.6321001052856,14.5541000366211,15.024826,15.496384,14.383414,-3.14497998752111,-9.47590329159734,1,1,-999,"False",31564.5829629633,105300.818938272,1,30389.42,109001.14,NA,"P",0.134466460176991,0.48230592920354
2,"6243488611238509056",-141.36377,8.9738,141.648312926956,-1.08927883223549,-0.0633951333341427,5.25730160827824,239.2967,-21.977842,18.3337993621826,17.6765995025635,17.3708000183105,17.2045001983643,17.1096992492676,17.695522,18.225088,16.985773,-8.64034680868221,-2.99010178892257,1,1,-999,"False",-146661.277037044,8929.89893827146,1,-141363.77,8973.8,NA,"P",-0.625503407079646,0.0397070796460177
3,"6243513114033689600",16.86942,61.65365,63.9198708498296,3.42116186207598,4.445309994931,5.25903717432456,240.0236,-21.75275,16.3563003540039,15.8039999008179,15.5590000152588,15.4336004257202,15.3568000793457,15.82113,16.274694,15.1789465,-0.841558735795584,-4.8796743502766,1,1,-999,"False",17618.1229629557,59800.6909382723,1,16869.42,61653.65,NA,"P",0.0746434513274336,0.272803761061947
4,"6243411684085521536",-23.90725,-65.89553,70.0983414678507,-0.805586000451662,1.22275949103541,4.25483981569251,239.83482,-22.299902,16.1709003448486,15.5797004699707,15.3225002288818,15.2049999237061,15.1140003204346,15.594542,16.071688,14.950118,-4.32092901771226,-3.06239248836211,1,1,-999,"False",-25046.1570370397,-63855.6610617278,1,-23907.25,-65895.53,NA,"P",-0.105784292035398,-0.29157314159292
5,"6243479682007999360",-55.01748,8.9504,55.7407639498276,-0.636741652155447,-0.161270037313898,5.80771369233804,239.69086,-21.978708,16.6840000152588,15.9844999313354,15.71399974823,15.5839004516602,15.5003004074097,16.028458,16.567715,15.341712,-9.2316667305159,1.22358302833783,1,1,-999,"False",-57581.1170370381,8734.18293827261,1,-55017.48,8950.4,NA,"P",-0.24344017699115,0.0396035398230088
6,"6243434842549106048",66.50558,-35.49718,75.3859533274522,4.24262782643417,2.65131301732462,1.59131480910954,240.25346,-22.169235,17.3083000183105,16.9291000366211,16.7625999450684,16.7145004272461,16.6695995330811,16.933104,17.275452,16.4014,-0.855412785911843,-5.6064891183421,1,1,-999,"False",69566.4829629626,-34324.9190617281,1,66505.58,-35497.18,NA,"P",0.294272477876106,-0.157067168141593
7,"6243459719000258432",41.08482,22.36975,46.7799973225192,3.67171707459194,3.64018586717289,0.0315312074190515,240.13596,-21.921127,17.3218002319336,16.9172992706299,16.7199001312256,16.6301002502441,16.56369972229,16.908838,17.26158,16.353477,-11.7788342677699,-7.38055421253767,1,1,-999,"False",43011.4829629611,21747.4889382724,1,41084.82,22369.75,NA,"P",0.181791238938053,0.0989811946902655
8,"6243525861496573440",-95.27247,82.2606,125.871560935189,-0.29696975592598,-0.712236325457521,0.415266569531541,239.5082,-21.665728,16.4666004180908,15.8996000289917,15.6527004241943,15.5328998565674,15.4496002197266,15.909156,16.37621,15.272838,-8.78307680138563,-2.59928479654385,1,1,-999,"False",-98862.2770370442,79467.6629382717,1,-95272.47,82260.6,NA,"P",-0.421559601769911,0.363984955752212
9,"6237410377821364480",-94.87084,-104.7079,141.294800345645,2.23456933585123,0.834647424537988,1.39992191131324,239.50871,-22.462385,18.50950050354,17.8728008270264,17.5881996154785,17.4503002166748,17.3721008300781,17.908667,18.350372,17.228205,3.14535650172813,-5.90595819598629,1,1,-999,"False",-98747.0170370397,-100576.819061728,1,-94870.84,-104707.9,NA,"P",-0.419782477876106,-0.463309292035398
10,"6243225591745040896",103.75449,-117.7932,156.972074463581,0.806400372590776,2.29291256124428,4.79667311852609,240.42253,-22.516846,18.4985008239746,17.5452003479004,17.1445007324219,16.9465007781982,16.8031997680664,17.574982,18.186005,16.733078,-1.8502715219628,-2.90194749262699,1,1,-999,"False",107776.302962957,-112885.005061727,1,103754.49,-117793.2,NA,"P",0.459090663716814,-0.521208849557522
11,"6243451610101573632",25.52776,-9.83386,27.3563764617538,-0.784399520009567,2.77389030525535,2.72489548191467,240.06424,-22.05966,18.1802997589111,17.6669998168945,17.4178009033203,17.3118991851807,17.2089004516602,17.702003,18.117908,17.056767,-3.57858653423707,-7.37701611920123,1,1,-999,"False",26802.7629629549,-9560.96906172817,1,25527.76,-9833.86,NA,"P",0.112954690265487,-0.0435126548672566
12,"6243538849478474240",113.7868,21.06576,115.720361642269,4.21681078338078,3.32465359630029,0.89215718708049,240.4696,-21.926567,18.1676998138428,17.6082000732422,17.37380027771,17.2590007781982,17.1898002624512,17.63821,18.05768,16.999119,-4.56973504147534,1.41225388270386,1,1,-999,"False",118414.122962962,20518.0489382716,1,113786.8,21065.76,NA,"P",0.503481415929204,0.0932113274336283
13,"6243627772481325696",19.07749,142.12744,143.402091427056,2.97816998311858,4.57895845685045,4.68239683344771,240.03288,-21.412422,18.3013000488281,17.7709007263184,17.5289001464844,17.4351005554199,17.3619003295898,17.792831,18.24223,17.150183,-7.46601249684398,-0.219109425990771,1,1,-999,"False",19715.4029629534,136714.818938272,1,19077.49,142127.44,NA,"P",0.0844136725663717,0.628882477876106
14,"6243219196532696320",44.22952,-96.30556,105.976465907974,1.1501349149727,2.00132609282466,5.43199412932763,240.15024,-22.429056,18.4398994445801,17.9251003265381,17.7005996704102,17.6326999664307,17.5359001159668,17.955511,18.324448,17.302446,-3.97355407920074,0.485047271178761,1,1,-999,"False",46238.7629629578,-93044.4650617278,1,44229.52,-96305.56,NA,"P",0.195705840707965,-0.426130796460177
15,"6243635331624667904",24.4147,166.86959,168.646190715528,2.83692115319265,4.56710971325974,4.5529967471125,240.05678,-21.309805,17.1340999603271,16.6380004882813,16.4130001068115,16.3253002166748,16.255500793457,16.651506,17.073917,16.05381,0.667312763202053,-5.08571766228725,1,1,-999,"False",25116.8029629529,159906.260938273,1,24414.7,166869.59,NA,"P",0.108029646017699,0.738361017699115
16,"6243194083864960640",34.63841,-160.22468,163.926103865219,4.0319190793346,1.78370627056333,2.24821280877127,240.10484,-22.696758,17.6744003295898,17.1643009185791,16.900899887085,16.796199798584,16.6980991363525,17.219046,17.042103,16.372679,-3.83869526017695,-8.40407327009072,1,1,-999,"False",35978.3629629576,-153545.117061728,1,34638.41,-160224.68,NA,"P",0.153267300884956,-0.708958761061947
17,"6243507135438994304",-40.35791,35.8223,53.96293243383,-0.461640128504504,-0.725930459774169,0.264290331269665,239.75887,-21.863377,17.2112998962402,16.5678005218506,16.281099319458,16.1462001800537,16.0508995056152,16.593294,17.110443,15.918583,2.12602544001005,-7.84368921818139,1,1,-999,"False",-42210.8570370347,34798.9889382721,1,-40357.91,35822.3,NA,"P",-0.17857482300885,0.158505752212389
18,"6243146907943924096",87.37366,-200.4394,218.655229834906,0.284602047180598,1.98187194004058,4.58591541431961,240.34306,-22.857082,17.3416996002197,16.8041000366211,16.5625,16.4545001983643,16.3712997436523,16.817026,17.242468,16.191982,-1.10814723321695,-0.917539722705028,1,1,-999,"False",89816.0829629604,-189778.341061728,1,87373.66,-200439.4,NA,"P",0.386609115044248,-0.8869
19,"6246636654768763520",-11.92667,193.94735,194.313715494587,0.414860176491352,-1.50937929674632,1.92423947323767,239.89171,-21.199205,17.2478008270264,16.614200592041,16.3456001281738,16.2294998168945,16.117000579834,16.644266,17.157936,15.967885,-7.68897593274642,-10.4960863621882,1,1,-999,"False",-12189.0170370375,184901.860938272,1,-11926.67,193947.35,NA,"P",-0.0527728761061947,0.858174115044248
20,"6243331728976174336",167.31751,-43.60605,172.906439293632,4.53296569520004,2.88664528104958,1.64632041415047,240.71078,-22.200243,16.6826000213623,16.7026996612549,16.7830009460449,16.8124008178711,16.7875995635986,16.641512,16.737373,16.412956,-5.39965453676706,-4.09031238589466,1,NA,NA,"",172920.802962952,-41332.7270617281,0,167317.51,-43606.05,NA,"P",0.74034296460177,-0.192947123893805
21,"6237401027672360320",-143.53457,-157.79182,213.308300926141,2.6979780085527,0.832677875609931,1.86530013294277,239.29243,-22.678576,17.2837009429932,17.0011005401611,16.8850994110107,16.8495998382568,16.8432006835938,16.989151,17.244759,16.52848,-4.48635431359566,-0.688822069942163,1,NA,NA,"",-147626.297037049,-149435.985061728,0,-143534.57,-157791.82,NA,"P",-0.635108716814159,-0.69819389380531
NA,"Sky-A1-1",-226.46104,82.44066,NA,NA,NA,NA,238.9305531,-21.670768169,NA,NA,NA,NA,NA,NA,NA,NA,NA,NA,NA,NA,NA,"",NA,NA,NA,-226461.04,82440.66,1,"S",-1.00204,0.364781681415929
NA,"Sky-A1-2",-222.23219,93.24117,NA,NA,NA,NA,238.9498028,-21.625889354,NA,NA,NA,NA,NA,NA,NA,NA,NA,NA,NA,NA,NA,"",NA,NA,NA,-222232.19,93241.17,1,"S",-0.983328274336283,0.412571548672566
NA,"Sky-A1-3",-217.48859,103.8257,NA,NA,NA,NA,238.9713418,-21.581920326,NA,NA,NA,NA,NA,NA,NA,NA,NA,NA,NA,NA,NA,"",NA,NA,NA,-217488.59,103825.7,1,"S",-0.96233889380531,0.459405752212389
NA,"Sky-A1-4",-212.24121,114.16975,NA,NA,NA,NA,238.9951187,-21.538962164,NA,NA,NA,NA,NA,NA,NA,NA,NA,NA,NA,NA,NA,"",NA,NA,NA,-212241.21,114169.75,1,"S",-0.939120398230089,0.505175884955752
NA,"Sky-A1-5",-206.50222,124.24934,NA,NA,NA,NA,239.0210769,-21.497113699,NA,NA,NA,NA,NA,NA,NA,NA,NA,NA,NA,NA,NA,"",NA,NA,NA,-206502.22,124249.34,1,"S",-0.913726637168142,0.549775840707965
NA,"Sky-A1-6",-200.2849,134.04112,NA,NA,NA,NA,239.0491552,-21.456471062,NA,NA,NA,NA,NA,NA,NA,NA,NA,NA,NA,NA,NA,"",NA,NA,NA,-200284.9,134041.12,1,"S",-0.886216371681416,0.593102300884956
NA,"Sky-A1-7",-193.60365,143.52243,NA,NA,NA,NA,239.0792876,-21.417127451,NA,NA,NA,NA,NA,NA,NA,NA,NA,NA,NA,NA,NA,"",NA,NA,NA,-193603.65,143522.43,1,"S",-0.856653318584071,0.635055
NA,"Sky-A2-1",-3.01251,240.9813,NA,NA,NA,NA,239.9322339,-21.013448776,NA,NA,NA,NA,NA,NA,NA,NA,NA,NA,NA,NA,NA,"",NA,NA,NA,-3012.51,240981.3,1,"S",-0.0133296902654867,1.0662889380531
NA,"Sky-A2-2",8.5856,240.84715,NA,NA,NA,NA,239.9839901,-21.014021745,NA,NA,NA,NA,NA,NA,NA,NA,NA,NA,NA,NA,NA,"",NA,NA,NA,8585.6,240847.15,1,"S",0.0379893805309735,1.0656953539823
NA,"Sky-A2-3",20.16382,240.15512,NA,NA,NA,NA,240.0356575,-21.016903859,NA,NA,NA,NA,NA,NA,NA,NA,NA,NA,NA,NA,NA,"",NA,NA,NA,20163.82,240155.12,1,"S",0.0892204424778761,1.06263327433628
NA,"Sky-A2-4",31.69534,238.90682,NA,NA,NA,NA,240.0871189,-21.022088424,NA,NA,NA,NA,NA,NA,NA,NA,NA,NA,NA,NA,NA,"",NA,NA,NA,31695.34,238906.82,1,"S",0.140244867256637,1.05710982300885
NA,"Sky-A2-5",43.15344,237.10513,NA,NA,NA,NA,240.1382571,-21.029563576,NA,NA,NA,NA,NA,NA,NA,NA,NA,NA,NA,NA,NA,"",NA,NA,NA,43153.44,237105.13,1,"S",0.190944424778761,1.04913774336283
NA,"Sky-A2-6",54.51158,234.75423,NA,NA,NA,NA,240.188956,-21.039312162,NA,NA,NA,NA,NA,NA,NA,NA,NA,NA,NA,NA,NA,"",NA,NA,NA,54511.58,234754.23,1,"S",0.241201681415929,1.03873553097345
NA,"Sky-A2-7",65.74346,231.85957,NA,NA,NA,NA,240.2391002,-21.051311864,NA,NA,NA,NA,NA,NA,NA,NA,NA,NA,NA,NA,NA,"",NA,NA,NA,65743.46,231859.57,1,"S",0.290900265486726,1.02592730088496
NA,"Sky-A3-1",231.67752,66.38214,NA,NA,NA,NA,240.9839733,-21.737798171,NA,NA,NA,NA,NA,NA,NA,NA,NA,NA,NA,NA,NA,"",NA,NA,NA,231677.52,66382.14,1,"S",1.0251217699115,0.293726283185841
NA,"Sky-A3-2",234.60313,55.15828,NA,NA,NA,NA,240.9973959,-21.784444359,NA,NA,NA,NA,NA,NA,NA,NA,NA,NA,NA,NA,NA,"",NA,NA,NA,234603.13,55158.28,1,"S",1.03806694690265,0.244063185840708
NA,"Sky-A3-3",236.98531,43.80666,NA,NA,NA,NA,241.0083945,-21.831633894,NA,NA,NA,NA,NA,NA,NA,NA,NA,NA,NA,NA,NA,"",NA,NA,NA,236985.31,43806.66,1,"S",1.04860756637168,0.193834778761062
NA,"Sky-A3-4",238.81857,32.35357,NA,NA,NA,NA,241.0169415,-21.879258023,NA,NA,NA,NA,NA,NA,NA,NA,NA,NA,NA,NA,NA,"",NA,NA,NA,238818.57,32353.57,1,"S",1.05671933628319,0.143157389380531
NA,"Sky-A3-5",240.09865,20.82553,NA,NA,NA,NA,241.0230151,-21.927206921,NA,NA,NA,NA,NA,NA,NA,NA,NA,NA,NA,NA,NA,"",NA,NA,NA,240098.65,20825.53,1,"S",1.06238340707965,0.0921483628318584
NA,"Sky-A3-6",240.82258,9.24926,NA,NA,NA,NA,241.0265988,-21.975369819,NA,NA,NA,NA,NA,NA,NA,NA,NA,NA,NA,NA,NA,"",NA,NA,NA,240822.58,9249.26,1,"S",1.06558663716814,0.0409259292035398
NA,"Sky-A3-7",240.98869,2.34844,NA,NA,NA,NA,241.0275452,-22.004087025,NA,NA,NA,NA,NA,NA,NA,NA,NA,NA,NA,NA,NA,"",NA,NA,NA,240988.69,2348.44,1,"S",1.06632163716814,0.0103913274336283
NA,"Sky-A4-1",210.21182,-117.86456,NA,NA,NA,NA,240.8925045,-22.505151879,NA,NA,NA,NA,NA,NA,NA,NA,NA,NA,NA,NA,NA,"",NA,NA,NA,210211.82,-117864.56,1,"S",0.930140796460177,-0.521524601769911
NA,"Sky-A4-2",204.2974,-127.84223,NA,NA,NA,NA,240.8661234,-22.546812187,NA,NA,NA,NA,NA,NA,NA,NA,NA,NA,NA,NA,NA,"",NA,NA,NA,204297.4,-127842.23,1,"S",0.903970796460177,-0.565673584070796
NA,"Sky-A4-3",197.90977,-137.52377,NA,NA,NA,NA,240.8375882,-22.58724718,NA,NA,NA,NA,NA,NA,NA,NA,NA,NA,NA,NA,NA,"",NA,NA,NA,197909.77,-137523.77,1,"S",0.875706946902655,-0.608512256637168
NA,"Sky-A4-4",191.06371,-146.88677,NA,NA,NA,NA,240.8069637,-22.626362377,NA,NA,NA,NA,NA,NA,NA,NA,NA,NA,NA,NA,NA,"",NA,NA,NA,191063.71,-146886.77,1,"S",0.845414646017699,-0.649941460176991
NA,"Sky-A4-5",183.77509,-155.90952,NA,NA,NA,NA,240.7743201,-22.664066146,NA,NA,NA,NA,NA,NA,NA,NA,NA,NA,NA,NA,NA,"",NA,NA,NA,183775.09,-155909.52,1,"S",0.813164115044248,-0.689865132743363
NA,"Sky-A4-6",176.06079,-164.57115,NA,NA,NA,NA,240.7397321,-22.700270294,NA,NA,NA,NA,NA,NA,NA,NA,NA,NA,NA,NA,NA,"",NA,NA,NA,176060.79,-164571.15,1,"S",0.779030044247788,-0.72819092920354
NA,"Sky-A4-7",167.93867,-172.85157,NA,NA,NA,NA,240.7032795,-22.734889844,NA,NA,NA,NA,NA,NA,NA,NA,NA,NA,NA,NA,NA,"",NA,NA,NA,167938.67,-172851.57,1,"S",0.743091460176991,-0.764829955752212
NA,"Sky-A5-1",-148.4702,-189.83588,NA,NA,NA,NA,239.275192,-22.806157002,NA,NA,NA,NA,NA,NA,NA,NA,NA,NA,NA,NA,NA,"",NA,NA,NA,-148470.2,-189835.88,1,"S",-0.656947787610619,-0.839981769911504
NA,"Sky-A5-2",-157.43205,-182.47249,NA,NA,NA,NA,239.234864,-22.775356,NA,NA,NA,NA,NA,NA,NA,NA,NA,NA,NA,NA,NA,"",NA,NA,NA,-157432.05,-182472.49,1,"S",-0.696601991150442,-0.807400398230088
NA,"Sky-A5-3",-166.02924,-174.68645,NA,NA,NA,NA,239.1962067,-22.742792104,NA,NA,NA,NA,NA,NA,NA,NA,NA,NA,NA,NA,NA,"",NA,NA,NA,-166029.24,-174686.45,1,"S",-0.734642654867257,-0.77294889380531
NA,"Sky-A5-4",-174.24185,-166.49577,NA,NA,NA,NA,239.1593101,-22.708541671,NA,NA,NA,NA,NA,NA,NA,NA,NA,NA,NA,NA,NA,"",NA,NA,NA,-174241.85,-166495.77,1,"S",-0.770981637168142,-0.736706946902655
NA,"Sky-A5-5",-182.05086,-157.91943,NA,NA,NA,NA,239.1242596,-22.672685104,NA,NA,NA,NA,NA,NA,NA,NA,NA,NA,NA,NA,NA,"",NA,NA,NA,-182050.86,-157919.43,1,"S",-0.805534778761062,-0.698758539823009
NA,"Sky-A5-6",-189.43818,-148.97731,NA,NA,NA,NA,239.0911362,-22.635306557,NA,NA,NA,NA,NA,NA,NA,NA,NA,NA,NA,NA,NA,"",NA,NA,NA,-189438.18,-148977.31,1,"S",-0.83822203539823,-0.659191637168142
NA,"Sky-A5-7",-196.38671,-139.6901,NA,NA,NA,NA,239.0600163,-22.596493546,NA,NA,NA,NA,NA,NA,NA,NA,NA,NA,NA,NA,NA,"",NA,NA,NA,-196386.71,-139690.1,1,"S",-0.868967743362832,-0.61809778761062
NA,"Sky-H1-1",-181.17025,158.92893,NA,NA,NA,NA,239.1352717,-21.353218826,NA,NA,NA,NA,NA,NA,NA,NA,NA,NA,NA,NA,NA,"",NA,NA,NA,-181170.25,158928.93,1,"S",-0.801638274336283,0.703225353982301
NA,"Sky-H1-2",-173.31368,167.46173,NA,NA,NA,NA,239.1705982,-21.317835459,NA,NA,NA,NA,NA,NA,NA,NA,NA,NA,NA,NA,NA,"",NA,NA,NA,-173313.68,167461.73,1,"S",-0.766874690265487,0.74098110619469
NA,"Sky-H1-3",-165.05567,175.60663,NA,NA,NA,NA,239.2076955,-21.284068851,NA,NA,NA,NA,NA,NA,NA,NA,NA,NA,NA,NA,NA,"",NA,NA,NA,-165055.67,175606.63,1,"S",-0.73033482300885,0.777020486725664
NA,"Sky-H1-4",-156.41534,183.34477,NA,NA,NA,NA,239.2464778,-21.25199622,NA,NA,NA,NA,NA,NA,NA,NA,NA,NA,NA,NA,NA,"",NA,NA,NA,-156415.34,183344.77,1,"S",-0.692103274336283,0.811260044247788
NA,"Sky-H1-5",-147.4127,190.65822,NA,NA,NA,NA,239.2868554,-21.221690908,NA,NA,NA,NA,NA,NA,NA,NA,NA,NA,NA,NA,NA,"",NA,NA,NA,-147412.7,190658.22,1,"S",-0.652268584070796,0.843620442477876
NA,"Sky-H1-6",-138.06861,197.53006,NA,NA,NA,NA,239.3287353,-21.193222073,NA,NA,NA,NA,NA,NA,NA,NA,NA,NA,NA,NA,NA,"",NA,NA,NA,-138068.61,197530.06,1,"S",-0.610923053097345,0.874026814159292
NA,"Sky-H1-7",-128.4047,203.94434,NA,NA,NA,NA,239.372021,-21.166654839,NA,NA,NA,NA,NA,NA,NA,NA,NA,NA,NA,NA,NA,"",NA,NA,NA,-128404.7,203944.34,1,"S",-0.568162389380531,0.902408584070796
NA,"Sky-H1-8",-118.44464,209.88551,NA,NA,NA,NA,239.4166075,-21.142052702,NA,NA,NA,NA,NA,NA,NA,NA,NA,NA,NA,NA,NA,"",NA,NA,NA,-118444.64,209885.51,1,"S",-0.524091327433628,0.928696946902655
NA,"Sky-H2-1",-100.81652,218.89973,NA,NA,NA,NA,239.4954656,-21.104736468,NA,NA,NA,NA,NA,NA,NA,NA,NA,NA,NA,NA,NA,"",NA,NA,NA,-100816.52,218899.73,1,"S",-0.446090796460177,0.968582876106195
NA,"Sky-H2-2",-90.16757,223.49692,NA,NA,NA,NA,239.5430742,-21.085711497,NA,NA,NA,NA,NA,NA,NA,NA,NA,NA,NA,NA,NA,"",NA,NA,NA,-90167.57,223496.92,1,"S",-0.398971548672566,0.988924424778761
NA,"Sky-H2-3",-79.30977,227.57641,NA,NA,NA,NA,239.5915976,-21.068833159,NA,NA,NA,NA,NA,NA,NA,NA,NA,NA,NA,NA,NA,"",NA,NA,NA,-79309.77,227576.41,1,"S",-0.350928185840708,1.00697526548673
NA,"Sky-H2-4",-68.26826,231.12877,NA,NA,NA,NA,239.6409253,-21.054139777,NA,NA,NA,NA,NA,NA,NA,NA,NA,NA,NA,NA,NA,"",NA,NA,NA,-68268.26,231128.77,1,"S",-0.302071946902655,1.02269367256637
NA,"Sky-H2-5",-57.06862,234.14576,NA,NA,NA,NA,239.6909447,-21.041664802,NA,NA,NA,NA,NA,NA,NA,NA,NA,NA,NA,NA,NA,"",NA,NA,NA,-57068.62,234145.76,1,"S",-0.252516017699115,1.03604318584071
NA,"Sky-H2-6",-45.73679,236.62039,NA,NA,NA,NA,239.7415419,-21.031436577,NA,NA,NA,NA,NA,NA,NA,NA,NA,NA,NA,NA,NA,"",NA,NA,NA,-45736.79,236620.39,1,"S",-0.20237517699115,1.04699287610619
NA,"Sky-H2-7",-34.29902,238.54693,NA,NA,NA,NA,239.7926017,-21.023478304,NA,NA,NA,NA,NA,NA,NA,NA,NA,NA,NA,NA,NA,"",NA,NA,NA,-34299.02,238546.93,1,"S",-0.151765575221239,1.05551738938053
NA,"Sky-H2-8",-22.78326,239.92079,NA,NA,NA,NA,239.8440014,-21.017808543,NA,NA,NA,NA,NA,NA,NA,NA,NA,NA,NA,NA,NA,"",NA,NA,NA,-22783.26,239920.79,1,"S",-0.100810884955752,1.0615964159292
NA,"Sky-H3-1",184.61356,154.91577,NA,NA,NA,NA,240.7711631,-21.370259345,NA,NA,NA,NA,NA,NA,NA,NA,NA,NA,NA,NA,NA,"",NA,NA,NA,184613.56,154915.77,1,"S",0.816874159292035,0.685468008849557
NA,"Sky-H3-2",191.8534,145.85382,NA,NA,NA,NA,240.8037319,-21.407847826,NA,NA,NA,NA,NA,NA,NA,NA,NA,NA,NA,NA,NA,"",NA,NA,NA,191853.4,145853.82,1,"S",0.848908849557522,0.645370884955752
NA,"Sky-H3-3",198.64884,136.45402,NA,NA,NA,NA,240.8343363,-21.446844836,NA,NA,NA,NA,NA,NA,NA,NA,NA,NA,NA,NA,NA,"",NA,NA,NA,198648.84,136454.02,1,"S",0.878977168141593,0.603778849557522
NA,"Sky-H3-4",204.98415,126.73816,NA,NA,NA,NA,240.8629049,-21.487160945,NA,NA,NA,NA,NA,NA,NA,NA,NA,NA,NA,NA,NA,"",NA,NA,NA,204984.15,126738.16,1,"S",0.907009513274336,0.560788318584071
NA,"Sky-H3-5",210.84465,116.72873,NA,NA,NA,NA,240.8893708,-21.528703778,NA,NA,NA,NA,NA,NA,NA,NA,NA,NA,NA,NA,NA,"",NA,NA,NA,210844.65,116728.73,1,"S",0.93294092920354,0.516498805309734
NA,"Sky-H3-6",216.21677,106.44891,NA,NA,NA,NA,240.9136718,-21.571378053,NA,NA,NA,NA,NA,NA,NA,NA,NA,NA,NA,NA,NA,"",NA,NA,NA,216216.77,106448.91,1,"S",0.956711371681416,0.471012876106195
NA,"Sky-H3-7",221.08806,95.92253,NA,NA,NA,NA,240.9357504,-21.61508573,NA,NA,NA,NA,NA,NA,NA,NA,NA,NA,NA,NA,NA,"",NA,NA,NA,221088.06,95922.53,1,"S",0.978265752212389,0.424435973451327
NA,"Sky-H3-8",225.44672,85.17533,NA,NA,NA,NA,240.9555518,-21.659720771,NA,NA,NA,NA,NA,NA,NA,NA,NA,NA,NA,NA,NA,"",NA,NA,NA,225446.72,85175.33,1,"S",0.99755185840708,0.376881991150442
NA,"Sky-H4-1",239.9828,-22.12059,NA,NA,NA,NA,241.0237428,-22.105952279,NA,NA,NA,NA,NA,NA,NA,NA,NA,NA,NA,NA,NA,"",NA,NA,NA,239982.8,-22120.59,1,"S",1.06187079646018,-0.0978787168141593
NA,"Sky-H4-2",238.64054,-33.64155,NA,NA,NA,NA,241.0180493,-22.153935906,NA,NA,NA,NA,NA,NA,NA,NA,NA,NA,NA,NA,NA,"",NA,NA,NA,238640.54,-33641.55,1,"S",1.05593159292035,-0.148856415929204
NA,"Sky-H4-3",236.74552,-45.08459,NA,NA,NA,NA,241.0098664,-22.201608865,NA,NA,NA,NA,NA,NA,NA,NA,NA,NA,NA,NA,NA,"",NA,NA,NA,236745.52,-45084.59,1,"S",1.04754654867257,-0.199489336283186
NA,"Sky-H4-4",234.30213,-56.42319,NA,NA,NA,NA,240.9992109,-22.248860489,NA,NA,NA,NA,NA,NA,NA,NA,NA,NA,NA,NA,NA,"",NA,NA,NA,234302.13,-56423.19,1,"S",1.03673508849558,-0.249660132743363
NA,"Sky-H4-5",231.31601,-67.6311,NA,NA,NA,NA,240.9861051,-22.295581109,NA,NA,NA,NA,NA,NA,NA,NA,NA,NA,NA,NA,NA,"",NA,NA,NA,231316.01,-67631.1,1,"S",1.02352216814159,-0.299252654867257
NA,"Sky-H4-6",227.79409,-78.68236,NA,NA,NA,NA,240.9705771,-22.341662136,NA,NA,NA,NA,NA,NA,NA,NA,NA,NA,NA,NA,NA,"",NA,NA,NA,227794.09,-78682.36,1,"S",1.00793845132743,-0.34815203539823
NA,"Sky-H4-7",223.74453,-89.55136,NA,NA,NA,NA,240.9526609,-22.386996318,NA,NA,NA,NA,NA,NA,NA,NA,NA,NA,NA,NA,NA,"",NA,NA,NA,223744.53,-89551.36,1,"S",0.990020044247788,-0.396244955752212
NA,"Sky-H4-8",219.17732,-100.21161,NA,NA,NA,NA,240.9323988,-22.431472611,NA,NA,NA,NA,NA,NA,NA,NA,NA,NA,NA,NA,NA,"",NA,NA,NA,219177.32,-100211.61,1,"S",0.969811150442478,-0.443414203539823
NA,"Sky-H5-1",41.83481,-237.34134,NA,NA,NA,NA,240.1347202,-23.004861052,NA,NA,NA,NA,NA,NA,NA,NA,NA,NA,NA,NA,NA,"",NA,NA,NA,41834.81,-237341.34,1,"S",0.185109778761062,-1.05018292035398
NA,"Sky-H5-2",30.36687,-239.07931,NA,NA,NA,NA,240.0828884,-23.012152625,NA,NA,NA,NA,NA,NA,NA,NA,NA,NA,NA,NA,NA,"",NA,NA,NA,30366.87,-239079.31,1,"S",0.134366681415929,-1.05787305309735
NA,"Sky-H5-3",18.8286,-240.26349,NA,NA,NA,NA,240.0307307,-23.01712502,NA,NA,NA,NA,NA,NA,NA,NA,NA,NA,NA,NA,NA,"",NA,NA,NA,18828.6,-240263.49,1,"S",0.083312389380531,-1.06311278761062
NA,"Sky-H5-4",7.2467,-240.89115,NA,NA,NA,NA,239.9783702,-23.019766449,NA,NA,NA,NA,NA,NA,NA,NA,NA,NA,NA,NA,NA,"",NA,NA,NA,7246.7,-240891.15,1,"S",0.0320650442477876,-1.06589004424779
NA,"Sky-H5-5",-4.35197,-240.96083,NA,NA,NA,NA,239.9259309,-23.020070547,NA,NA,NA,NA,NA,NA,NA,NA,NA,NA,NA,NA,NA,"",NA,NA,NA,-4351.97,-240960.83,1,"S",-0.0192565044247788,-1.06619836283186
NA,"Sky-H5-6",-15.94057,-240.47237,NA,NA,NA,NA,239.8735365,-23.018036497,NA,NA,NA,NA,NA,NA,NA,NA,NA,NA,NA,NA,NA,"",NA,NA,NA,-15940.57,-240472.37,1,"S",-0.0705334955752212,-1.06403703539823
NA,"Sky-H5-7",-27.49224,-239.4269,NA,NA,NA,NA,239.821311,-23.013668989,NA,NA,NA,NA,NA,NA,NA,NA,NA,NA,NA,NA,NA,"",NA,NA,NA,-27492.24,-239426.9,1,"S",-0.121647079646018,-1.0594110619469
NA,"Sky-H5-8",-38.97879,-237.82707,NA,NA,NA,NA,239.7693844,-23.006979186,NA,NA,NA,NA,NA,NA,NA,NA,NA,NA,NA,NA,NA,"",NA,NA,NA,-38978.79,-237827.07,1,"S",-0.172472522123894,-1.05233216814159
NA,"Sky-H6-1",-58.36925,-233.82492,NA,NA,NA,NA,239.6817439,-22.990234804,NA,NA,NA,NA,NA,NA,NA,NA,NA,NA,NA,NA,NA,"",NA,NA,NA,-58369.25,-233824.92,1,"S",-0.258271017699115,-1.03462353982301
NA,"Sky-H6-2",-69.55194,-230.74573,NA,NA,NA,NA,239.6312147,-22.977348854,NA,NA,NA,NA,NA,NA,NA,NA,NA,NA,NA,NA,NA,"",NA,NA,NA,-69551.94,-230745.73,1,"S",-0.307751946902655,-1.02099880530973
NA,"Sky-H6-3",-80.57354,-227.13205,NA,NA,NA,NA,239.5814265,-22.962224951,NA,NA,NA,NA,NA,NA,NA,NA,NA,NA,NA,NA,NA,"",NA,NA,NA,-80573.54,-227132.05,1,"S",-0.356520088495575,-1.00500907079646
NA,"Sky-H6-4",-91.4085,-222.99226,NA,NA,NA,NA,239.5324968,-22.944898714,NA,NA,NA,NA,NA,NA,NA,NA,NA,NA,NA,NA,NA,"",NA,NA,NA,-91408.5,-222992.26,1,"S",-0.404462389380531,-0.986691415929204
NA,"Sky-H6-5",-102.03172,-218.33596,NA,NA,NA,NA,239.484541,-22.925410954,NA,NA,NA,NA,NA,NA,NA,NA,NA,NA,NA,NA,NA,"",NA,NA,NA,-102031.72,-218335.96,1,"S",-0.45146778761062,-0.966088318584071
NA,"Sky-H6-6",-112.41861,-213.17391,NA,NA,NA,NA,239.4376716,-22.903807422,NA,NA,NA,NA,NA,NA,NA,NA,NA,NA,NA,NA,NA,"",NA,NA,NA,-112418.61,-213173.91,1,"S",-0.497427477876106,-0.943247389380531
NA,"Sky-H6-7",-122.54511,-207.51809,NA,NA,NA,NA,239.3919989,-22.880139034,NA,NA,NA,NA,NA,NA,NA,NA,NA,NA,NA,NA,NA,"",NA,NA,NA,-122545.11,-207518.09,1,"S",-0.542235,-0.918221637168142
NA,"Sky-H6-8",-132.38652,-201.3824,NA,NA,NA,NA,239.3476355,-22.854464809,NA,NA,NA,NA,NA,NA,NA,NA,NA,NA,NA,NA,NA,"",NA,NA,NA,-132386.52,-201382.4,1,"S",-0.585781061946903,-0.891072566371681
NA,"Sky-H7-1",-207.18967,-123.09956,NA,NA,NA,NA,239.0117198,-22.52717926,NA,NA,NA,NA,NA,NA,NA,NA,NA,NA,NA,NA,NA,"",NA,NA,NA,-207189.67,-123099.56,1,"S",-0.916768451327434,-0.544688318584071
NA,"Sky-H7-2",-212.87255,-112.98823,NA,NA,NA,NA,238.9863673,-22.484947947,NA,NA,NA,NA,NA,NA,NA,NA,NA,NA,NA,NA,NA,"",NA,NA,NA,-212872.55,-112988.23,1,"S",-0.941913938053097,-0.499947920353982
NA,"Sky-H7-3",-218.06235,-102.61518,NA,NA,NA,NA,238.9632574,-22.441634052,NA,NA,NA,NA,NA,NA,NA,NA,NA,NA,NA,NA,NA,"",NA,NA,NA,-218062.35,-102615.18,1,"S",-0.964877654867257,-0.454049469026549
NA,"Sky-H7-4",-222.74704,-92.00444,NA,NA,NA,NA,238.942442,-22.397338774,NA,NA,NA,NA,NA,NA,NA,NA,NA,NA,NA,NA,NA,"",NA,NA,NA,-222747.04,-92004.44,1,"S",-0.985606371681416,-0.407099292035398
NA,"Sky-H7-5",-226.91579,-81.18059,NA,NA,NA,NA,238.9239679,-22.352165519,NA,NA,NA,NA,NA,NA,NA,NA,NA,NA,NA,NA,NA,"",NA,NA,NA,-226915.79,-81180.59,1,"S",-1.00405216814159,-0.359206150442478
NA,"Sky-H7-6",-230.55892,-70.1687,NA,NA,NA,NA,238.9078759,-22.306219648,NA,NA,NA,NA,NA,NA,NA,NA,NA,NA,NA,NA,NA,"",NA,NA,NA,-230558.92,-70168.7,1,"S",-1.02017221238938,-0.310480973451327
NA,"Sky-H7-7",-233.66801,-58.99428,NA,NA,NA,NA,238.8942015,-22.259608252,NA,NA,NA,NA,NA,NA,NA,NA,NA,NA,NA,NA,NA,"",NA,NA,NA,-233668.01,-58994.28,1,"S",-1.03392924778761,-0.261036637168142
NA,"Sky-H7-8",-236.23556,-47.68464,NA,NA,NA,NA,238.8829755,-22.21244582,NA,NA,NA,NA,NA,NA,NA,NA,NA,NA,NA,NA,NA,"",NA,NA,NA,-236235.56,-47684.64,1,"S",-1.04529008849558,-0.210993982300885
