#OBSTEMP,8
#CONFIGTEMP,19
#EQUINOX,J2000.0
#CENTRE,16 00 23.47,-22 14 25.9 #Field centre
#UTTIME,12 00 00.00 #Target observing time
#UTDATE,2021 07 10 #Target observing date
#PLATEID,a test_plateID
#LABEL,240_m20_comissioning Tile 019
#TILING_DATE,2021 06 07 # Date the tile was created/configured
#PROXIMITY,220 # tiling proximity value in arcseconds
"ID","RA","DEC","g_mag","r_mag","i_mag","z_mag","y_mag","GAIA_g_mag","GAIA_bp_mag","GAIA_rp_mag","pmRA","pmDEC","priority","remaining_observations","Tile_number","COMPLETED","MagnetX_noDC","MagnetY_noDC","type","MagnetX","MagnetY","Position","fibre_type","x","y","grads","gangs","gazAngs","gangs_gazAng"
"6243564481837370624",240.48537,-21.617958,NA,10.6978998184204,NA,NA,NA,NA,NA,NA,-11.7230724170359,-23.547779629735,NA,NA,NA,NA,87591.4396774198,140700.863741936,2,85001.01,146774.69,NA,"G",-132.65881,-112.30957,173.815417567605,2.64558763762439,0.702519603101845,1.94306803452254
"6243612104440601600",240.04935,-21.589516,NA,10.8283996582031,NA,NA,NA,NA,NA,NA,-14.5950334169632,-4.69607135305918,NA,NA,NA,NA,-10949.0803225832,147128.755741936,2,-10601.02,153121.51,NA,"G",-122.5878,171.61576,210.90219958364,0.675645800080469,-0.950527108132778,1.62617290821325
"6243203120476661376",239.97186,-22.79337,NA,11.6497001647949,NA,NA,NA,NA,NA,NA,-6.36343137848489,-10.2514756752206,NA,NA,NA,NA,-28461.8203225794,-124942.248258064,2,-27243.2,-129757.02,NA,"G",181.53338,-49.23435,188.091438598749,4.88627018419404,2.87674987887386,2.00952030532018
"6237185974371659136",239.94101,-22.877972,NA,11.8268003463745,NA,NA,NA,NA,NA,NA,-64.8859508882771,-43.6202203661294,NA,NA,NA,NA,-35433.9203225828,-144062.300258064,2,-33994.03,-150050.1,NA,"G",-18.26572,-165.96789,166.969988435558,5.54620662263018,1.46118172049563,4.08502490213455
"6246530345736828288",239.47615,-21.590834,NA,12.191499710083,NA,NA,NA,NA,NA,NA,-9.03548479081139,-11.5381205272271,NA,NA,NA,NA,-140492.280322586,146830.887741936,2,-137346.7,154080.48,NA,"G",52.86071,191.96855,199.113482343127,2.63662923061949,4.44368690029876,4.47612763750032
"6243232081430715392",240.7765,-22.371107,NA,12.2285995483398,NA,NA,NA,NA,NA,NA,-17.3132852790657,-9.67093476320869,NA,NA,NA,NA,153386.819677416,-29510.8102580645,2,147637.74,-31039.67,NA,"G",66.4682,-145.1297,159.626600018073,0.882836997857726,2.00027625522472,5.16574604981259
