#OBSTEMP,8
#CONFIGTEMP,19
#EQUINOX,J2000.0
#CENTRE,16 00 19.20,-22 17 16.9 #Field centre
#UTTIME,12 00 00.00 #Target observing time
#UTDATE,2021 07 10 #Target observing date
#PLATEID,a test_plateID
#LABEL,240_m20_comissioning Tile 022
#TILING_DATE,2021 06 07 # Date the tile was created/configured
#PROXIMITY,220 # tiling proximity value in arcseconds
"ID","RA","DEC","g_mag","r_mag","i_mag","z_mag","y_mag","GAIA_g_mag","GAIA_bp_mag","GAIA_rp_mag","pmRA","pmDEC","priority","remaining_observations","Tile_number","COMPLETED","MagnetX_noDC","MagnetY_noDC","type","MagnetX","MagnetY","Position","fibre_type","x","y","grads","gangs","gazAngs","gangs_gazAng"
"6243564481837370624",240.48537,-21.617958,NA,10.6978998184204,NA,NA,NA,NA,NA,NA,-11.7230724170359,-23.547779629735,NA,NA,NA,NA,91615.6421052659,151432.782877193,2,89115.45,158339.24,NA,"G",-80.52077,-149.15159,169.498646604983,2.37952620992715,1.07577253896761,1.30375367095954
"6246530345736828288",239.47615,-21.590834,NA,12.191499710083,NA,NA,NA,NA,NA,NA,-9.03548479081139,-11.5381205272271,NA,NA,NA,NA,-136468.07789474,157562.806877192,2,-133615.56,165629.35,NA,"G",112.34797,-139.64574,179.228901305756,4.39363900328252,2.24828807541941,2.14535092786312
"6243232081430715392",240.7765,-22.371107,NA,12.2285995483398,NA,NA,NA,NA,NA,NA,-17.3132852790657,-9.67093476320869,NA,NA,NA,NA,157411.022105262,-18778.8911228078,2,151559.2,-19893.5,NA,"G",-151.68887,-7.33547,151.866133163381,5.11818619874467,0.0483210130390774,5.06986518570559
"6243193808987036800",240.12721,-22.70846,NA,13.0614995956421,NA,NA,NA,NA,NA,NA,-2.08533596244672,-78.1440668402198,NA,NA,NA,NA,10671.4821052664,-95020.6691228079,2,10180.67,-98236.28,NA,"G",-6.72028,164.6171,164.754216260733,2.89193971756991,-1.52999527729725,4.42193499486716
"6243562214100625408",240.31639,-21.630972,NA,13.4477996826172,NA,NA,NA,NA,NA,NA,4.97735032384074,-11.8398755665169,NA,NA,NA,NA,53426.1621052584,148491.618877193,2,51775.11,154780.94,NA,"G",151.5592,-19.8935,152.859224278059,4.39155494963795,3.0110798314929,1.38047511814505
"6237390071215345536",239.5651,-22.745365,NA,13.516300201416,NA,NA,NA,NA,NA,NA,-17.4612182734214,-8.22558361653781,NA,NA,NA,NA,-116365.377894738,-103361.199122807,2,-111766.3,-107849.76,NA,"G",-13.18326,-36.66378,38.9619186914094,1.64031296151917,1.22561990324462,0.414693058274543
