#OBSTEMP,8
#CONFIGTEMP,19
#EQUINOX,J2000.0
#CENTRE,15 59 37.80,-21 51 30.2 #Field centre
#UTTIME,12 00 00.00 #Target observing time
#UTDATE,2021 07 10 #Target observing date
#PLATEID,a test_plateID
#LABEL,240_m20_comissioning Tile 018
#TILING_DATE,2021 06 07 # Date the tile was created/configured
#PROXIMITY,220 # tiling proximity value in arcseconds
"probe","ID","x","y","rads","angs","azAngs","angs_azAng","RA","DEC","g_mag","r_mag","i_mag","z_mag","y_mag","GAIA_g_mag","GAIA_bp_mag","GAIA_rp_mag","pmRA","pmDEC","priority","remaining_observations","Tile_number","COMPLETED","MagnetX_noDC","MagnetY_noDC","type","MagnetX","MagnetY","Position","fibre_type","fraction_plate_radius_X","fraction_plate_radius_Y"
1,"6243627978639924864",31.84586,106.45604,111.117268017267,-0.028748192159199,4.42171618849051,1.83272092652988,240.05374,-21.40321,16.7476997375488,16.1312999725342,15.8337001800537,15.6759996414185,15.5742998123169,16.136215,16.640789,15.457659,-7.85482961950129,-5.49941151306468,1,1,-999,"False",33051.723124996,102869.51115625,1,31845.86,106456.04,NA,"P",0.140910884955752,0.471044424778761
2,"6243632514125410048",20.42125,131.00581,132.587894263838,0.0831131771170917,4.55775296145571,1.80854552284097,240.00095,-21.299885,15.2648000717163,14.4351997375488,14.0516004562378,13.8407001495361,13.7020998001099,14.434241,15.092716,13.657222,-4.53993118131493,-10.294006763194,1,1,-999,"False",21121.1831249924,126220.96115625,1,20421.25,131005.81,NA,"P",0.0903595132743363,0.579671725663717
3,"6243643749760173696",136.06008,138.19514,193.933602269504,0.117598459697915,3.93477559814695,2.46600816873055,240.5233,-21.274448,15.3660001754761,14.8617000579834,14.6423997879028,14.5488004684448,14.4728002548218,14.874478,15.297903,14.280242,-2.17088663424288,-6.53264370125857,1,1,-999,"False",139172.283124996,131969.72315625,1,136060.08,138195.14,NA,"P",0.602035752212389,0.611482920353982
4,"6246505538005730432",-124.00829,46.56377,132.462223540665,-1.19067068504417,-0.359199463465682,5.4517140856011,239.33868,-21.658876,17.9302997589111,17.4034004211426,17.1525993347168,17.0391998291016,16.9673004150391,17.412981,17.856695,16.780123,-2.75997220686232,2.90772472538565,1,1,-999,"False",-128551.836875009,45088.9951562503,1,-124008.29,46563.77,NA,"P",-0.548709247787611,0.206034380530973
5,"6243419621184855040",-99.82405,-118.44293,154.898575285208,2.10343309463332,0.870495392380502,1.23293770225282,239.44888,-22.36094,17.4232997894287,16.531400680542,16.1546993255615,15.9540004730225,15.8147001266479,16.557966,17.222525,15.763295,-10.1312790703776,-4.2435314470262,1,1,-999,"False",-103646.636875011,-113577.46884375,1,-99824.05,-118442.93,NA,"P",-0.441699336283186,-0.524083761061947
6,"6243450682388683776",-8.43921,-56.09032,56.7216384030513,1.62042434351158,1.42145896464928,0.1989653788623,239.86838,-22.09919,16.6968002319336,16.172700881958,15.9502000808716,15.8608999252319,15.7767000198364,16.188915,16.619661,15.584768,-0.855537196505157,-0.660682362098221,1,1,-999,"False",-8839.63687501108,-54421.9688437499,1,-8439.21,-56090.32,NA,"P",-0.0373416371681416,-0.248187256637168
7,"6243241770878052480",85.79922,-116.85547,144.971400702102,0.904584656213039,2.20413038618506,4.98363957720757,240.30199,-22.354868,18.1224002838135,17.538200378418,17.2714996337891,17.1354007720947,17.0347995758057,17.566628,17.978102,16.883541,-2.28811719937435,0.392075573164396,1,1,-999,"False",89156.2231249925,-112205.19684375,1,85799.22,-116855.47,NA,"P",0.379642566371681,-0.517059601769912
8,"6243663094292979456",113.88894,183.15022,215.672654132071,2.35813939461529,4.15606994913458,4.4852547526603,240.41997,-21.088707,16.1291999816895,15.447699546814,15.1506996154785,15.0150995254517,14.897500038147,15.475871,16.01957,14.78205,3.63495724456945,-2.55926292926108,1,1,-999,"False",115819.703124996,173947.18915625,1,113888.94,183150.22,NA,"P",0.503933362831858,0.810399203539823
9,"6243520741895485952",-76.64083,13.88524,77.8884889630458,-0.972814468282564,-0.179228778067129,5.48959961696415,239.55368,-21.798471,18.5860996246338,17.9769992828369,17.6853008270264,17.5030994415283,17.3684997558594,18.005518,18.44432,17.27196,-14.2734365956204,-0.640897062599648,1,1,-999,"False",-79961.8368750083,13540.5251562503,1,-76640.83,13885.24,NA,"P",-0.339118716814159,0.0614391150442478
10,"6243621519009819392",75.86224,112.5827,135.756929094273,3.11532463098428,4.11943962323191,5.27907031493196,240.25461,-21.378372,18.2394008636475,17.6296997070313,17.347900390625,17.2129993438721,17.1077995300293,17.651533,18.14631,16.967838,-0.579902384846629,-3.74608555922052,1,1,-999,"False",78448.343124998,108482.89915625,1,75862.24,112582.7,NA,"P",0.335673628318584,0.498153539823009
11,"6243484423651339904",-145.43976,-75.59758,163.913751377711,3.07914188036128,0.47935098284357,2.59979089751771,239.24117,-22.177721,18.2285003662109,17.4878005981445,17.148099899292,16.9733009338379,16.8502006530762,17.514236,18.055075,16.758821,-5.62932714983346,2.33573468381235,1,1,-999,"False",-150589.096875003,-72169.9748437495,1,-145439.76,-75597.58,NA,"P",-0.643538761061947,-0.334502566371681
12,"6243591626036948480",162.60982,95.40624,188.531971271108,0.151004311522466,3.67218933134066,2.76200028736139,240.64513,-21.453999,16.8451995849609,16.1033000946045,15.8018999099731,15.663200378418,15.5495004653931,16.147057,16.73506,15.432625,-1.38054256967304,-4.74149028485452,1,1,-999,"False",166705.863124994,91391.1971562502,1,162609.82,95406.24,NA,"P",0.719512477876106,0.422151504424779
13,"6243344132841733376",162.26305,-63.13016,174.111213013201,0.787264444275756,2.77055221735177,4.29989753410357,240.64891,-22.123981,17.4167003631592,16.80299949646,16.5461006164551,16.4225006103516,16.3421001434326,16.828411,17.311659,16.166063,-7.53426264708473,-1.08537448473672,1,1,-999,"False",167560.143124995,-60024.73484375,1,162263.05,-63130.16,NA,"P",0.717978097345133,-0.279336991150442
14,"6246519350620445952",-191.76499,43.87557,196.720301526113,2.18857986497353,-0.224927093326205,2.41350695829973,239.03723,-21.671017,17.6488990783691,17.0125007629395,16.681999206543,16.5338001251221,16.4185009002686,17.012499,17.527603,16.309458,-1.43043928776523,0.921878583994897,1,1,-999,"False",-196679.536875006,42345.1291562495,1,-191764.99,43875.57,NA,"P",-0.848517654867257,0.194139690265487
15,"6237466933950524800",-149.32192,-99.32878,179.341133956421,2.29370857971517,0.586985783162249,1.70672279655292,239.22495,-22.277067,17.7828998565674,17.1893005371094,16.9365005493164,16.8050994873047,16.7219009399414,17.218588,17.662886,16.556448,-1.47788413659878,-6.84584862472782,1,1,-999,"False",-154254.816875004,-94622.1708437504,1,-149321.92,-99328.78,NA,"P",-0.660716460176991,-0.439507876106195
16,"6243622309283090048",57.24144,116.43649,129.74605449413,1.77562376753542,4.25547519892498,3.80333387579002,240.16962,-21.361654,16.8027992248535,16.2924003601074,16.0727996826172,15.9736003875732,15.9127998352051,16.309315,16.71088,15.708408,0.705558492097716,-9.00505746811981,1,1,-999,"False",59240.6031249969,112261.16715625,1,57241.44,116436.49,NA,"P",0.253280707964602,0.515205707964602
17,"6246522679216092032",-179.76988,74.41757,194.564088361443,2.40845680881553,-0.392482777997888,2.80093958681342,239.0923,-21.542456,18.9351997375488,17.8946990966797,17.4258003234863,17.1641006469727,16.9927005767822,17.893545,18.620062,17.005817,-6.23277315709395,1.44735270767538,1,1,-999,"False",-184233.716875006,71399.9151562498,1,-179769.88,74417.57,NA,"P",-0.795441946902655,0.329281283185841
18,"6243564997240128896",111.16427,54.83571,123.953418733962,3.58650927046632,3.5998541582714,6.2698404193745,240.41777,-21.623636,17.4580001831055,16.9652996063232,16.7416000366211,16.6350002288818,16.5830993652344,16.978285,17.400286,16.381582,-4.29656635235594,-6.6764431021928,1,1,-999,"False",115322.503124999,53053.2351562507,1,111164.27,54835.71,NA,"P",0.491877300884956,0.242635884955752
19,"6246660912744122240",-43.12702,201.38134,205.947527186602,0.524977491188736,-1.35982702705802,1.88480451824676,240.77222,-21.861536,15.3151998519897,15.3515996932983,15.4609003067017,15.4841995239258,15.4514999389648,15.281709,15.363416,15.079569,-3.16554906444,-7.40892381479478,1,NA,NA,"",195428.203125002,-712.164843749278,0,190203.7,-1270.48,NA,"P",0.841609292035398,-0.00562159292035398
20,"6243357739298776320",190.2037,-1.27048,190.207943086298,4.66413716457755,3.1349131772935,1.52922398728405,239.71307,-21.010618,16.2628002166748,16.107400894165,16.0984992980957,16.1161994934082,16.0746002197266,16.092226,16.298498,15.752473,-6.5433071877747,-3.98081620179647,1,NA,NA,"",-43939.6968750015,191595.30315625,0,-43127.02,201381.34,NA,"P",-0.190827522123894,0.891067876106195
NA,"Sky-A1-1",-226.46104,82.44066,NA,NA,NA,NA,238.8935164,-21.511823206,NA,NA,NA,NA,NA,NA,NA,NA,NA,NA,NA,NA,NA,"",NA,NA,NA,-226461.04,82440.66,1,"S",-1.00204,0.364781681415929
NA,"Sky-A1-2",-222.23219,93.24117,NA,NA,NA,NA,238.9127425,-21.466943438,NA,NA,NA,NA,NA,NA,NA,NA,NA,NA,NA,NA,NA,"",NA,NA,NA,-222232.19,93241.17,1,"S",-0.983328274336283,0.412571548672566
NA,"Sky-A1-3",-217.48859,103.8257,NA,NA,NA,NA,238.9342554,-21.422973367,NA,NA,NA,NA,NA,NA,NA,NA,NA,NA,NA,NA,NA,"",NA,NA,NA,-217488.59,103825.7,1,"S",-0.96233889380531,0.459405752212389
NA,"Sky-A1-4",-212.24121,114.16975,NA,NA,NA,NA,238.958004,-21.380014081,NA,NA,NA,NA,NA,NA,NA,NA,NA,NA,NA,NA,NA,"",NA,NA,NA,-212241.21,114169.75,1,"S",-0.939120398230089,0.505175884955752
NA,"Sky-A1-5",-206.50222,124.24934,NA,NA,NA,NA,238.9839318,-21.338164421,NA,NA,NA,NA,NA,NA,NA,NA,NA,NA,NA,NA,NA,"",NA,NA,NA,-206502.22,124249.34,1,"S",-0.913726637168142,0.549775840707965
NA,"Sky-A1-6",-200.2849,134.04112,NA,NA,NA,NA,239.0119775,-21.297520531,NA,NA,NA,NA,NA,NA,NA,NA,NA,NA,NA,NA,NA,"",NA,NA,NA,-200284.9,134041.12,1,"S",-0.886216371681416,0.593102300884956
NA,"Sky-A1-7",-193.60365,143.52243,NA,NA,NA,NA,239.0420753,-21.258175617,NA,NA,NA,NA,NA,NA,NA,NA,NA,NA,NA,NA,NA,"",NA,NA,NA,-193603.65,143522.43,1,"S",-0.856653318584071,0.635055
NA,"Sky-A2-1",-3.01251,240.9813,NA,NA,NA,NA,239.8940971,-20.854478495,NA,NA,NA,NA,NA,NA,NA,NA,NA,NA,NA,NA,NA,"",NA,NA,NA,-3012.51,240981.3,1,"S",-0.0133296902654867,1.0662889380531
NA,"Sky-A2-2",8.5856,240.84715,NA,NA,NA,NA,239.9457984,-20.855051485,NA,NA,NA,NA,NA,NA,NA,NA,NA,NA,NA,NA,NA,"",NA,NA,NA,8585.6,240847.15,1,"S",0.0379893805309735,1.0656953539823
NA,"Sky-A2-3",20.16382,240.15512,NA,NA,NA,NA,239.997411,-20.857933749,NA,NA,NA,NA,NA,NA,NA,NA,NA,NA,NA,NA,NA,"",NA,NA,NA,20163.82,240155.12,1,"S",0.0892204424778761,1.06263327433628
NA,"Sky-A2-4",31.69534,238.90682,NA,NA,NA,NA,240.0488177,-20.863118592,NA,NA,NA,NA,NA,NA,NA,NA,NA,NA,NA,NA,NA,"",NA,NA,NA,31695.34,238906.82,1,"S",0.140244867256637,1.05710982300885
NA,"Sky-A2-5",43.15344,237.10513,NA,NA,NA,NA,240.0999016,-20.870594148,NA,NA,NA,NA,NA,NA,NA,NA,NA,NA,NA,NA,NA,"",NA,NA,NA,43153.44,237105.13,1,"S",0.190944424778761,1.04913774336283
NA,"Sky-A2-6",54.51158,234.75423,NA,NA,NA,NA,240.1505466,-20.880343261,NA,NA,NA,NA,NA,NA,NA,NA,NA,NA,NA,NA,NA,"",NA,NA,NA,54511.58,234754.23,1,"S",0.241201681415929,1.03873553097345
NA,"Sky-A2-7",65.74346,231.85957,NA,NA,NA,NA,240.2006373,-20.892343605,NA,NA,NA,NA,NA,NA,NA,NA,NA,NA,NA,NA,NA,"",NA,NA,NA,65743.46,231859.57,1,"S",0.290900265486726,1.02592730088496
NA,"Sky-A3-1",231.67752,66.38214,NA,NA,NA,NA,240.9446796,-21.578853926,NA,NA,NA,NA,NA,NA,NA,NA,NA,NA,NA,NA,NA,"",NA,NA,NA,231677.52,66382.14,1,"S",1.0251217699115,0.293726283185841
NA,"Sky-A3-2",234.60313,55.15828,NA,NA,NA,NA,240.9580847,-21.625500803,NA,NA,NA,NA,NA,NA,NA,NA,NA,NA,NA,NA,NA,"",NA,NA,NA,234603.13,55158.28,1,"S",1.03806694690265,0.244063185840708
NA,"Sky-A3-3",236.98531,43.80666,NA,NA,NA,NA,240.9690683,-21.67269091,NA,NA,NA,NA,NA,NA,NA,NA,NA,NA,NA,NA,NA,"",NA,NA,NA,236985.31,43806.66,1,"S",1.04860756637168,0.193834778761062
NA,"Sky-A3-4",238.81857,32.35357,NA,NA,NA,NA,240.9776031,-21.720315491,NA,NA,NA,NA,NA,NA,NA,NA,NA,NA,NA,NA,NA,"",NA,NA,NA,238818.57,32353.57,1,"S",1.05671933628319,0.143157389380531
NA,"Sky-A3-5",240.09865,20.82553,NA,NA,NA,NA,240.9836671,-21.768264716,NA,NA,NA,NA,NA,NA,NA,NA,NA,NA,NA,NA,NA,"",NA,NA,NA,240098.65,20825.53,1,"S",1.06238340707965,0.0921483628318584
NA,"Sky-A3-6",240.82258,9.24926,NA,NA,NA,NA,240.987244,-21.816427813,NA,NA,NA,NA,NA,NA,NA,NA,NA,NA,NA,NA,NA,"",NA,NA,NA,240822.58,9249.26,1,"S",1.06558663716814,0.0409259292035398
NA,"Sky-A3-7",240.98869,2.34844,NA,NA,NA,NA,240.9881876,-21.845145076,NA,NA,NA,NA,NA,NA,NA,NA,NA,NA,NA,NA,NA,"",NA,NA,NA,240988.69,2348.44,1,"S",1.06632163716814,0.0103913274336283
NA,"Sky-A4-1",210.21182,-117.86456,NA,NA,NA,NA,240.8532712,-22.346203468,NA,NA,NA,NA,NA,NA,NA,NA,NA,NA,NA,NA,NA,"",NA,NA,NA,210211.82,-117864.56,1,"S",0.930140796460177,-0.521524601769911
NA,"Sky-A4-2",204.2974,-127.84223,NA,NA,NA,NA,240.8269181,-22.387862601,NA,NA,NA,NA,NA,NA,NA,NA,NA,NA,NA,NA,NA,"",NA,NA,NA,204297.4,-127842.23,1,"S",0.903970796460177,-0.565673584070796
NA,"Sky-A4-3",197.90977,-137.52377,NA,NA,NA,NA,240.7984136,-22.428296361,NA,NA,NA,NA,NA,NA,NA,NA,NA,NA,NA,NA,NA,"",NA,NA,NA,197909.77,-137523.77,1,"S",0.875706946902655,-0.608512256637168
NA,"Sky-A4-4",191.06371,-146.88677,NA,NA,NA,NA,240.7678224,-22.467410278,NA,NA,NA,NA,NA,NA,NA,NA,NA,NA,NA,NA,NA,"",NA,NA,NA,191063.71,-146886.77,1,"S",0.845414646017699,-0.649941460176991
NA,"Sky-A4-5",183.77509,-155.90952,NA,NA,NA,NA,240.7352146,-22.50511273,NA,NA,NA,NA,NA,NA,NA,NA,NA,NA,NA,NA,NA,"",NA,NA,NA,183775.09,-155909.52,1,"S",0.813164115044248,-0.689865132743363
NA,"Sky-A4-6",176.06079,-164.57115,NA,NA,NA,NA,240.700665,-22.541315538,NA,NA,NA,NA,NA,NA,NA,NA,NA,NA,NA,NA,NA,"",NA,NA,NA,176060.79,-164571.15,1,"S",0.779030044247788,-0.72819092920354
NA,"Sky-A4-7",167.93867,-172.85157,NA,NA,NA,NA,240.664253,-22.575933737,NA,NA,NA,NA,NA,NA,NA,NA,NA,NA,NA,NA,NA,"",NA,NA,NA,167938.67,-172851.57,1,"S",0.743091460176991,-0.764829955752212
NA,"Sky-A5-1",-148.4702,-189.83588,NA,NA,NA,NA,239.237821,-22.647198228,NA,NA,NA,NA,NA,NA,NA,NA,NA,NA,NA,NA,NA,"",NA,NA,NA,-148470.2,-189835.88,1,"S",-0.656947787610619,-0.839981769911504
NA,"Sky-A5-2",-157.43205,-182.47249,NA,NA,NA,NA,239.1975385,-22.616398573,NA,NA,NA,NA,NA,NA,NA,NA,NA,NA,NA,NA,NA,"",NA,NA,NA,-157432.05,-182472.49,1,"S",-0.696601991150442,-0.807400398230088
NA,"Sky-A5-3",-166.02924,-174.68645,NA,NA,NA,NA,239.1589246,-22.583836042,NA,NA,NA,NA,NA,NA,NA,NA,NA,NA,NA,NA,NA,"",NA,NA,NA,-166029.24,-174686.45,1,"S",-0.734642654867257,-0.77294889380531
NA,"Sky-A5-4",-174.24185,-166.49577,NA,NA,NA,NA,239.1220692,-22.549586978,NA,NA,NA,NA,NA,NA,NA,NA,NA,NA,NA,NA,NA,"",NA,NA,NA,-174241.85,-166495.77,1,"S",-0.770981637168142,-0.736706946902655
NA,"Sky-A5-5",-182.05086,-157.91943,NA,NA,NA,NA,239.0870575,-22.513731773,NA,NA,NA,NA,NA,NA,NA,NA,NA,NA,NA,NA,NA,"",NA,NA,NA,-182050.86,-157919.43,1,"S",-0.805534778761062,-0.698758539823009
NA,"Sky-A5-6",-189.43818,-148.97731,NA,NA,NA,NA,239.0539705,-22.476354565,NA,NA,NA,NA,NA,NA,NA,NA,NA,NA,NA,NA,NA,"",NA,NA,NA,-189438.18,-148977.31,1,"S",-0.83822203539823,-0.659191637168142
NA,"Sky-A5-7",-196.38671,-139.6901,NA,NA,NA,NA,239.0228844,-22.43754286,NA,NA,NA,NA,NA,NA,NA,NA,NA,NA,NA,NA,NA,"",NA,NA,NA,-196386.71,-139690.1,1,"S",-0.868967743362832,-0.61809778761062
NA,"Sky-H1-1",-181.17025,158.92893,NA,NA,NA,NA,239.0979958,-21.194264691,NA,NA,NA,NA,NA,NA,NA,NA,NA,NA,NA,NA,NA,"",NA,NA,NA,-181170.25,158928.93,1,"S",-0.801638274336283,0.703225353982301
NA,"Sky-H1-2",-173.31368,167.46173,NA,NA,NA,NA,239.1332826,-21.158879952,NA,NA,NA,NA,NA,NA,NA,NA,NA,NA,NA,NA,NA,"",NA,NA,NA,-173313.68,167461.73,1,"S",-0.766874690265487,0.74098110619469
NA,"Sky-H1-3",-165.05567,175.60663,NA,NA,NA,NA,239.1703385,-21.125111969,NA,NA,NA,NA,NA,NA,NA,NA,NA,NA,NA,NA,NA,"",NA,NA,NA,-165055.67,175606.63,1,"S",-0.73033482300885,0.777020486725664
NA,"Sky-H1-4",-156.41534,183.34477,NA,NA,NA,NA,239.2090778,-21.093037973,NA,NA,NA,NA,NA,NA,NA,NA,NA,NA,NA,NA,NA,"",NA,NA,NA,-156415.34,183344.77,1,"S",-0.692103274336283,0.811260044247788
NA,"Sky-H1-5",-147.4127,190.65822,NA,NA,NA,NA,239.2494109,-21.062731318,NA,NA,NA,NA,NA,NA,NA,NA,NA,NA,NA,NA,NA,"",NA,NA,NA,-147412.7,190658.22,1,"S",-0.652268584070796,0.843620442477876
NA,"Sky-H1-6",-138.06861,197.53006,NA,NA,NA,NA,239.2912449,-21.034261173,NA,NA,NA,NA,NA,NA,NA,NA,NA,NA,NA,NA,NA,"",NA,NA,NA,-138068.61,197530.06,1,"S",-0.610923053097345,0.874026814159292
NA,"Sky-H1-7",-128.4047,203.94434,NA,NA,NA,NA,239.3344834,-21.007692677,NA,NA,NA,NA,NA,NA,NA,NA,NA,NA,NA,NA,NA,"",NA,NA,NA,-128404.7,203944.34,1,"S",-0.568162389380531,0.902408584070796
NA,"Sky-H1-8",-118.44464,209.88551,NA,NA,NA,NA,239.3790215,-20.983089334,NA,NA,NA,NA,NA,NA,NA,NA,NA,NA,NA,NA,NA,"",NA,NA,NA,-118444.64,209885.51,1,"S",-0.524091327433628,0.928696946902655
NA,"Sky-H2-1",-100.81652,218.89973,NA,NA,NA,NA,239.4577944,-20.945771205,NA,NA,NA,NA,NA,NA,NA,NA,NA,NA,NA,NA,NA,"",NA,NA,NA,-100816.52,218899.73,1,"S",-0.446090796460177,0.968582876106195
NA,"Sky-H2-2",-90.16757,223.49692,NA,NA,NA,NA,239.5053518,-20.926745236,NA,NA,NA,NA,NA,NA,NA,NA,NA,NA,NA,NA,NA,"",NA,NA,NA,-90167.57,223496.92,1,"S",-0.398971548672566,0.988924424778761
NA,"Sky-H2-3",-79.30977,227.57641,NA,NA,NA,NA,239.5538233,-20.909865995,NA,NA,NA,NA,NA,NA,NA,NA,NA,NA,NA,NA,NA,"",NA,NA,NA,-79309.77,227576.41,1,"S",-0.350928185840708,1.00697526548673
NA,"Sky-H2-4",-68.26826,231.12877,NA,NA,NA,NA,239.6030982,-20.895171813,NA,NA,NA,NA,NA,NA,NA,NA,NA,NA,NA,NA,NA,"",NA,NA,NA,-68268.26,231128.77,1,"S",-0.302071946902655,1.02269367256637
NA,"Sky-H2-5",-57.06862,234.14576,NA,NA,NA,NA,239.6530643,-20.882696147,NA,NA,NA,NA,NA,NA,NA,NA,NA,NA,NA,NA,NA,"",NA,NA,NA,-57068.62,234145.76,1,"S",-0.252516017699115,1.03604318584071
NA,"Sky-H2-6",-45.73679,236.62039,NA,NA,NA,NA,239.7036076,-20.872467346,NA,NA,NA,NA,NA,NA,NA,NA,NA,NA,NA,NA,NA,"",NA,NA,NA,-45736.79,236620.39,1,"S",-0.20237517699115,1.04699287610619
NA,"Sky-H2-7",-34.29902,238.54693,NA,NA,NA,NA,239.7546131,-20.864508619,NA,NA,NA,NA,NA,NA,NA,NA,NA,NA,NA,NA,NA,"",NA,NA,NA,-34299.02,238546.93,1,"S",-0.151765575221239,1.05551738938053
NA,"Sky-H2-8",-22.78326,239.92079,NA,NA,NA,NA,239.8059582,-20.858838529,NA,NA,NA,NA,NA,NA,NA,NA,NA,NA,NA,NA,NA,"",NA,NA,NA,-22783.26,239920.79,1,"S",-0.100810884955752,1.0615964159292
NA,"Sky-H3-1",184.61356,154.91577,NA,NA,NA,NA,240.7321204,-21.211305456,NA,NA,NA,NA,NA,NA,NA,NA,NA,NA,NA,NA,NA,"",NA,NA,NA,184613.56,154915.77,1,"S",0.816874159292035,0.685468008849557
NA,"Sky-H3-2",191.8534,145.85382,NA,NA,NA,NA,240.7646522,-21.248895266,NA,NA,NA,NA,NA,NA,NA,NA,NA,NA,NA,NA,NA,"",NA,NA,NA,191853.4,145853.82,1,"S",0.848908849557522,0.645370884955752
NA,"Sky-H3-3",198.64884,136.45402,NA,NA,NA,NA,240.7952215,-21.287893573,NA,NA,NA,NA,NA,NA,NA,NA,NA,NA,NA,NA,NA,"",NA,NA,NA,198648.84,136454.02,1,"S",0.878977168141593,0.603778849557522
NA,"Sky-H3-4",204.98415,126.73816,NA,NA,NA,NA,240.8237571,-21.328210934,NA,NA,NA,NA,NA,NA,NA,NA,NA,NA,NA,NA,NA,"",NA,NA,NA,204984.15,126738.16,1,"S",0.907009513274336,0.560788318584071
NA,"Sky-H3-5",210.84465,116.72873,NA,NA,NA,NA,240.8501921,-21.369754964,NA,NA,NA,NA,NA,NA,NA,NA,NA,NA,NA,NA,NA,"",NA,NA,NA,210844.65,116728.73,1,"S",0.93294092920354,0.516498805309734
NA,"Sky-H3-6",216.21677,106.44891,NA,NA,NA,NA,240.8744643,-21.412430368,NA,NA,NA,NA,NA,NA,NA,NA,NA,NA,NA,NA,NA,"",NA,NA,NA,216216.77,106448.91,1,"S",0.956711371681416,0.471012876106195
NA,"Sky-H3-7",221.08806,95.92253,NA,NA,NA,NA,240.8965165,-21.456139097,NA,NA,NA,NA,NA,NA,NA,NA,NA,NA,NA,NA,NA,"",NA,NA,NA,221088.06,95922.53,1,"S",0.978265752212389,0.424435973451327
NA,"Sky-H3-8",225.44672,85.17533,NA,NA,NA,NA,240.9162937,-21.500775104,NA,NA,NA,NA,NA,NA,NA,NA,NA,NA,NA,NA,NA,"",NA,NA,NA,225446.72,85175.33,1,"S",0.99755185840708,0.376881991150442
NA,"Sky-H4-1",239.9828,-22.12059,NA,NA,NA,NA,240.9843833,-21.947010159,NA,NA,NA,NA,NA,NA,NA,NA,NA,NA,NA,NA,NA,"",NA,NA,NA,239982.8,-22120.59,1,"S",1.06187079646018,-0.0978787168141593
NA,"Sky-H4-2",238.64054,-33.64155,NA,NA,NA,NA,240.9786933,-21.994993504,NA,NA,NA,NA,NA,NA,NA,NA,NA,NA,NA,NA,NA,"",NA,NA,NA,238640.54,-33641.55,1,"S",1.05593159292035,-0.148856415929204
NA,"Sky-H4-3",236.74552,-45.08459,NA,NA,NA,NA,240.9705168,-22.042666055,NA,NA,NA,NA,NA,NA,NA,NA,NA,NA,NA,NA,NA,"",NA,NA,NA,236745.52,-45084.59,1,"S",1.04754654867257,-0.199489336283186
NA,"Sky-H4-4",234.30213,-56.42319,NA,NA,NA,NA,240.9598706,-22.089917148,NA,NA,NA,NA,NA,NA,NA,NA,NA,NA,NA,NA,NA,"",NA,NA,NA,234302.13,-56423.19,1,"S",1.03673508849558,-0.249660132743363
NA,"Sky-H4-5",231.31601,-67.6311,NA,NA,NA,NA,240.9467768,-22.13663712,NA,NA,NA,NA,NA,NA,NA,NA,NA,NA,NA,NA,NA,"",NA,NA,NA,231316.01,-67631.1,1,"S",1.02352216814159,-0.299252654867257
NA,"Sky-H4-6",227.79409,-78.68236,NA,NA,NA,NA,240.9312638,-22.182717387,NA,NA,NA,NA,NA,NA,NA,NA,NA,NA,NA,NA,NA,"",NA,NA,NA,227794.09,-78682.36,1,"S",1.00793845132743,-0.34815203539823
NA,"Sky-H4-7",223.74453,-89.55136,NA,NA,NA,NA,240.9133654,-22.228050704,NA,NA,NA,NA,NA,NA,NA,NA,NA,NA,NA,NA,NA,"",NA,NA,NA,223744.53,-89551.36,1,"S",0.990020044247788,-0.396244955752212
NA,"Sky-H4-8",219.17732,-100.21161,NA,NA,NA,NA,240.8931238,-22.272526037,NA,NA,NA,NA,NA,NA,NA,NA,NA,NA,NA,NA,NA,"",NA,NA,NA,219177.32,-100211.61,1,"S",0.969811150442478,-0.443414203539823
NA,"Sky-H5-1",41.83481,-237.34134,NA,NA,NA,NA,240.096349,-22.84589213,NA,NA,NA,NA,NA,NA,NA,NA,NA,NA,NA,NA,NA,"",NA,NA,NA,41834.81,-237341.34,1,"S",0.185109778761062,-1.05018292035398
NA,"Sky-H5-2",30.36687,-239.07931,NA,NA,NA,NA,240.0445779,-22.853183308,NA,NA,NA,NA,NA,NA,NA,NA,NA,NA,NA,NA,NA,"",NA,NA,NA,30366.87,-239079.31,1,"S",0.134366681415929,-1.05787305309735
NA,"Sky-H5-3",18.8286,-240.26349,NA,NA,NA,NA,239.9924813,-22.858155436,NA,NA,NA,NA,NA,NA,NA,NA,NA,NA,NA,NA,NA,"",NA,NA,NA,18828.6,-240263.49,1,"S",0.083312389380531,-1.06311278761062
NA,"Sky-H5-4",7.2467,-240.89115,NA,NA,NA,NA,239.9401823,-22.860796729,NA,NA,NA,NA,NA,NA,NA,NA,NA,NA,NA,NA,NA,"",NA,NA,NA,7246.7,-240891.15,1,"S",0.0320650442477876,-1.06589004424779
NA,"Sky-H5-5",-4.35197,-240.96083,NA,NA,NA,NA,239.8878045,-22.861100822,NA,NA,NA,NA,NA,NA,NA,NA,NA,NA,NA,NA,NA,"",NA,NA,NA,-4351.97,-240960.83,1,"S",-0.0192565044247788,-1.06619836283186
NA,"Sky-H5-6",-15.94057,-240.47237,NA,NA,NA,NA,239.8354716,-22.859066899,NA,NA,NA,NA,NA,NA,NA,NA,NA,NA,NA,NA,NA,"",NA,NA,NA,-15940.57,-240472.37,1,"S",-0.0705334955752212,-1.06403703539823
NA,"Sky-H5-7",-27.49224,-239.4269,NA,NA,NA,NA,239.7833074,-22.85469965,NA,NA,NA,NA,NA,NA,NA,NA,NA,NA,NA,NA,NA,"",NA,NA,NA,-27492.24,-239426.9,1,"S",-0.121647079646018,-1.0594110619469
NA,"Sky-H5-8",-38.97879,-237.82707,NA,NA,NA,NA,239.7314416,-22.848010235,NA,NA,NA,NA,NA,NA,NA,NA,NA,NA,NA,NA,NA,"",NA,NA,NA,-38978.79,-237827.07,1,"S",-0.172472522123894,-1.05233216814159
NA,"Sky-H6-1",-58.36925,-233.82492,NA,NA,NA,NA,239.6439036,-22.831266802,NA,NA,NA,NA,NA,NA,NA,NA,NA,NA,NA,NA,NA,"",NA,NA,NA,-58369.25,-233824.92,1,"S",-0.258271017699115,-1.03462353982301
NA,"Sky-H6-2",-69.55194,-230.74573,NA,NA,NA,NA,239.5934334,-22.818381566,NA,NA,NA,NA,NA,NA,NA,NA,NA,NA,NA,NA,NA,"",NA,NA,NA,-69551.94,-230745.73,1,"S",-0.307751946902655,-1.02099880530973
NA,"Sky-H6-3",-80.57354,-227.13205,NA,NA,NA,NA,239.5437032,-22.803258487,NA,NA,NA,NA,NA,NA,NA,NA,NA,NA,NA,NA,NA,"",NA,NA,NA,-80573.54,-227132.05,1,"S",-0.356520088495575,-1.00500907079646
NA,"Sky-H6-4",-91.4085,-222.99226,NA,NA,NA,NA,239.4948304,-22.785933176,NA,NA,NA,NA,NA,NA,NA,NA,NA,NA,NA,NA,NA,"",NA,NA,NA,-91408.5,-222992.26,1,"S",-0.404462389380531,-0.986691415929204
NA,"Sky-H6-5",-102.03172,-218.33596,NA,NA,NA,NA,239.44693,-22.766446436,NA,NA,NA,NA,NA,NA,NA,NA,NA,NA,NA,NA,NA,"",NA,NA,NA,-102031.72,-218335.96,1,"S",-0.45146778761062,-0.966088318584071
NA,"Sky-H6-6",-112.41861,-213.17391,NA,NA,NA,NA,239.4001148,-22.744844008,NA,NA,NA,NA,NA,NA,NA,NA,NA,NA,NA,NA,NA,"",NA,NA,NA,-112418.61,-213173.91,1,"S",-0.497427477876106,-0.943247389380531
NA,"Sky-H6-7",-122.54511,-207.51809,NA,NA,NA,NA,239.3544946,-22.721176796,NA,NA,NA,NA,NA,NA,NA,NA,NA,NA,NA,NA,NA,"",NA,NA,NA,-122545.11,-207518.09,1,"S",-0.542235,-0.918221637168142
NA,"Sky-H6-8",-132.38652,-201.3824,NA,NA,NA,NA,239.310182,-22.69550381,NA,NA,NA,NA,NA,NA,NA,NA,NA,NA,NA,NA,NA,"",NA,NA,NA,-132386.52,-201382.4,1,"S",-0.585781061946903,-0.891072566371681
NA,"Sky-H7-1",-207.18967,-123.09956,NA,NA,NA,NA,238.9746397,-22.368230691,NA,NA,NA,NA,NA,NA,NA,NA,NA,NA,NA,NA,NA,"",NA,NA,NA,-207189.67,-123099.56,1,"S",-0.916768451327434,-0.544688318584071
NA,"Sky-H7-2",-212.87255,-112.98823,NA,NA,NA,NA,238.949314,-22.326000532,NA,NA,NA,NA,NA,NA,NA,NA,NA,NA,NA,NA,NA,"",NA,NA,NA,-212872.55,-112988.23,1,"S",-0.941913938053097,-0.499947920353982
NA,"Sky-H7-3",-218.06235,-102.61518,NA,NA,NA,NA,238.926228,-22.282687716,NA,NA,NA,NA,NA,NA,NA,NA,NA,NA,NA,NA,NA,"",NA,NA,NA,-218062.35,-102615.18,1,"S",-0.964877654867257,-0.454049469026549
NA,"Sky-H7-4",-222.74704,-92.00444,NA,NA,NA,NA,238.9054338,-22.23839343,NA,NA,NA,NA,NA,NA,NA,NA,NA,NA,NA,NA,NA,"",NA,NA,NA,-222747.04,-92004.44,1,"S",-0.985606371681416,-0.407099292035398
NA,"Sky-H7-5",-226.91579,-81.18059,NA,NA,NA,NA,238.886978,-22.193221071,NA,NA,NA,NA,NA,NA,NA,NA,NA,NA,NA,NA,NA,"",NA,NA,NA,-226915.79,-81180.59,1,"S",-1.00405216814159,-0.359206150442478
NA,"Sky-H7-6",-230.55892,-70.1687,NA,NA,NA,NA,238.8709016,-22.147275993,NA,NA,NA,NA,NA,NA,NA,NA,NA,NA,NA,NA,NA,"",NA,NA,NA,-230558.92,-70168.7,1,"S",-1.02017221238938,-0.310480973451327
NA,"Sky-H7-7",-233.66801,-58.99428,NA,NA,NA,NA,238.8572399,-22.100665277,NA,NA,NA,NA,NA,NA,NA,NA,NA,NA,NA,NA,NA,"",NA,NA,NA,-233668.01,-58994.28,1,"S",-1.03392924778761,-0.261036637168142
NA,"Sky-H7-8",-236.23556,-47.68464,NA,NA,NA,NA,238.8460237,-22.053503409,NA,NA,NA,NA,NA,NA,NA,NA,NA,NA,NA,NA,NA,"",NA,NA,NA,-236235.56,-47684.64,1,"S",-1.04529008849558,-0.210993982300885
