#OBSTEMP,8
#CONFIGTEMP,19
#EQUINOX,J2000.0
#CENTRE,15 59 56.32,-22 00 55.2 #Field centre
#UTTIME,12 00 00.00 #Target observing time
#UTDATE,2021 07 10 #Target observing date
#PLATEID,a test_plateID
#LABEL,240_m20_comissioning Tile 004
#TILING_DATE,2021 06 07 # Date the tile was created/configured
#PROXIMITY,220 # tiling proximity value in arcseconds
"probe","ID","x","y","rads","angs","azAngs","angs_azAng","RA","DEC","g_mag","r_mag","i_mag","z_mag","y_mag","GAIA_g_mag","GAIA_bp_mag","GAIA_rp_mag","pmRA","pmDEC","priority","remaining_observations","Tile_number","COMPLETED","MagnetX_noDC","MagnetY_noDC","type","MagnetX","MagnetY","Position","fibre_type","fraction_plate_radius_X","fraction_plate_radius_Y"
1,"6243350077076498688",116.58444,7.75182,116.841869051406,4.07510436498521,3.20798596010629,0.86711840487892,240.52162,-21.98137,16.444299697876,15.8968000411987,15.6438999176025,15.539999961853,15.4375,15.903899,16.361235,15.274151,4.93090453243647,-7.86786902597978,1,1,-999,"False",121350.575824177,7673.16193406542,1,116584.44,7751.82,NA,"P",0.515860353982301,0.0343000884955752
2,"6246639231749168000",-80.04013,187.88501,204.223405595727,0.57450102476676,-1.16807394909189,1.74257497385865,239.62314,-21.223742,17.9281005859375,17.1576995849609,16.8470001220703,16.6648998260498,16.5534000396729,17.19704,17.789295,16.455923,1.8553517503444,1.99804651519139,1,1,-999,"False",-81705.9041758305,178897.089934066,1,-80040.13,187885.01,NA,"P",-0.354159867256637,0.831349601769912
3,"6243426699291258240",-27.94986,-38.14068,47.2853692476013,3.73584079541951,0.938388094417688,2.79745270100182,239.85497,-22.17915,18.4505996704102,17.8017997741699,17.5249996185303,17.4030990600586,17.2765007019043,17.836563,18.348148,17.163042,-5.94812210992522,2.91003290963802,1,1,-999,"False",-29312.3241758236,-37025.1180659341,1,-27949.86,-38140.68,NA,"P",-0.123671946902655,-0.16876407079646
4,"6246640228181571584",-45.21148,198.77891,203.855667040626,2.7995580358863,-1.34715491197414,4.14671294786044,239.78052,-21.17809,17.3372001647949,16.8374996185303,16.6198997497559,16.5249996185303,16.4484996795654,16.849222,17.284506,16.251091,-7.79898929002937,-0.905740485019211,1,1,-999,"False",-46138.0241758201,189214.441934066,1,-45211.48,198778.91,NA,"P",-0.200050796460177,0.879552699115044
5,"6243197004442587648",96.27281,-158.02125,185.038291704335,4.33466247874608,2.11798199779993,2.21668048094615,240.42528,-22.682076,14.9630002975464,14.4804000854492,14.2792997360229,14.1688003540039,14.0803003311157,14.524049,14.810827,13.8445215,-8.83471780825841,-10.6366790510657,1,1,-999,"False",99577.7358241714,-150686.394065935,1,96272.81,-158021.25,NA,"P",0.425985884955752,-0.69920907079646
6,"6243526136374490496",-106.17088,86.62624,137.026863120017,-0.180275846995363,-0.684369173644115,0.504093326648753,239.49803,-21.645514,15.1096000671387,14.2653999328613,13.8892002105713,13.6648998260498,13.5167999267578,14.265546,14.933168,13.482567,-0.619901260421178,-5.65251037597855,1,1,-999,"False",-109980.764175832,83576.6179340653,1,-106170.88,86626.24,NA,"P",-0.469782654867257,0.383301946902655
7,"6243425015664097280",-46.29106,-42.92564,63.1306011798811,-0.806665054179737,0.7476941786146,4.72882607438525,239.77011,-22.199377,18.2625007629395,17.6630992889404,17.3987007141113,17.2833995819092,17.1844997406006,17.690893,18.10731,17.038286,-1.23733037005704,0.68875371737339,1,1,-999,"False",-48490.6841758218,-41596.4200659338,1,-46291.06,-42925.64,NA,"P",-0.204827699115044,-0.189936460176991
8,"6243223598880148224",131.90806,-118.25976,177.158423813888,4.44314961932289,2.41069703614752,2.03245258317537,240.58865,-22.514475,17.0956001281738,16.4018001556396,16.1023006439209,15.9364004135132,15.8259000778198,16.42046,16.957653,15.706269,-2.6698085094841,-2.13671188536707,1,1,-999,"False",136499.355824175,-112808.568065934,1,131908.06,-118259.76,NA,"P",0.583663982300885,-0.523273274336283
9,"6243252564139920000",79.86349,-42.01746,90.2421408203047,3.8435039110432,2.65727118769501,1.18623272334819,240.35385,-22.194769,18.7136001586914,17.3325996398926,16.3745002746582,15.9055004119873,15.6504001617432,17.053514,18.236355,15.934769,-8.95843256499353,1.18301434303228,1,1,-999,"False",83434.5558241731,-40555.0120659344,1,79863.49,-42017.46,NA,"P",0.353378274336283,-0.18591796460177
10,"6243243664967647360",39.30002,-83.19234,92.0079181737963,3.73302786763177,2.01212075300117,1.7209071146306,240.16652,-22.371231,18.2919998168945,17.8080997467041,17.6018009185791,17.5016002655029,17.4279003143311,17.893549,18.120272,17.009161,-9.25431229013332,-11.8417911748312,1,1,-999,"False",41097.9758241789,-80435.4240659337,1,39300.02,-83192.34,NA,"P",0.17389389380531,-0.368107699115044
11,"6243356674146874752",195.26906,45.5615,200.513979750873,0.947392506459175,3.37081836702128,3.85975944661748,240.8706,-21.821096,17.6263999938965,17.096700668335,16.8631000518799,16.7649002075195,16.6758003234863,17.113861,17.539461,16.489302,-4.67805791178645,-12.901940728825,1,1,-999,"False",200220.055824174,43895.0859340657,1,195269.06,45561.5,NA,"P",0.864022389380531,0.201599557522124
12,"6243444016599320192",70.55017,-4.09102,70.6686842361544,3.89364866287841,3.0836701308389,0.809978532039508,240.31105,-22.03256,17.7429008483887,17.1138000488281,16.7982006072998,16.6320991516113,16.5233001708984,17.126781,17.64804,16.420609,-2.58619979129202,-3.6691983133819,1,1,-999,"False",73761.7558241732,-3895.77806593419,1,70550.17,-4091.02,NA,"P",0.31216889380531,-0.0181018584070796
13,"6243398794881374848",-23.95794,-125.68421,127.947268561575,1.80523020792002,1.3824359285485,0.422794279371522,239.87404,-22.551182,16.5758991241455,16.0182991027832,15.7818002700806,15.6676998138428,15.5858001708984,16.037931,16.487587,15.408717,4.53936542796138,-6.76646195018337,1,1,-999,"False",-25002.5041758302,-121104.350065934,1,-23957.94,-125684.21,NA,"P",-0.106008584070796,-0.55612482300885
14,"6246522271198769280",-172.08365,116.58285,207.856545510227,2.92639063869277,-0.595449925162418,3.52184056385519,239.20644,-21.52297,19.301700592041,17.8852005004883,16.906099319458,16.4375,16.1616992950439,17.6024,18.744709,16.454502,-16.2080993775597,-5.34792863443373,1,1,-999,"False",-175880.104175829,111271.561934066,1,-172083.65,116582.85,NA,"P",-0.761432079646018,0.515853318584071
15,"6237407972639200128",-123.69814,-133.9111,182.300336101362,2.50164355256521,0.825022574145567,1.67662097841964,239.41841,-22.580317,17.8724994659424,17.2504005432129,16.9871997833252,16.8462009429932,16.7541007995605,17.27963,17.75313,16.59495,-3.9555802410455,-0.319423528216867,1,1,-999,"False",-127974.88417582,-127688.860065934,1,-123698.14,-133911.1,NA,"P",-0.547336902654867,-0.592526991150442
16,"6243479510209815936",-64.14224,3.10759,64.2174747854951,3.54166995995777,-0.0484105636047332,3.5900805235625,239.68779,-22.001703,18.3376998901367,17.5349006652832,17.1702995300293,16.9708995819092,16.8257999420166,17.557644,18.17881,16.787066,-0.00751554807823163,-10.2220941081664,1,1,-999,"False",-67095.0041758305,3077.90393406604,1,-64142.24,3107.59,NA,"P",-0.283815221238938,0.0137503982300885
17,"6243226347659334656",74.19275,-114.17938,136.167158190758,0.984990672900613,2.14702471047434,5.12115126960586,240.32663,-22.501207,16.7583999633789,15.9561996459961,15.6069002151489,15.4210996627808,15.2896003723145,15.971109,16.576742,15.214188,0.357476916800086,-6.75854004372753,1,1,-999,"False",77282.8358241732,-109810.000065934,1,74192.75,-114179.38,NA,"P",0.328286504424779,-0.505218495575221
18,"6243536787893395840",-41.30974,136.67263,142.779208605401,3.04205147931686,-1.27727365889575,4.3193251382126,239.79578,-21.433416,18.2371997833252,17.3850002288818,16.9890003204346,16.8178005218506,16.646900177002,17.397148,18.044527,16.610966,-15.3465415839839,-4.09931170691485,1,1,-999,"False",-42689.2641758303,131510.765934066,1,-41309.74,136672.63,NA,"P",-0.182786460176991,0.604746150442478
19,"6243140929349457280",67.00631,-206.10454,216.723157480754,4.50943254988519,1.88512623511225,2.62430631477293,240.28964,-22.879421,17.5914001464844,16.9186992645264,16.609899520874,16.4451999664307,16.3229999542236,16.938427,17.4764,16.224419,0.172447284186392,-7.11124479288785,1,1,-999,"False",68923.0958241725,-195286.364065934,1,67006.31,-206104.54,NA,"P",0.296488097345133,-0.911966991150443
20,"6246492790542494848",-201.24642,4.09123,201.288001941818,4.41796839828345,-0.0203266548676666,4.43829505315111,239.07031,-21.995502,15.9406003952026,15.7441997528076,15.7137002944946,15.7135000228882,15.6552000045776,15.730034,15.952717,15.350487,-3.94638379685808,0.126823196988606,1,NA,NA,"",-206645.484175824,4479.32993406621,0,-201246.42,4091.23,NA,"P",-0.890470884955752,0.0181027876106195
21,"6237466624712874112",-157.78923,-58.99011,168.455555508879,4.92946434654561,0.357765441739035,4.57169890480657,239.2619,-22.263756,15.9068002700806,15.6077995300293,15.5130996704102,15.4772996902466,15.4285001754761,15.611744,15.885537,15.147994,-2.58136463474449,-2.44543988826352,1,NA,NA,"",-163346.144175826,-56146.0740659343,0,-157789.23,-58990.11,NA,"P",-0.698182433628319,-0.261018185840708
NA,"Sky-A1-1",-226.46104,82.44066,NA,NA,NA,NA,238.9695944,-21.668735502,NA,NA,NA,NA,NA,NA,NA,NA,NA,NA,NA,NA,NA,"",NA,NA,NA,-226461.04,82440.66,1,"S",-1.00204,0.364781681415929
NA,"Sky-A1-2",-222.23219,93.24117,NA,NA,NA,NA,238.9888439,-21.623856679,NA,NA,NA,NA,NA,NA,NA,NA,NA,NA,NA,NA,NA,"",NA,NA,NA,-222232.19,93241.17,1,"S",-0.983328274336283,0.412571548672566
NA,"Sky-A1-3",-217.48859,103.8257,NA,NA,NA,NA,239.0103825,-21.579887643,NA,NA,NA,NA,NA,NA,NA,NA,NA,NA,NA,NA,NA,"",NA,NA,NA,-217488.59,103825.7,1,"S",-0.96233889380531,0.459405752212389
NA,"Sky-A1-4",-212.24121,114.16975,NA,NA,NA,NA,239.0341591,-21.536929472,NA,NA,NA,NA,NA,NA,NA,NA,NA,NA,NA,NA,NA,"",NA,NA,NA,-212241.21,114169.75,1,"S",-0.939120398230089,0.505175884955752
NA,"Sky-A1-5",-206.50222,124.24934,NA,NA,NA,NA,239.0601169,-21.495080997,NA,NA,NA,NA,NA,NA,NA,NA,NA,NA,NA,NA,NA,"",NA,NA,NA,-206502.22,124249.34,1,"S",-0.913726637168142,0.549775840707965
NA,"Sky-A1-6",-200.2849,134.04112,NA,NA,NA,NA,239.0881948,-21.454438351,NA,NA,NA,NA,NA,NA,NA,NA,NA,NA,NA,NA,NA,"",NA,NA,NA,-200284.9,134041.12,1,"S",-0.886216371681416,0.593102300884956
NA,"Sky-A1-7",-193.60365,143.52243,NA,NA,NA,NA,239.1183268,-21.415094729,NA,NA,NA,NA,NA,NA,NA,NA,NA,NA,NA,NA,NA,"",NA,NA,NA,-193603.65,143522.43,1,"S",-0.856653318584071,0.635055
NA,"Sky-A2-1",-3.01251,240.9813,NA,NA,NA,NA,239.9712613,-21.011415995,NA,NA,NA,NA,NA,NA,NA,NA,NA,NA,NA,NA,NA,"",NA,NA,NA,-3012.51,240981.3,1,"S",-0.0133296902654867,1.0662889380531
NA,"Sky-A2-2",8.5856,240.84715,NA,NA,NA,NA,240.0230167,-21.011988976,NA,NA,NA,NA,NA,NA,NA,NA,NA,NA,NA,NA,NA,"",NA,NA,NA,8585.6,240847.15,1,"S",0.0379893805309735,1.0656953539823
NA,"Sky-A2-3",20.16382,240.15512,NA,NA,NA,NA,240.0746835,-21.014871102,NA,NA,NA,NA,NA,NA,NA,NA,NA,NA,NA,NA,NA,"",NA,NA,NA,20163.82,240155.12,1,"S",0.0892204424778761,1.06263327433628
NA,"Sky-A2-4",31.69534,238.90682,NA,NA,NA,NA,240.1261441,-21.020055681,NA,NA,NA,NA,NA,NA,NA,NA,NA,NA,NA,NA,NA,"",NA,NA,NA,31695.34,238906.82,1,"S",0.140244867256637,1.05710982300885
NA,"Sky-A2-5",43.15344,237.10513,NA,NA,NA,NA,240.1772816,-21.027530848,NA,NA,NA,NA,NA,NA,NA,NA,NA,NA,NA,NA,NA,"",NA,NA,NA,43153.44,237105.13,1,"S",0.190944424778761,1.04913774336283
NA,"Sky-A2-6",54.51158,234.75423,NA,NA,NA,NA,240.2279798,-21.037279452,NA,NA,NA,NA,NA,NA,NA,NA,NA,NA,NA,NA,NA,"",NA,NA,NA,54511.58,234754.23,1,"S",0.241201681415929,1.03873553097345
NA,"Sky-A2-7",65.74346,231.85957,NA,NA,NA,NA,240.2781233,-21.049279171,NA,NA,NA,NA,NA,NA,NA,NA,NA,NA,NA,NA,NA,"",NA,NA,NA,65743.46,231859.57,1,"S",0.290900265486726,1.02592730088496
NA,"Sky-A3-1",231.67752,66.38214,NA,NA,NA,NA,241.0229855,-21.735765934,NA,NA,NA,NA,NA,NA,NA,NA,NA,NA,NA,NA,NA,"",NA,NA,NA,231677.52,66382.14,1,"S",1.0251217699115,0.293726283185841
NA,"Sky-A3-2",234.60313,55.15828,NA,NA,NA,NA,241.0364079,-21.782412134,NA,NA,NA,NA,NA,NA,NA,NA,NA,NA,NA,NA,NA,"",NA,NA,NA,234603.13,55158.28,1,"S",1.03806694690265,0.244063185840708
NA,"Sky-A3-3",236.98531,43.80666,NA,NA,NA,NA,241.0474062,-21.829601678,NA,NA,NA,NA,NA,NA,NA,NA,NA,NA,NA,NA,NA,"",NA,NA,NA,236985.31,43806.66,1,"S",1.04860756637168,0.193834778761062
NA,"Sky-A3-4",238.81857,32.35357,NA,NA,NA,NA,241.055953,-21.877225813,NA,NA,NA,NA,NA,NA,NA,NA,NA,NA,NA,NA,NA,"",NA,NA,NA,238818.57,32353.57,1,"S",1.05671933628319,0.143157389380531
NA,"Sky-A3-5",240.09865,20.82553,NA,NA,NA,NA,241.0620265,-21.925174717,NA,NA,NA,NA,NA,NA,NA,NA,NA,NA,NA,NA,NA,"",NA,NA,NA,240098.65,20825.53,1,"S",1.06238340707965,0.0921483628318584
NA,"Sky-A3-6",240.82258,9.24926,NA,NA,NA,NA,241.0656101,-21.973337617,NA,NA,NA,NA,NA,NA,NA,NA,NA,NA,NA,NA,NA,"",NA,NA,NA,240822.58,9249.26,1,"S",1.06558663716814,0.0409259292035398
NA,"Sky-A3-7",240.98869,2.34844,NA,NA,NA,NA,241.0665565,-22.002054825,NA,NA,NA,NA,NA,NA,NA,NA,NA,NA,NA,NA,NA,"",NA,NA,NA,240988.69,2348.44,1,"S",1.06632163716814,0.0103913274336283
NA,"Sky-A4-1",210.21182,-117.86456,NA,NA,NA,NA,240.9315172,-22.503119564,NA,NA,NA,NA,NA,NA,NA,NA,NA,NA,NA,NA,NA,"",NA,NA,NA,210211.82,-117864.56,1,"S",0.930140796460177,-0.521524601769911
NA,"Sky-A4-2",204.2974,-127.84223,NA,NA,NA,NA,240.9051364,-22.54477985,NA,NA,NA,NA,NA,NA,NA,NA,NA,NA,NA,NA,NA,"",NA,NA,NA,204297.4,-127842.23,1,"S",0.903970796460177,-0.565673584070796
NA,"Sky-A4-3",197.90977,-137.52377,NA,NA,NA,NA,240.8766016,-22.585214822,NA,NA,NA,NA,NA,NA,NA,NA,NA,NA,NA,NA,NA,"",NA,NA,NA,197909.77,-137523.77,1,"S",0.875706946902655,-0.608512256637168
NA,"Sky-A4-4",191.06371,-146.88677,NA,NA,NA,NA,240.8459775,-22.624329996,NA,NA,NA,NA,NA,NA,NA,NA,NA,NA,NA,NA,NA,"",NA,NA,NA,191063.71,-146886.77,1,"S",0.845414646017699,-0.649941460176991
NA,"Sky-A4-5",183.77509,-155.90952,NA,NA,NA,NA,240.8133344,-22.662033741,NA,NA,NA,NA,NA,NA,NA,NA,NA,NA,NA,NA,NA,"",NA,NA,NA,183775.09,-155909.52,1,"S",0.813164115044248,-0.689865132743363
NA,"Sky-A4-6",176.06079,-164.57115,NA,NA,NA,NA,240.7787469,-22.698237865,NA,NA,NA,NA,NA,NA,NA,NA,NA,NA,NA,NA,NA,"",NA,NA,NA,176060.79,-164571.15,1,"S",0.779030044247788,-0.72819092920354
NA,"Sky-A4-7",167.93867,-172.85157,NA,NA,NA,NA,240.7422948,-22.732857389,NA,NA,NA,NA,NA,NA,NA,NA,NA,NA,NA,NA,NA,"",NA,NA,NA,167938.67,-172851.57,1,"S",0.743091460176991,-0.764829955752212
NA,"Sky-A5-1",-148.4702,-189.83588,NA,NA,NA,NA,239.3142287,-22.804124218,NA,NA,NA,NA,NA,NA,NA,NA,NA,NA,NA,NA,NA,"",NA,NA,NA,-148470.2,-189835.88,1,"S",-0.656947787610619,-0.839981769911504
NA,"Sky-A5-2",-157.43205,-182.47249,NA,NA,NA,NA,239.2739012,-22.773323226,NA,NA,NA,NA,NA,NA,NA,NA,NA,NA,NA,NA,NA,"",NA,NA,NA,-157432.05,-182472.49,1,"S",-0.696601991150442,-0.807400398230088
NA,"Sky-A5-3",-166.02924,-174.68645,NA,NA,NA,NA,239.2352445,-22.740759339,NA,NA,NA,NA,NA,NA,NA,NA,NA,NA,NA,NA,NA,"",NA,NA,NA,-166029.24,-174686.45,1,"S",-0.734642654867257,-0.77294889380531
NA,"Sky-A5-4",-174.24185,-166.49577,NA,NA,NA,NA,239.1983485,-22.706508917,NA,NA,NA,NA,NA,NA,NA,NA,NA,NA,NA,NA,NA,"",NA,NA,NA,-174241.85,-166495.77,1,"S",-0.770981637168142,-0.736706946902655
NA,"Sky-A5-5",-182.05086,-157.91943,NA,NA,NA,NA,239.1632985,-22.670652361,NA,NA,NA,NA,NA,NA,NA,NA,NA,NA,NA,NA,NA,"",NA,NA,NA,-182050.86,-157919.43,1,"S",-0.805534778761062,-0.698758539823009
NA,"Sky-A5-6",-189.43818,-148.97731,NA,NA,NA,NA,239.1301756,-22.633273825,NA,NA,NA,NA,NA,NA,NA,NA,NA,NA,NA,NA,NA,"",NA,NA,NA,-189438.18,-148977.31,1,"S",-0.83822203539823,-0.659191637168142
NA,"Sky-A5-7",-196.38671,-139.6901,NA,NA,NA,NA,239.0990561,-22.594460824,NA,NA,NA,NA,NA,NA,NA,NA,NA,NA,NA,NA,NA,"",NA,NA,NA,-196386.71,-139690.1,1,"S",-0.868967743362832,-0.61809778761062
NA,"Sky-H1-1",-181.17025,158.92893,NA,NA,NA,NA,239.1743101,-21.351186086,NA,NA,NA,NA,NA,NA,NA,NA,NA,NA,NA,NA,NA,"",NA,NA,NA,-181170.25,158928.93,1,"S",-0.801638274336283,0.703225353982301
NA,"Sky-H1-2",-173.31368,167.46173,NA,NA,NA,NA,239.2096361,-21.315802709,NA,NA,NA,NA,NA,NA,NA,NA,NA,NA,NA,NA,NA,"",NA,NA,NA,-173313.68,167461.73,1,"S",-0.766874690265487,0.74098110619469
NA,"Sky-H1-3",-165.05567,175.60663,NA,NA,NA,NA,239.2467329,-21.282036092,NA,NA,NA,NA,NA,NA,NA,NA,NA,NA,NA,NA,NA,"",NA,NA,NA,-165055.67,175606.63,1,"S",-0.73033482300885,0.777020486725664
NA,"Sky-H1-4",-156.41534,183.34477,NA,NA,NA,NA,239.2855146,-21.249963451,NA,NA,NA,NA,NA,NA,NA,NA,NA,NA,NA,NA,NA,"",NA,NA,NA,-156415.34,183344.77,1,"S",-0.692103274336283,0.811260044247788
NA,"Sky-H1-5",-147.4127,190.65822,NA,NA,NA,NA,239.3258916,-21.219658131,NA,NA,NA,NA,NA,NA,NA,NA,NA,NA,NA,NA,NA,"",NA,NA,NA,-147412.7,190658.22,1,"S",-0.652268584070796,0.843620442477876
NA,"Sky-H1-6",-138.06861,197.53006,NA,NA,NA,NA,239.3677709,-21.191189287,NA,NA,NA,NA,NA,NA,NA,NA,NA,NA,NA,NA,NA,"",NA,NA,NA,-138068.61,197530.06,1,"S",-0.610923053097345,0.874026814159292
NA,"Sky-H1-7",-128.4047,203.94434,NA,NA,NA,NA,239.4110561,-21.164622047,NA,NA,NA,NA,NA,NA,NA,NA,NA,NA,NA,NA,NA,"",NA,NA,NA,-128404.7,203944.34,1,"S",-0.568162389380531,0.902408584070796
NA,"Sky-H1-8",-118.44464,209.88551,NA,NA,NA,NA,239.4556419,-21.140019903,NA,NA,NA,NA,NA,NA,NA,NA,NA,NA,NA,NA,NA,"",NA,NA,NA,-118444.64,209885.51,1,"S",-0.524091327433628,0.928696946902655
NA,"Sky-H2-1",-100.81652,218.89973,NA,NA,NA,NA,239.534499,-21.102703662,NA,NA,NA,NA,NA,NA,NA,NA,NA,NA,NA,NA,NA,"",NA,NA,NA,-100816.52,218899.73,1,"S",-0.446090796460177,0.968582876106195
NA,"Sky-H2-2",-90.16757,223.49692,NA,NA,NA,NA,239.5821068,-21.083678688,NA,NA,NA,NA,NA,NA,NA,NA,NA,NA,NA,NA,NA,"",NA,NA,NA,-90167.57,223496.92,1,"S",-0.398971548672566,0.988924424778761
NA,"Sky-H2-3",-79.30977,227.57641,NA,NA,NA,NA,239.6306296,-21.066800348,NA,NA,NA,NA,NA,NA,NA,NA,NA,NA,NA,NA,NA,"",NA,NA,NA,-79309.77,227576.41,1,"S",-0.350928185840708,1.00697526548673
NA,"Sky-H2-4",-68.26826,231.12877,NA,NA,NA,NA,239.6799566,-21.052106967,NA,NA,NA,NA,NA,NA,NA,NA,NA,NA,NA,NA,NA,"",NA,NA,NA,-68268.26,231128.77,1,"S",-0.302071946902655,1.02269367256637
NA,"Sky-H2-5",-57.06862,234.14576,NA,NA,NA,NA,239.7299754,-21.039631993,NA,NA,NA,NA,NA,NA,NA,NA,NA,NA,NA,NA,NA,"",NA,NA,NA,-57068.62,234145.76,1,"S",-0.252516017699115,1.03604318584071
NA,"Sky-H2-6",-45.73679,236.62039,NA,NA,NA,NA,239.7805719,-21.029403771,NA,NA,NA,NA,NA,NA,NA,NA,NA,NA,NA,NA,NA,"",NA,NA,NA,-45736.79,236620.39,1,"S",-0.20237517699115,1.04699287610619
NA,"Sky-H2-7",-34.29902,238.54693,NA,NA,NA,NA,239.831631,-21.021445503,NA,NA,NA,NA,NA,NA,NA,NA,NA,NA,NA,NA,NA,"",NA,NA,NA,-34299.02,238546.93,1,"S",-0.151765575221239,1.05551738938053
NA,"Sky-H2-8",-22.78326,239.92079,NA,NA,NA,NA,239.88303,-21.015775748,NA,NA,NA,NA,NA,NA,NA,NA,NA,NA,NA,NA,NA,"",NA,NA,NA,-22783.26,239920.79,1,"S",-0.100810884955752,1.0615964159292
NA,"Sky-H3-1",184.61356,154.91577,NA,NA,NA,NA,240.8101787,-21.368226944,NA,NA,NA,NA,NA,NA,NA,NA,NA,NA,NA,NA,NA,"",NA,NA,NA,184613.56,154915.77,1,"S",0.816874159292035,0.685468008849557
NA,"Sky-H3-2",191.8534,145.85382,NA,NA,NA,NA,240.8427469,-21.405815448,NA,NA,NA,NA,NA,NA,NA,NA,NA,NA,NA,NA,NA,"",NA,NA,NA,191853.4,145853.82,1,"S",0.848908849557522,0.645370884955752
NA,"Sky-H3-3",198.64884,136.45402,NA,NA,NA,NA,240.8733508,-21.44481248,NA,NA,NA,NA,NA,NA,NA,NA,NA,NA,NA,NA,NA,"",NA,NA,NA,198648.84,136454.02,1,"S",0.878977168141593,0.603778849557522
NA,"Sky-H3-4",204.98415,126.73816,NA,NA,NA,NA,240.901919,-21.485128611,NA,NA,NA,NA,NA,NA,NA,NA,NA,NA,NA,NA,NA,"",NA,NA,NA,204984.15,126738.16,1,"S",0.907009513274336,0.560788318584071
NA,"Sky-H3-5",210.84465,116.72873,NA,NA,NA,NA,240.9283845,-21.526671465,NA,NA,NA,NA,NA,NA,NA,NA,NA,NA,NA,NA,NA,"",NA,NA,NA,210844.65,116728.73,1,"S",0.93294092920354,0.516498805309734
NA,"Sky-H3-6",216.21677,106.44891,NA,NA,NA,NA,240.9526851,-21.569345758,NA,NA,NA,NA,NA,NA,NA,NA,NA,NA,NA,NA,NA,"",NA,NA,NA,216216.77,106448.91,1,"S",0.956711371681416,0.471012876106195
NA,"Sky-H3-7",221.08806,95.92253,NA,NA,NA,NA,240.9747634,-21.613053453,NA,NA,NA,NA,NA,NA,NA,NA,NA,NA,NA,NA,NA,"",NA,NA,NA,221088.06,95922.53,1,"S",0.978265752212389,0.424435973451327
NA,"Sky-H3-8",225.44672,85.17533,NA,NA,NA,NA,240.9945644,-21.65768851,NA,NA,NA,NA,NA,NA,NA,NA,NA,NA,NA,NA,NA,"",NA,NA,NA,225446.72,85175.33,1,"S",0.99755185840708,0.376881991150442
NA,"Sky-H4-1",239.9828,-22.12059,NA,NA,NA,NA,241.062754,-22.103920075,NA,NA,NA,NA,NA,NA,NA,NA,NA,NA,NA,NA,NA,"",NA,NA,NA,239982.8,-22120.59,1,"S",1.06187079646018,-0.0978787168141593
NA,"Sky-H4-2",238.64054,-33.64155,NA,NA,NA,NA,241.0570605,-22.151903697,NA,NA,NA,NA,NA,NA,NA,NA,NA,NA,NA,NA,NA,"",NA,NA,NA,238640.54,-33641.55,1,"S",1.05593159292035,-0.148856415929204
NA,"Sky-H4-3",236.74552,-45.08459,NA,NA,NA,NA,241.0488777,-22.199576648,NA,NA,NA,NA,NA,NA,NA,NA,NA,NA,NA,NA,NA,"",NA,NA,NA,236745.52,-45084.59,1,"S",1.04754654867257,-0.199489336283186
NA,"Sky-H4-4",234.30213,-56.42319,NA,NA,NA,NA,241.0382223,-22.246828263,NA,NA,NA,NA,NA,NA,NA,NA,NA,NA,NA,NA,NA,"",NA,NA,NA,234302.13,-56423.19,1,"S",1.03673508849558,-0.249660132743363
NA,"Sky-H4-5",231.31601,-67.6311,NA,NA,NA,NA,241.0251166,-22.293548871,NA,NA,NA,NA,NA,NA,NA,NA,NA,NA,NA,NA,NA,"",NA,NA,NA,231316.01,-67631.1,1,"S",1.02352216814159,-0.299252654867257
NA,"Sky-H4-6",227.79409,-78.68236,NA,NA,NA,NA,241.0095888,-22.339629885,NA,NA,NA,NA,NA,NA,NA,NA,NA,NA,NA,NA,NA,"",NA,NA,NA,227794.09,-78682.36,1,"S",1.00793845132743,-0.34815203539823
NA,"Sky-H4-7",223.74453,-89.55136,NA,NA,NA,NA,240.9916728,-22.384964052,NA,NA,NA,NA,NA,NA,NA,NA,NA,NA,NA,NA,NA,"",NA,NA,NA,223744.53,-89551.36,1,"S",0.990020044247788,-0.396244955752212
NA,"Sky-H4-8",219.17732,-100.21161,NA,NA,NA,NA,240.9714109,-22.429440328,NA,NA,NA,NA,NA,NA,NA,NA,NA,NA,NA,NA,NA,"",NA,NA,NA,219177.32,-100211.61,1,"S",0.969811150442478,-0.443414203539823
NA,"Sky-H5-1",41.83481,-237.34134,NA,NA,NA,NA,240.1737439,-23.002828313,NA,NA,NA,NA,NA,NA,NA,NA,NA,NA,NA,NA,NA,"",NA,NA,NA,41834.81,-237341.34,1,"S",0.185109778761062,-1.05018292035398
NA,"Sky-H5-2",30.36687,-239.07931,NA,NA,NA,NA,240.1219128,-23.010119871,NA,NA,NA,NA,NA,NA,NA,NA,NA,NA,NA,NA,NA,"",NA,NA,NA,30366.87,-239079.31,1,"S",0.134366681415929,-1.05787305309735
NA,"Sky-H5-3",18.8286,-240.26349,NA,NA,NA,NA,240.0697559,-23.015092252,NA,NA,NA,NA,NA,NA,NA,NA,NA,NA,NA,NA,NA,"",NA,NA,NA,18828.6,-240263.49,1,"S",0.083312389380531,-1.06311278761062
NA,"Sky-H5-4",7.2467,-240.89115,NA,NA,NA,NA,240.0173962,-23.017733668,NA,NA,NA,NA,NA,NA,NA,NA,NA,NA,NA,NA,NA,"",NA,NA,NA,7246.7,-240891.15,1,"S",0.0320650442477876,-1.06589004424779
NA,"Sky-H5-5",-4.35197,-240.96083,NA,NA,NA,NA,239.9649577,-23.018037756,NA,NA,NA,NA,NA,NA,NA,NA,NA,NA,NA,NA,NA,"",NA,NA,NA,-4351.97,-240960.83,1,"S",-0.0192565044247788,-1.06619836283186
NA,"Sky-H5-6",-15.94057,-240.47237,NA,NA,NA,NA,239.9125641,-23.016003696,NA,NA,NA,NA,NA,NA,NA,NA,NA,NA,NA,NA,NA,"",NA,NA,NA,-15940.57,-240472.37,1,"S",-0.0705334955752212,-1.06403703539823
NA,"Sky-H5-7",-27.49224,-239.4269,NA,NA,NA,NA,239.8603395,-23.01163618,NA,NA,NA,NA,NA,NA,NA,NA,NA,NA,NA,NA,NA,"",NA,NA,NA,-27492.24,-239426.9,1,"S",-0.121647079646018,-1.0594110619469
NA,"Sky-H5-8",-38.97879,-237.82707,NA,NA,NA,NA,239.8084136,-23.004946372,NA,NA,NA,NA,NA,NA,NA,NA,NA,NA,NA,NA,NA,"",NA,NA,NA,-38978.79,-237827.07,1,"S",-0.172472522123894,-1.05233216814159
NA,"Sky-H6-1",-58.36925,-233.82492,NA,NA,NA,NA,239.7207745,-22.988201984,NA,NA,NA,NA,NA,NA,NA,NA,NA,NA,NA,NA,NA,"",NA,NA,NA,-58369.25,-233824.92,1,"S",-0.258271017699115,-1.03462353982301
NA,"Sky-H6-2",-69.55194,-230.74573,NA,NA,NA,NA,239.670246,-22.975316033,NA,NA,NA,NA,NA,NA,NA,NA,NA,NA,NA,NA,NA,"",NA,NA,NA,-69551.94,-230745.73,1,"S",-0.307751946902655,-1.02099880530973
NA,"Sky-H6-3",-80.57354,-227.13205,NA,NA,NA,NA,239.6204585,-22.96019213,NA,NA,NA,NA,NA,NA,NA,NA,NA,NA,NA,NA,NA,"",NA,NA,NA,-80573.54,-227132.05,1,"S",-0.356520088495575,-1.00500907079646
NA,"Sky-H6-4",-91.4085,-222.99226,NA,NA,NA,NA,239.5715296,-22.942865895,NA,NA,NA,NA,NA,NA,NA,NA,NA,NA,NA,NA,NA,"",NA,NA,NA,-91408.5,-222992.26,1,"S",-0.404462389380531,-0.986691415929204
NA,"Sky-H6-5",-102.03172,-218.33596,NA,NA,NA,NA,239.5235745,-22.923378139,NA,NA,NA,NA,NA,NA,NA,NA,NA,NA,NA,NA,NA,"",NA,NA,NA,-102031.72,-218335.96,1,"S",-0.45146778761062,-0.966088318584071
NA,"Sky-H6-6",-112.41861,-213.17391,NA,NA,NA,NA,239.4767058,-22.901774612,NA,NA,NA,NA,NA,NA,NA,NA,NA,NA,NA,NA,NA,"",NA,NA,NA,-112418.61,-213173.91,1,"S",-0.497427477876106,-0.943247389380531
NA,"Sky-H6-7",-122.54511,-207.51809,NA,NA,NA,NA,239.4310338,-22.878106229,NA,NA,NA,NA,NA,NA,NA,NA,NA,NA,NA,NA,NA,"",NA,NA,NA,-122545.11,-207518.09,1,"S",-0.542235,-0.918221637168142
NA,"Sky-H6-8",-132.38652,-201.3824,NA,NA,NA,NA,239.386671,-22.852432012,NA,NA,NA,NA,NA,NA,NA,NA,NA,NA,NA,NA,NA,"",NA,NA,NA,-132386.52,-201382.4,1,"S",-0.585781061946903,-0.891072566371681
NA,"Sky-H7-1",-207.18967,-123.09956,NA,NA,NA,NA,239.0507603,-22.525146556,NA,NA,NA,NA,NA,NA,NA,NA,NA,NA,NA,NA,NA,"",NA,NA,NA,-207189.67,-123099.56,1,"S",-0.916768451327434,-0.544688318584071
NA,"Sky-H7-2",-212.87255,-112.98823,NA,NA,NA,NA,239.0254082,-22.482915252,NA,NA,NA,NA,NA,NA,NA,NA,NA,NA,NA,NA,NA,"",NA,NA,NA,-212872.55,-112988.23,1,"S",-0.941913938053097,-0.499947920353982
NA,"Sky-H7-3",-218.06235,-102.61518,NA,NA,NA,NA,239.0022986,-22.439601367,NA,NA,NA,NA,NA,NA,NA,NA,NA,NA,NA,NA,NA,"",NA,NA,NA,-218062.35,-102615.18,1,"S",-0.964877654867257,-0.454049469026549
NA,"Sky-H7-4",-222.74704,-92.00444,NA,NA,NA,NA,238.9814835,-22.395306098,NA,NA,NA,NA,NA,NA,NA,NA,NA,NA,NA,NA,NA,"",NA,NA,NA,-222747.04,-92004.44,1,"S",-0.985606371681416,-0.407099292035398
NA,"Sky-H7-5",-226.91579,-81.18059,NA,NA,NA,NA,238.9630096,-22.350132852,NA,NA,NA,NA,NA,NA,NA,NA,NA,NA,NA,NA,NA,"",NA,NA,NA,-226915.79,-81180.59,1,"S",-1.00405216814159,-0.359206150442478
NA,"Sky-H7-6",-230.55892,-70.1687,NA,NA,NA,NA,238.9469179,-22.304186988,NA,NA,NA,NA,NA,NA,NA,NA,NA,NA,NA,NA,NA,"",NA,NA,NA,-230558.92,-70168.7,1,"S",-1.02017221238938,-0.310480973451327
NA,"Sky-H7-7",-233.66801,-58.99428,NA,NA,NA,NA,238.9332436,-22.257575598,NA,NA,NA,NA,NA,NA,NA,NA,NA,NA,NA,NA,NA,"",NA,NA,NA,-233668.01,-58994.28,1,"S",-1.03392924778761,-0.261036637168142
NA,"Sky-H7-8",-236.23556,-47.68464,NA,NA,NA,NA,238.9220178,-22.210413171,NA,NA,NA,NA,NA,NA,NA,NA,NA,NA,NA,NA,NA,"",NA,NA,NA,-236235.56,-47684.64,1,"S",-1.04529008849558,-0.210993982300885
