#OBSTEMP,8
#CONFIGTEMP,19
#EQUINOX,J2000.0
#CENTRE,15 59 56.32,-22 00 55.2 #Field centre
#UTTIME,12 00 00.00 #Target observing time
#UTDATE,2021 07 10 #Target observing date
#PLATEID,a test_plateID
#LABEL,240_m20_comissioning Tile 004
#TILING_DATE,2021 06 07 # Date the tile was created/configured
#PROXIMITY,220 # tiling proximity value in arcseconds
"ID","RA","DEC","g_mag","r_mag","i_mag","z_mag","y_mag","GAIA_g_mag","GAIA_bp_mag","GAIA_rp_mag","pmRA","pmDEC","priority","remaining_observations","Tile_number","COMPLETED","MagnetX_noDC","MagnetY_noDC","type","MagnetX","MagnetY","Position","fibre_type","x","y","grads","gangs","gazAngs","gangs_gazAng"
"6243564481837370624",240.48537,-21.617958,NA,10.6978998184204,NA,NA,NA,NA,NA,NA,-11.7230724170359,-23.547779629735,NA,NA,NA,NA,113158.075824178,89804.2739340663,2,109390.9,93214.02,NA,"G",-101.89169,-100.84402,143.357709457205,2.25408649562793,0.780230545545479,1.47385595008245
"6243612104440601600",240.04935,-21.589516,NA,10.8283996582031,NA,NA,NA,NA,NA,NA,-14.5950334169632,-4.69607135305918,NA,NA,NA,NA,14617.5558241753,96232.1659340659,2,14046.13,99467.69,NA,"G",-86.14463,133.55734,158.929104778554,0.0544149854002344,-0.997943308714329,1.05235829411456
"6243569876323017088",240.40779,-21.490728,NA,11.5790996551514,NA,NA,NA,NA,NA,NA,-41.5046450094698,15.2672698429117,NA,NA,NA,NA,95624.9958241693,118558.253934066,2,92626.91,123304.75,NA,"G",50.00016,87.83531,101.069568529908,3.31259628670734,4.19488749078501,5.40089410310191
"6243203120476661376",239.97186,-22.79337,NA,11.6497001647949,NA,NA,NA,NA,NA,NA,-6.36343137848489,-10.2514756752206,NA,NA,NA,NA,-2895.18417582087,-175838.838065934,2,-2789.83,-184198.42,NA,"G",-130.90826,-71.35306,149.091353564153,5.05046407593351,0.499043795075715,4.55142028085779
"6237185974371659136",239.94101,-22.877972,NA,11.8268003463745,NA,NA,NA,NA,NA,NA,-64.8859508882771,-43.6202203661294,NA,NA,NA,NA,-9867.2841758243,-194958.890065934,2,-9557.59,-205108.6,NA,"G",70.5684,18.11165,72.8555484797315,4.07995613368517,3.39282387247365,0.687132261211526
"6243227172292998528",240.48427,-22.491997,NA,11.87380027771,NA,NA,NA,NA,NA,NA,-5.60784288000512,3.5352576950285,NA,NA,NA,NA,112909.475824177,-107728.540065934,2,108703.37,-112423.04,NA,"G",7.34284,-100.57024,100.837941633708,1.51232161563141,1.64367905963912,6.15182786317187
