#OBSTEMP,8
#CONFIGTEMP,19
#EQUINOX,J2000.0
#CENTRE,15 59 51.28,-21 57 41.0 #Field centre
#UTTIME,12 00 00.00 #Target observing time
#UTDATE,2021 07 10 #Target observing date
#PLATEID,a test_plateID
#LABEL,240_m20_comissioning Tile 010
#TILING_DATE,2021 06 07 # Date the tile was created/configured
#PROXIMITY,220 # tiling proximity value in arcseconds
"ID","RA","DEC","g_mag","r_mag","i_mag","z_mag","y_mag","GAIA_g_mag","GAIA_bp_mag","GAIA_rp_mag","pmRA","pmDEC","priority","remaining_observations","Tile_number","COMPLETED","MagnetX_noDC","MagnetY_noDC","type","MagnetX","MagnetY","Position","fibre_type","x","y","grads","gangs","gazAngs","gangs_gazAng"
"6243564481837370624",240.48537,-21.617958,NA,10.6978998184204,NA,NA,NA,NA,NA,NA,-11.7230724170359,-23.547779629735,NA,NA,NA,NA,117902.307249997,77617.3015750004,2,113905.83,80475.66,NA,"G",-104.16764,-179.3795,207.431680905834,2.72077583519704,1.0446807078621,1.67609512733494
"6243612104440601600",240.04935,-21.589516,NA,10.8283996582031,NA,NA,NA,NA,NA,NA,-14.5950334169632,-4.69607135305918,NA,NA,NA,NA,19361.7872499943,84045.193575,2,18600.46,86841.34,NA,"G",-172.52243,109.00662,204.074574743963,3.15243660926232,-0.563503051492436,3.71593966075476
"6243569876323017088",240.40779,-21.490728,NA,11.5790996551514,NA,NA,NA,NA,NA,NA,-41.5046450094698,15.2672698429117,NA,NA,NA,NA,100369.227249988,106371.281575,2,97161,110534.61,NA,"G",26.31373,203.72931,205.421625296825,2.64989806592351,4.58393985218848,4.34914352091462
"6243203120476661376",239.97186,-22.79337,NA,11.6497001647949,NA,NA,NA,NA,NA,NA,-6.36343137848489,-10.2514756752206,NA,NA,NA,NA,1849.04724999814,-188025.810425,2,1796.78,-197453.68,NA,"G",178.64703,-97.84265,203.685899086911,0.65535805089326,2.64052701815108,4.29801633992176
"6243227172292998528",240.48427,-22.491997,NA,11.87380027771,NA,NA,NA,NA,NA,NA,-5.60784288000512,3.5352576950285,NA,NA,NA,NA,117653.707249996,-119915.512425,2,113539.44,-125432.48,NA,"G",-121.91252,154.67151,196.941459673758,0.51397119596613,-0.903290297823816,1.41726149378995
"6246530345736828288",239.47615,-21.590834,NA,12.191499710083,NA,NA,NA,NA,NA,NA,-9.03548479081139,-11.5381205272271,NA,NA,NA,NA,-110181.412750009,83747.3255749998,2,-106409.5,86807.09,NA,"G",176.35045,-81.76361,194.383047448677,4.36079459799799,2.70745150151484,1.65334309648315
