#OBSTEMP,8
#CONFIGTEMP,19
#EQUINOX,J2000.0
#CENTRE,15 59 51.28,-21 57 41.0 #Field centre
#UTTIME,12 00 00.00 #Target observing time
#UTDATE,2021 07 10 #Target observing date
#PLATEID,a test_plateID
#LABEL,240_m20_comissioning Tile 010
#TILING_DATE,2021 06 07 # Date the tile was created/configured
#PROXIMITY,220 # tiling proximity value in arcseconds
"probe","ID","x","y","rads","angs","azAngs","angs_azAng","RA","DEC","g_mag","r_mag","i_mag","z_mag","y_mag","GAIA_g_mag","GAIA_bp_mag","GAIA_rp_mag","pmRA","pmDEC","priority","remaining_observations","Tile_number","COMPLETED","MagnetX_noDC","MagnetY_noDC","type","MagnetX","MagnetY","Position","fibre_type","fraction_plate_radius_X","fraction_plate_radius_Y"
1,"6243455320953422720",-21.94982,-8.71416,23.6163329612791,3.95065132860268,0.377920703750245,3.57273062485243,239.86168,-21.998905,18.1753997802734,17.5429000854492,17.2479991912842,17.1004009246826,17.0020008087158,17.56375,18.053814,16.870901,5.08294483110287,-7.84443492873802,1,1,-999,"False",-23051.6327500114,-8476.72042500015,1,-21949.82,-8714.16,NA,"P",-0.0971230973451327,-0.0385582300884956
2,"6243475077802623232",-118.37472,-30.09409,122.140200540225,2.11432963594141,0.248953360111233,1.86537627583018,239.41835,-22.088926,16.9871006011963,16.3773994445801,16.1037006378174,15.9731998443604,15.8825998306274,16.390322,16.883457,15.727873,-5.69379387000318,-2.59291975628472,1,1,-999,"False",-123244.212750006,-28821.4664250002,1,-118374.72,-30094.09,NA,"P",-0.523781946902655,-0.133159690265487
3,"6243497274194177024",-96.27313,32.10222,101.484324350736,-0.682896434223089,-0.321855034739608,5.92214390769611,239.5198,-21.823374,16.2056007385254,15.3311996459961,14.8930997848511,14.6632995605469,14.5171003341675,15.31481,16.008537,14.504422,-6.59588060879912,-5.05327115112394,1,1,-999,"False",-100316.512750006,31193.2855750005,1,-96273.13,32102.22,NA,"P",-0.425987300884956,0.142045221238938
4,"6243194461821921664",70.66961,-197.20913,209.488984753158,0.388284611921915,1.91488917982037,4.75658073928113,240.28569,-22.789644,15.5495004653931,14.9422998428345,14.6901998519897,14.5853004455566,14.4896001815796,14.964786,15.451753,14.316351,-0.960688516409888,-8.61908972100441,1,1,-999,"False",72774.6272499908,-187183.734425,1,70669.61,-197209.13,NA,"P",0.312697389380531,-0.872606769911505
5,"6243452915771691392",-1.13838,-13.2481,13.296919291114,3.77179996545686,1.48507908645267,2.2867208790042,239.95837,-22.018646,16.4102993011475,15.78600025177,15.543399810791,15.441499710083,15.3640003204346,15.825971,16.325493,15.180889,-8.82915862137175,2.79668279984749,1,1,-999,"False",-1199.69274999966,-12938.1864250001,1,-1138.38,-13248.1,NA,"P",-0.0050370796460177,-0.0586199115044248
6,"6243211366813531520",4.2653,-137.60455,137.670639443537,1.33765728043496,1.60178320006114,6.0190593875534,239.98332,-22.54726,16.5249996185303,16.0655994415283,15.8143997192383,15.7091999053955,15.6421003341675,16.041874,16.40501,15.423972,-0.399081553306238,-4.44420103276867,1,1,-999,"False",4439.00724999804,-132404.950425,1,4265.3,-137604.55,NA,"P",0.0188730088495575,-0.608869690265487
7,"6243358907530255360",161.22974,34.65084,164.911217851222,4.19883631451355,3.35328845952846,0.845547854985087,240.70021,-21.81284,17.3922996520996,16.7441997528076,16.4845008850098,16.3672008514404,16.2823009490967,16.783854,17.29633,16.113686,-1.76015066268829,-5.86239359044649,1,1,-999,"False",166456.147249993,33573.9695750005,1,161229.74,34650.84,NA,"P",0.71340592920354,0.153322300884956
8,"6246635967574299136",-32.29224,165.85487,168.969306878304,0.312793874818199,-1.37850035177573,1.69129422659393,239.81679,-21.258106,18.4069004058838,17.6979007720947,17.3712005615234,17.1989002227783,17.0825996398926,17.73799,18.292347,16.986675,1.10961355082896,3.08018116356844,1,1,-999,"False",-33196.7727500071,158943.853575,1,-32292.24,165854.87,NA,"P",-0.142886017699115,0.73387110619469
9,"6243468446373101312",-130.42204,-64.77253,145.620703062314,-1.25821715273839,0.460954325388749,4.56401382905245,239.36433,-22.235792,16.9179992675781,16.3225002288818,16.0634002685547,15.934700012207,15.8545999526978,16.346354,16.826872,15.695491,-2.93992945152725,-6.02280604733111,1,1,-999,"False",-135452.732750008,-62013.182425,1,-130422.04,-64772.53,NA,"P",-0.577088672566372,-0.286604115044248
10,"6243493254104944640",-117.81065,-11.67435,118.387667015382,-1.01225686937144,0.0987717228474954,5.17215671496065,239.42096,-22.010336,18.610200881958,17.8243007659912,17.4976005554199,17.3237991333008,17.2224998474121,17.859661,18.445253,17.114452,-7.69363490545463,-6.95778550549365,1,1,-999,"False",-122654.352750005,-11060.1264249997,1,-117810.65,-11674.35,NA,"P",-0.521286061946903,-0.0516564159292035
11,"6243437488249067392",-3.30956,-52.56171,52.6658005304932,3.83544752274914,1.50791411350713,2.32753340924201,239.94832,-22.187134,18.236400604248,17.6466999053955,17.3528995513916,17.2199993133545,17.1147003173828,17.65695,18.142586,16.984604,-7.57049390117799,-0.112179384095918,1,1,-999,"False",-3470.99275000119,-51016.4744250001,1,-3309.56,-52561.71,NA,"P",-0.0146440707964602,-0.232573938053097
12,"6246645515279366272",4.8024,206.20387,206.259785340567,0.435094238759517,4.68910361720583,2.02917592873327,239.98537,-21.093561,18.2292003631592,17.7719993591309,17.5587997436523,17.4925003051758,17.4058990478516,17.788021,18.203041,17.195719,-3.04306597259678,-0.393543129495951,1,1,-999,"False",4902.30724999736,196131.023575,1,4802.4,206203.87,NA,"P",0.0212495575221239,0.912406504424779
13,"6243174017777595776",132.59891,-157.56287,205.933311865334,0.316807132117213,2.27037120202107,4.32962123727573,240.5677,-22.622866,16.9675006866455,16.3439998626709,16.0466995239258,15.9010000228882,15.7885999679565,16.342443,16.830784,15.6566105,-1.32259899614102,-5.47690559367415,1,1,-999,"False",136508.887249994,-149491.906425,1,132598.91,-157562.87,NA,"P",0.586720840707965,-0.697180840707965
14,"6243626118912288000",4.69185,117.86064,117.953990681249,3.11615374755624,4.67260153360156,4.72673752113427,239.98523,-21.45794,18.4165000915527,17.8878002166748,17.6375999450684,17.5191993713379,17.442699432373,17.895008,18.30484,17.246056,-4.83367175492294,-4.10650144116549,1,1,-999,"False",4870.66724998732,113781.369575,1,4691.85,117860.64,NA,"P",0.0207603982300885,0.521507256637168
15,"6243429310631454464",-61.28232,-42.03441,74.3129488624324,-0.856424772649175,0.601209680248595,4.82555085428182,239.68002,-22.14135,16.9719009399414,16.3504009246826,16.0828990936279,15.9488000869751,15.8582000732422,16.370674,16.881918,15.6973,1.40042917763126,-5.2951888063888,1,1,-999,"False",-64106.7927500036,-40669.2904249998,1,-61282.32,-42034.41,NA,"P",-0.271160707964602,-0.18599296460177
16,"6243419896062764928",-117.69292,-92.16786,149.487584217239,2.29211687876047,0.664364127348954,1.62775275141152,239.42247,-22.352453,18.5692005157471,17.785400390625,17.4675006866455,17.2938003540039,17.1835994720459,17.837378,18.416365,17.065825,-7.72199669994508,1.17563528485936,1,1,-999,"False",-122313.092749999,-88378.5684250001,1,-117692.92,-92167.86,NA,"P",-0.520765132743363,-0.407822389380531
17,"6243423572555018880",-27.95484,-71.53855,76.8064920142048,1.74984089706335,1.19827546802851,0.551565429034846,239.8342,-22.267946,15.475700378418,14.9385995864868,14.6929998397827,14.5995998382568,14.5134000778198,14.943954,15.392309,14.325228,-0.942775515297193,1.86477051374125,1,1,-999,"False",-29262.1127500043,-69279.9864249997,1,-27954.84,-71538.55,NA,"P",-0.123693982300885,-0.316542256637168
18,"6237462982580532480",-135.64242,-87.57685,161.457643855529,-0.989919453352084,0.573307612930623,4.71995824089688,239.3413,-22.331875,16.1737003326416,15.5093002319336,15.2393999099731,15.1167001724243,15.0221996307373,15.540524,16.056059,14.866877,7.86165372479715,-4.86694658306488,1,1,-999,"False",-140657.512750009,-83727.940425,1,-135642.42,-87576.85,NA,"P",-0.600187699115044,-0.387508185840708
19,"6243541048502435456",130.65864,24.23877,132.887915845507,4.1287032261311,3.32501961149128,0.803683614639827,240.5636,-21.85705,18.2434005737305,17.7560005187988,17.5301990509033,17.4305992126465,17.3481998443604,17.765757,18.176634,17.158655,-4.80101375109258,-4.3221001777814,1,1,-999,"False",135582.287249995,23582.5095749998,1,130658.64,24238.77,NA,"P",0.578135575221239,0.107251194690265
20,"6243331728976174336",163.38031,-56.80446,172.973617559406,4.52418040614485,2.80698399209568,1.71719641404917,240.71078,-22.200243,16.6826000213623,16.7026996612549,16.7830009460449,16.8124008178711,16.7875995635986,16.641512,16.737373,16.412956,-5.39965453676706,-4.09031238589466,1,NA,NA,"",168844.967249987,-53979.1084250001,0,163380.31,-56804.46,NA,"P",0.722921725663717,-0.251347168141593
21,"6243235345607037184",118.33953,-83.28829,144.710689348593,0.878489985058568,2.52831565533531,4.63335963690285,240.50769,-22.314741,18.0125007629395,17.7985000610352,17.7339992523193,17.7360000610352,17.6746006011963,17.791971,18.015156,17.34382,-3.91842931313532,-2.81161550834129,1,NA,NA,"",122946.627249993,-79855.6564250003,0,118339.53,-83288.29,NA,"P",0.523626238938053,-0.368532256637168
NA,"Sky-A1-1",-226.46104,82.44066,NA,NA,NA,NA,238.948981,-21.614819386,NA,NA,NA,NA,NA,NA,NA,NA,NA,NA,NA,NA,NA,"",NA,NA,NA,-226461.04,82440.66,1,"S",-1.00204,0.364781681415929
NA,"Sky-A1-2",-222.23219,93.24117,NA,NA,NA,NA,238.9682225,-21.569940239,NA,NA,NA,NA,NA,NA,NA,NA,NA,NA,NA,NA,NA,"",NA,NA,NA,-222232.19,93241.17,1,"S",-0.983328274336283,0.412571548672566
NA,"Sky-A1-3",-217.48859,103.8257,NA,NA,NA,NA,238.9897523,-21.525970847,NA,NA,NA,NA,NA,NA,NA,NA,NA,NA,NA,NA,NA,"",NA,NA,NA,-217488.59,103825.7,1,"S",-0.96233889380531,0.459405752212389
NA,"Sky-A1-4",-212.24121,114.16975,NA,NA,NA,NA,239.0135192,-21.483012294,NA,NA,NA,NA,NA,NA,NA,NA,NA,NA,NA,NA,NA,"",NA,NA,NA,-212241.21,114169.75,1,"S",-0.939120398230089,0.505175884955752
NA,"Sky-A1-5",-206.50222,124.24934,NA,NA,NA,NA,239.0394666,-21.441163413,NA,NA,NA,NA,NA,NA,NA,NA,NA,NA,NA,NA,NA,"",NA,NA,NA,-206502.22,124249.34,1,"S",-0.913726637168142,0.549775840707965
NA,"Sky-A1-6",-200.2849,134.04112,NA,NA,NA,NA,239.0675335,-21.400520339,NA,NA,NA,NA,NA,NA,NA,NA,NA,NA,NA,NA,NA,"",NA,NA,NA,-200284.9,134041.12,1,"S",-0.886216371681416,0.593102300884956
NA,"Sky-A1-7",-193.60365,143.52243,NA,NA,NA,NA,239.0976537,-21.361176274,NA,NA,NA,NA,NA,NA,NA,NA,NA,NA,NA,NA,NA,"",NA,NA,NA,-193603.65,143522.43,1,"S",-0.856653318584071,0.635055
NA,"Sky-A2-1",-3.01251,240.9813,NA,NA,NA,NA,239.9502736,-20.957491243,NA,NA,NA,NA,NA,NA,NA,NA,NA,NA,NA,NA,NA,"",NA,NA,NA,-3012.51,240981.3,1,"S",-0.0133296902654867,1.0662889380531
NA,"Sky-A2-2",8.5856,240.84715,NA,NA,NA,NA,240.0020104,-20.958064228,NA,NA,NA,NA,NA,NA,NA,NA,NA,NA,NA,NA,NA,"",NA,NA,NA,8585.6,240847.15,1,"S",0.0379893805309735,1.0656953539823
NA,"Sky-A2-3",20.16382,240.15512,NA,NA,NA,NA,240.0536585,-20.960946403,NA,NA,NA,NA,NA,NA,NA,NA,NA,NA,NA,NA,NA,"",NA,NA,NA,20163.82,240155.12,1,"S",0.0892204424778761,1.06263327433628
NA,"Sky-A2-4",31.69534,238.90682,NA,NA,NA,NA,240.1051005,-20.966131074,NA,NA,NA,NA,NA,NA,NA,NA,NA,NA,NA,NA,NA,"",NA,NA,NA,31695.34,238906.82,1,"S",0.140244867256637,1.05710982300885
NA,"Sky-A2-5",43.15344,237.10513,NA,NA,NA,NA,240.1562196,-20.973606376,NA,NA,NA,NA,NA,NA,NA,NA,NA,NA,NA,NA,NA,"",NA,NA,NA,43153.44,237105.13,1,"S",0.190944424778761,1.04913774336283
NA,"Sky-A2-6",54.51158,234.75423,NA,NA,NA,NA,240.2068994,-20.983355157,NA,NA,NA,NA,NA,NA,NA,NA,NA,NA,NA,NA,NA,"",NA,NA,NA,54511.58,234754.23,1,"S",0.241201681415929,1.03873553097345
NA,"Sky-A2-7",65.74346,231.85957,NA,NA,NA,NA,240.2570247,-20.995355092,NA,NA,NA,NA,NA,NA,NA,NA,NA,NA,NA,NA,NA,"",NA,NA,NA,65743.46,231859.57,1,"S",0.290900265486726,1.02592730088496
NA,"Sky-A3-1",231.67752,66.38214,NA,NA,NA,NA,241.0016043,-21.681849975,NA,NA,NA,NA,NA,NA,NA,NA,NA,NA,NA,NA,NA,"",NA,NA,NA,231677.52,66382.14,1,"S",1.0251217699115,0.293726283185841
NA,"Sky-A3-2",234.60313,55.15828,NA,NA,NA,NA,241.0150207,-21.728496408,NA,NA,NA,NA,NA,NA,NA,NA,NA,NA,NA,NA,NA,"",NA,NA,NA,234603.13,55158.28,1,"S",1.03806694690265,0.244063185840708
NA,"Sky-A3-3",236.98531,43.80666,NA,NA,NA,NA,241.026014,-21.775686147,NA,NA,NA,NA,NA,NA,NA,NA,NA,NA,NA,NA,NA,"",NA,NA,NA,236985.31,43806.66,1,"S",1.04860756637168,0.193834778761062
NA,"Sky-A3-4",238.81857,32.35357,NA,NA,NA,NA,241.0345567,-21.823310435,NA,NA,NA,NA,NA,NA,NA,NA,NA,NA,NA,NA,NA,"",NA,NA,NA,238818.57,32353.57,1,"S",1.05671933628319,0.143157389380531
NA,"Sky-A3-5",240.09865,20.82553,NA,NA,NA,NA,241.0406268,-21.87125945,NA,NA,NA,NA,NA,NA,NA,NA,NA,NA,NA,NA,NA,"",NA,NA,NA,240098.65,20825.53,1,"S",1.06238340707965,0.0921483628318584
NA,"Sky-A3-6",240.82258,9.24926,NA,NA,NA,NA,241.0442082,-21.919422417,NA,NA,NA,NA,NA,NA,NA,NA,NA,NA,NA,NA,NA,"",NA,NA,NA,240822.58,9249.26,1,"S",1.06558663716814,0.0409259292035398
NA,"Sky-A3-7",240.98869,2.34844,NA,NA,NA,NA,241.0451536,-21.948139644,NA,NA,NA,NA,NA,NA,NA,NA,NA,NA,NA,NA,NA,"",NA,NA,NA,240988.69,2348.44,1,"S",1.06632163716814,0.0103913274336283
NA,"Sky-A4-1",210.21182,-117.86456,NA,NA,NA,NA,240.9101567,-22.449202196,NA,NA,NA,NA,NA,NA,NA,NA,NA,NA,NA,NA,NA,"",NA,NA,NA,210211.82,-117864.56,1,"S",0.930140796460177,-0.521524601769911
NA,"Sky-A4-2",204.2974,-127.84223,NA,NA,NA,NA,240.8837854,-22.490862085,NA,NA,NA,NA,NA,NA,NA,NA,NA,NA,NA,NA,NA,"",NA,NA,NA,204297.4,-127842.23,1,"S",0.903970796460177,-0.565673584070796
NA,"Sky-A4-3",197.90977,-137.52377,NA,NA,NA,NA,240.855261,-22.531296639,NA,NA,NA,NA,NA,NA,NA,NA,NA,NA,NA,NA,NA,"",NA,NA,NA,197909.77,-137523.77,1,"S",0.875706946902655,-0.608512256637168
NA,"Sky-A4-4",191.06371,-146.88677,NA,NA,NA,NA,240.8246483,-22.57041138,NA,NA,NA,NA,NA,NA,NA,NA,NA,NA,NA,NA,NA,"",NA,NA,NA,191063.71,-146886.77,1,"S",0.845414646017699,-0.649941460176991
NA,"Sky-A4-5",183.77509,-155.90952,NA,NA,NA,NA,240.7920173,-22.608114679,NA,NA,NA,NA,NA,NA,NA,NA,NA,NA,NA,NA,NA,"",NA,NA,NA,183775.09,-155909.52,1,"S",0.813164115044248,-0.689865132743363
NA,"Sky-A4-6",176.06079,-164.57115,NA,NA,NA,NA,240.7574429,-22.64431835,NA,NA,NA,NA,NA,NA,NA,NA,NA,NA,NA,NA,NA,"",NA,NA,NA,176060.79,-164571.15,1,"S",0.779030044247788,-0.72819092920354
NA,"Sky-A4-7",167.93867,-172.85157,NA,NA,NA,NA,240.7210046,-22.678937418,NA,NA,NA,NA,NA,NA,NA,NA,NA,NA,NA,NA,NA,"",NA,NA,NA,167938.67,-172851.57,1,"S",0.743091460176991,-0.764829955752212
NA,"Sky-A5-1",-148.4702,-189.83588,NA,NA,NA,NA,239.2935016,-22.750203401,NA,NA,NA,NA,NA,NA,NA,NA,NA,NA,NA,NA,NA,"",NA,NA,NA,-148470.2,-189835.88,1,"S",-0.656947787610619,-0.839981769911504
NA,"Sky-A5-2",-157.43205,-182.47249,NA,NA,NA,NA,239.2531897,-22.719402868,NA,NA,NA,NA,NA,NA,NA,NA,NA,NA,NA,NA,NA,"",NA,NA,NA,-157432.05,-182472.49,1,"S",-0.696601991150442,-0.807400398230088
NA,"Sky-A5-3",-166.02924,-174.68645,NA,NA,NA,NA,239.2145477,-22.686839446,NA,NA,NA,NA,NA,NA,NA,NA,NA,NA,NA,NA,NA,"",NA,NA,NA,-166029.24,-174686.45,1,"S",-0.734642654867257,-0.77294889380531
NA,"Sky-A5-4",-174.24185,-166.49577,NA,NA,NA,NA,239.1776657,-22.65258949,NA,NA,NA,NA,NA,NA,NA,NA,NA,NA,NA,NA,NA,"",NA,NA,NA,-174241.85,-166495.77,1,"S",-0.770981637168142,-0.736706946902655
NA,"Sky-A5-5",-182.05086,-157.91943,NA,NA,NA,NA,239.1426289,-22.616733397,NA,NA,NA,NA,NA,NA,NA,NA,NA,NA,NA,NA,NA,"",NA,NA,NA,-182050.86,-157919.43,1,"S",-0.805534778761062,-0.698758539823009
NA,"Sky-A5-6",-189.43818,-148.97731,NA,NA,NA,NA,239.1095184,-22.579355317,NA,NA,NA,NA,NA,NA,NA,NA,NA,NA,NA,NA,NA,"",NA,NA,NA,-189438.18,-148977.31,1,"S",-0.83822203539823,-0.659191637168142
NA,"Sky-A5-7",-196.38671,-139.6901,NA,NA,NA,NA,239.0784104,-22.540542761,NA,NA,NA,NA,NA,NA,NA,NA,NA,NA,NA,NA,NA,"",NA,NA,NA,-196386.71,-139690.1,1,"S",-0.868967743362832,-0.61809778761062
NA,"Sky-H1-1",-181.17025,158.92893,NA,NA,NA,NA,239.1536153,-21.297266848,NA,NA,NA,NA,NA,NA,NA,NA,NA,NA,NA,NA,NA,"",NA,NA,NA,-181170.25,158928.93,1,"S",-0.801638274336283,0.703225353982301
NA,"Sky-H1-2",-173.31368,167.46173,NA,NA,NA,NA,239.1889278,-21.261883004,NA,NA,NA,NA,NA,NA,NA,NA,NA,NA,NA,NA,NA,"",NA,NA,NA,-173313.68,167461.73,1,"S",-0.766874690265487,0.74098110619469
NA,"Sky-H1-3",-165.05567,175.60663,NA,NA,NA,NA,239.2260105,-21.228115918,NA,NA,NA,NA,NA,NA,NA,NA,NA,NA,NA,NA,NA,"",NA,NA,NA,-165055.67,175606.63,1,"S",-0.73033482300885,0.777020486725664
NA,"Sky-H1-4",-156.41534,183.34477,NA,NA,NA,NA,239.2647776,-21.196042812,NA,NA,NA,NA,NA,NA,NA,NA,NA,NA,NA,NA,NA,"",NA,NA,NA,-156415.34,183344.77,1,"S",-0.692103274336283,0.811260044247788
NA,"Sky-H1-5",-147.4127,190.65822,NA,NA,NA,NA,239.3051395,-21.165737035,NA,NA,NA,NA,NA,NA,NA,NA,NA,NA,NA,NA,NA,"",NA,NA,NA,-147412.7,190658.22,1,"S",-0.652268584070796,0.843620442477876
NA,"Sky-H1-6",-138.06861,197.53006,NA,NA,NA,NA,239.3470032,-21.137267745,NA,NA,NA,NA,NA,NA,NA,NA,NA,NA,NA,NA,NA,"",NA,NA,NA,-138068.61,197530.06,1,"S",-0.610923053097345,0.874026814159292
NA,"Sky-H1-7",-128.4047,203.94434,NA,NA,NA,NA,239.3902723,-21.110700074,NA,NA,NA,NA,NA,NA,NA,NA,NA,NA,NA,NA,NA,"",NA,NA,NA,-128404.7,203944.34,1,"S",-0.568162389380531,0.902408584070796
NA,"Sky-H1-8",-118.44464,209.88551,NA,NA,NA,NA,239.4348417,-21.086097519,NA,NA,NA,NA,NA,NA,NA,NA,NA,NA,NA,NA,NA,"",NA,NA,NA,-118444.64,209885.51,1,"S",-0.524091327433628,0.928696946902655
NA,"Sky-H2-1",-100.81652,218.89973,NA,NA,NA,NA,239.5136697,-21.048780631,NA,NA,NA,NA,NA,NA,NA,NA,NA,NA,NA,NA,NA,"",NA,NA,NA,-100816.52,218899.73,1,"S",-0.446090796460177,0.968582876106195
NA,"Sky-H2-2",-90.16757,223.49692,NA,NA,NA,NA,239.5612602,-21.029755316,NA,NA,NA,NA,NA,NA,NA,NA,NA,NA,NA,NA,NA,"",NA,NA,NA,-90167.57,223496.92,1,"S",-0.398971548672566,0.988924424778761
NA,"Sky-H2-3",-79.30977,227.57641,NA,NA,NA,NA,239.6097653,-21.012876668,NA,NA,NA,NA,NA,NA,NA,NA,NA,NA,NA,NA,NA,"",NA,NA,NA,-79309.77,227576.41,1,"S",-0.350928185840708,1.00697526548673
NA,"Sky-H2-4",-68.26826,231.12877,NA,NA,NA,NA,239.6590743,-20.998183012,NA,NA,NA,NA,NA,NA,NA,NA,NA,NA,NA,NA,NA,"",NA,NA,NA,-68268.26,231128.77,1,"S",-0.302071946902655,1.02269367256637
NA,"Sky-H2-5",-57.06862,234.14576,NA,NA,NA,NA,239.7090749,-20.985707802,NA,NA,NA,NA,NA,NA,NA,NA,NA,NA,NA,NA,NA,"",NA,NA,NA,-57068.62,234145.76,1,"S",-0.252516017699115,1.03604318584071
NA,"Sky-H2-6",-45.73679,236.62039,NA,NA,NA,NA,239.7596531,-20.975479383,NA,NA,NA,NA,NA,NA,NA,NA,NA,NA,NA,NA,NA,"",NA,NA,NA,-45736.79,236620.39,1,"S",-0.20237517699115,1.04699287610619
NA,"Sky-H2-7",-34.29902,238.54693,NA,NA,NA,NA,239.8106937,-20.967520958,NA,NA,NA,NA,NA,NA,NA,NA,NA,NA,NA,NA,NA,"",NA,NA,NA,-34299.02,238546.93,1,"S",-0.151765575221239,1.05551738938053
NA,"Sky-H2-8",-22.78326,239.92079,NA,NA,NA,NA,239.8620742,-20.961851089,NA,NA,NA,NA,NA,NA,NA,NA,NA,NA,NA,NA,NA,"",NA,NA,NA,-22783.26,239920.79,1,"S",-0.100810884955752,1.0615964159292
NA,"Sky-H3-1",184.61356,154.91577,NA,NA,NA,NA,240.7888828,-21.31430772,NA,NA,NA,NA,NA,NA,NA,NA,NA,NA,NA,NA,NA,"",NA,NA,NA,184613.56,154915.77,1,"S",0.816874159292035,0.685468008849557
NA,"Sky-H3-2",191.8534,145.85382,NA,NA,NA,NA,240.8214385,-21.351896674,NA,NA,NA,NA,NA,NA,NA,NA,NA,NA,NA,NA,NA,"",NA,NA,NA,191853.4,145853.82,1,"S",0.848908849557522,0.645370884955752
NA,"Sky-H3-3",198.64884,136.45402,NA,NA,NA,NA,240.8520305,-21.390894145,NA,NA,NA,NA,NA,NA,NA,NA,NA,NA,NA,NA,NA,"",NA,NA,NA,198648.84,136454.02,1,"S",0.878977168141593,0.603778849557522
NA,"Sky-H3-4",204.98415,126.73816,NA,NA,NA,NA,240.8805874,-21.4312107,NA,NA,NA,NA,NA,NA,NA,NA,NA,NA,NA,NA,NA,"",NA,NA,NA,204984.15,126738.16,1,"S",0.907009513274336,0.560788318584071
NA,"Sky-H3-5",210.84465,116.72873,NA,NA,NA,NA,240.9070424,-21.472753959,NA,NA,NA,NA,NA,NA,NA,NA,NA,NA,NA,NA,NA,"",NA,NA,NA,210844.65,116728.73,1,"S",0.93294092920354,0.516498805309734
NA,"Sky-H3-6",216.21677,106.44891,NA,NA,NA,NA,240.9313333,-21.515428635,NA,NA,NA,NA,NA,NA,NA,NA,NA,NA,NA,NA,NA,"",NA,NA,NA,216216.77,106448.91,1,"S",0.956711371681416,0.471012876106195
NA,"Sky-H3-7",221.08806,95.92253,NA,NA,NA,NA,240.9534025,-21.559136686,NA,NA,NA,NA,NA,NA,NA,NA,NA,NA,NA,NA,NA,"",NA,NA,NA,221088.06,95922.53,1,"S",0.978265752212389,0.424435973451327
NA,"Sky-H3-8",225.44672,85.17533,NA,NA,NA,NA,240.9731954,-21.60377207,NA,NA,NA,NA,NA,NA,NA,NA,NA,NA,NA,NA,NA,"",NA,NA,NA,225446.72,85175.33,1,"S",0.99755185840708,0.376881991150442
NA,"Sky-H4-1",239.9828,-22.12059,NA,NA,NA,NA,241.0413505,-22.050004837,NA,NA,NA,NA,NA,NA,NA,NA,NA,NA,NA,NA,NA,"",NA,NA,NA,239982.8,-22120.59,1,"S",1.06187079646018,-0.0978787168141593
NA,"Sky-H4-2",238.64054,-33.64155,NA,NA,NA,NA,241.0356582,-22.097988363,NA,NA,NA,NA,NA,NA,NA,NA,NA,NA,NA,NA,NA,"",NA,NA,NA,238640.54,-33641.55,1,"S",1.05593159292035,-0.148856415929204
NA,"Sky-H4-3",236.74552,-45.08459,NA,NA,NA,NA,241.0274776,-22.145661176,NA,NA,NA,NA,NA,NA,NA,NA,NA,NA,NA,NA,NA,"",NA,NA,NA,236745.52,-45084.59,1,"S",1.04754654867257,-0.199489336283186
NA,"Sky-H4-4",234.30213,-56.42319,NA,NA,NA,NA,241.0168253,-22.192912611,NA,NA,NA,NA,NA,NA,NA,NA,NA,NA,NA,NA,NA,"",NA,NA,NA,234302.13,-56423.19,1,"S",1.03673508849558,-0.249660132743363
NA,"Sky-H4-5",231.31601,-67.6311,NA,NA,NA,NA,241.0037237,-22.239633,NA,NA,NA,NA,NA,NA,NA,NA,NA,NA,NA,NA,NA,"",NA,NA,NA,231316.01,-67631.1,1,"S",1.02352216814159,-0.299252654867257
NA,"Sky-H4-6",227.79409,-78.68236,NA,NA,NA,NA,240.988201,-22.285713757,NA,NA,NA,NA,NA,NA,NA,NA,NA,NA,NA,NA,NA,"",NA,NA,NA,227794.09,-78682.36,1,"S",1.00793845132743,-0.34815203539823
NA,"Sky-H4-7",223.74453,-89.55136,NA,NA,NA,NA,240.9702911,-22.331047631,NA,NA,NA,NA,NA,NA,NA,NA,NA,NA,NA,NA,NA,"",NA,NA,NA,223744.53,-89551.36,1,"S",0.990020044247788,-0.396244955752212
NA,"Sky-H4-8",219.17732,-100.21161,NA,NA,NA,NA,240.9500362,-22.375523582,NA,NA,NA,NA,NA,NA,NA,NA,NA,NA,NA,NA,NA,"",NA,NA,NA,219177.32,-100211.61,1,"S",0.969811150442478,-0.443414203539823
NA,"Sky-H5-1",41.83481,-237.34134,NA,NA,NA,NA,240.1526766,-22.948904015,NA,NA,NA,NA,NA,NA,NA,NA,NA,NA,NA,NA,NA,"",NA,NA,NA,41834.81,-237341.34,1,"S",0.185109778761062,-1.05018292035398
NA,"Sky-H5-2",30.36687,-239.07931,NA,NA,NA,NA,240.1008662,-22.956195441,NA,NA,NA,NA,NA,NA,NA,NA,NA,NA,NA,NA,NA,"",NA,NA,NA,30366.87,-239079.31,1,"S",0.134366681415929,-1.05787305309735
NA,"Sky-H5-3",18.8286,-240.26349,NA,NA,NA,NA,240.0487301,-22.961167734,NA,NA,NA,NA,NA,NA,NA,NA,NA,NA,NA,NA,NA,"",NA,NA,NA,18828.6,-240263.49,1,"S",0.083312389380531,-1.06311278761062
NA,"Sky-H5-4",7.2467,-240.89115,NA,NA,NA,NA,239.9963913,-22.963809106,NA,NA,NA,NA,NA,NA,NA,NA,NA,NA,NA,NA,NA,"",NA,NA,NA,7246.7,-240891.15,1,"S",0.0320650442477876,-1.06589004424779
NA,"Sky-H5-5",-4.35197,-240.96083,NA,NA,NA,NA,239.9439737,-22.964113194,NA,NA,NA,NA,NA,NA,NA,NA,NA,NA,NA,NA,NA,"",NA,NA,NA,-4351.97,-240960.83,1,"S",-0.0192565044247788,-1.06619836283186
NA,"Sky-H5-6",-15.94057,-240.47237,NA,NA,NA,NA,239.8916011,-22.96207918,NA,NA,NA,NA,NA,NA,NA,NA,NA,NA,NA,NA,NA,"",NA,NA,NA,-15940.57,-240472.37,1,"S",-0.0705334955752212,-1.06403703539823
NA,"Sky-H5-7",-27.49224,-239.4269,NA,NA,NA,NA,239.8393972,-22.957711754,NA,NA,NA,NA,NA,NA,NA,NA,NA,NA,NA,NA,NA,"",NA,NA,NA,-27492.24,-239426.9,1,"S",-0.121647079646018,-1.0594110619469
NA,"Sky-H5-8",-38.97879,-237.82707,NA,NA,NA,NA,239.787492,-22.95102208,NA,NA,NA,NA,NA,NA,NA,NA,NA,NA,NA,NA,NA,"",NA,NA,NA,-38978.79,-237827.07,1,"S",-0.172472522123894,-1.05233216814159
NA,"Sky-H6-1",-58.36925,-233.82492,NA,NA,NA,NA,239.6998878,-22.934278018,NA,NA,NA,NA,NA,NA,NA,NA,NA,NA,NA,NA,NA,"",NA,NA,NA,-58369.25,-233824.92,1,"S",-0.258271017699115,-1.03462353982301
NA,"Sky-H6-2",-69.55194,-230.74573,NA,NA,NA,NA,239.6493794,-22.921392311,NA,NA,NA,NA,NA,NA,NA,NA,NA,NA,NA,NA,NA,"",NA,NA,NA,-69551.94,-230745.73,1,"S",-0.307751946902655,-1.02099880530973
NA,"Sky-H6-3",-80.57354,-227.13205,NA,NA,NA,NA,239.5996117,-22.90626869,NA,NA,NA,NA,NA,NA,NA,NA,NA,NA,NA,NA,NA,"",NA,NA,NA,-80573.54,-227132.05,1,"S",-0.356520088495575,-1.00500907079646
NA,"Sky-H6-4",-91.4085,-222.99226,NA,NA,NA,NA,239.5507021,-22.888942772,NA,NA,NA,NA,NA,NA,NA,NA,NA,NA,NA,NA,NA,"",NA,NA,NA,-91408.5,-222992.26,1,"S",-0.404462389380531,-0.986691415929204
NA,"Sky-H6-5",-102.03172,-218.33596,NA,NA,NA,NA,239.5027658,-22.869455364,NA,NA,NA,NA,NA,NA,NA,NA,NA,NA,NA,NA,NA,"",NA,NA,NA,-102031.72,-218335.96,1,"S",-0.45146778761062,-0.966088318584071
NA,"Sky-H6-6",-112.41861,-213.17391,NA,NA,NA,NA,239.4559156,-22.847852213,NA,NA,NA,NA,NA,NA,NA,NA,NA,NA,NA,NA,NA,"",NA,NA,NA,-112418.61,-213173.91,1,"S",-0.497427477876106,-0.943247389380531
NA,"Sky-H6-7",-122.54511,-207.51809,NA,NA,NA,NA,239.4102614,-22.824184232,NA,NA,NA,NA,NA,NA,NA,NA,NA,NA,NA,NA,NA,"",NA,NA,NA,-122545.11,-207518.09,1,"S",-0.542235,-0.918221637168142
NA,"Sky-H6-8",-132.38652,-201.3824,NA,NA,NA,NA,239.3659159,-22.798510436,NA,NA,NA,NA,NA,NA,NA,NA,NA,NA,NA,NA,NA,"",NA,NA,NA,-132386.52,-201382.4,1,"S",-0.585781061946903,-0.891072566371681
NA,"Sky-H7-1",-207.18967,-123.09956,NA,NA,NA,NA,239.0301322,-22.471229214,NA,NA,NA,NA,NA,NA,NA,NA,NA,NA,NA,NA,NA,"",NA,NA,NA,-207189.67,-123099.56,1,"S",-0.916768451327434,-0.544688318584071
NA,"Sky-H7-2",-212.87255,-112.98823,NA,NA,NA,NA,239.0047892,-22.428998303,NA,NA,NA,NA,NA,NA,NA,NA,NA,NA,NA,NA,NA,"",NA,NA,NA,-212872.55,-112988.23,1,"S",-0.941913938053097,-0.499947920353982
NA,"Sky-H7-3",-218.06235,-102.61518,NA,NA,NA,NA,238.9816877,-22.385684785,NA,NA,NA,NA,NA,NA,NA,NA,NA,NA,NA,NA,NA,"",NA,NA,NA,-218062.35,-102615.18,1,"S",-0.964877654867257,-0.454049469026549
NA,"Sky-H7-4",-222.74704,-92.00444,NA,NA,NA,NA,238.9608799,-22.341389854,NA,NA,NA,NA,NA,NA,NA,NA,NA,NA,NA,NA,NA,"",NA,NA,NA,-222747.04,-92004.44,1,"S",-0.985606371681416,-0.407099292035398
NA,"Sky-H7-5",-226.91579,-81.18059,NA,NA,NA,NA,238.9424122,-22.296216912,NA,NA,NA,NA,NA,NA,NA,NA,NA,NA,NA,NA,NA,"",NA,NA,NA,-226915.79,-81180.59,1,"S",-1.00405216814159,-0.359206150442478
NA,"Sky-H7-6",-230.55892,-70.1687,NA,NA,NA,NA,238.9263257,-22.250271318,NA,NA,NA,NA,NA,NA,NA,NA,NA,NA,NA,NA,NA,"",NA,NA,NA,-230558.92,-70168.7,1,"S",-1.02017221238938,-0.310480973451327
NA,"Sky-H7-7",-233.66801,-58.99428,NA,NA,NA,NA,238.9126558,-22.203660159,NA,NA,NA,NA,NA,NA,NA,NA,NA,NA,NA,NA,NA,"",NA,NA,NA,-233668.01,-58994.28,1,"S",-1.03392924778761,-0.261036637168142
NA,"Sky-H7-8",-236.23556,-47.68464,NA,NA,NA,NA,238.9014333,-22.156497924,NA,NA,NA,NA,NA,NA,NA,NA,NA,NA,NA,NA,NA,"",NA,NA,NA,-236235.56,-47684.64,1,"S",-1.04529008849558,-0.210993982300885
