#OBSTEMP,8
#CONFIGTEMP,19
#EQUINOX,J2000.0
#CENTRE,15 59 46.95,-22 01 02.5 #Field centre
#UTTIME,12 00 00.00 #Target observing time
#UTDATE,2021 07 10 #Target observing date
#PLATEID,a test_plateID
#LABEL,a test_label
#TILING_DATE,2021 06 07 # Date the tile was created/configured
#PROXIMITY,220 # tiling proximity value in arcseconds
"ID","RA","DEC","g_mag","r_mag","i_mag","z_mag","y_mag","GAIA_g_mag","GAIA_bp_mag","GAIA_rp_mag","pmRA","pmDEC","priority","remaining_observations","Tile_number","COMPLETED","MagnetX_noDC","MagnetY_noDC","type","MagnetX","MagnetY","Position","fibre_type","x","y","grads","gangs","gazAngs","gangs_gazAng"
"6243564481837370624",240.48537,-21.617958,NA,10.6978998184204,NA,NA,NA,NA,NA,NA,-11.7230724170359,-23.547779629735,NA,NA,NA,NA,121978.142962962,90263.6829382725,2,117990.94,93721.63,NA,"G",-1.00806,-204.5898,204.5922834542,5.26238376077456,1.56586914155703,3.69651461921753
"6243569876323017088",240.40779,-21.490728,NA,11.5790996551514,NA,NA,NA,NA,NA,NA,-41.5046450094698,15.2672698429117,NA,NA,NA,NA,104445.062962953,119017.662938272,2,101274.44,123885.68,NA,"G",-168.70827,122.43839,208.455366235041,3.11569939491927,-0.627793263468275,3.74349265838755
"6237185974371659136",239.94101,-22.877972,NA,11.8268003463745,NA,NA,NA,NA,NA,NA,-64.8859508882771,-43.6202203661294,NA,NA,NA,NA,-1047.21703704018,-194499.481061728,2,-1008.06,-204589.8,NA,"G",182.4967,-84.51277,201.115523528053,0.958673213351203,2.70790487634348,4.53395364418731
"6246530345736828288",239.47615,-21.590834,NA,12.191499710083,NA,NA,NA,NA,NA,NA,-9.03548479081139,-11.5381205272271,NA,NA,NA,NA,-106105.577037044,96393.7069382718,2,-102565.33,100043.22,NA,"G",41.33236,185.88633,190.426079264471,2.70051786530418,4.49359553302499,4.49010763945878
"6243232081430715392",240.7765,-22.371107,NA,12.2285995483398,NA,NA,NA,NA,NA,NA,-17.3132852790657,-9.67093476320869,NA,NA,NA,NA,187773.522962958,-79947.9910617284,2,182496.7,-84512.77,NA,"G",180.24223,-68.48388,192.814167776197,5.85793032557708,2.77848524006698,3.0794450855101
"6243514557142507520",240.00003,-21.678959,NA,12.245400428772,NA,NA,NA,NA,NA,NA,-11.7798565660068,-16.0499582879932,NA,NA,NA,NA,12291.3029629543,76477.4569382723,2,11789.86,78956.96,NA,"G",-145.34262,-88.87261,170.36084643097,2.38526984188444,0.548810454509183,1.83645938737526
