#OBSTEMP,8
#CONFIGTEMP,19
#EQUINOX,J2000.0
#CENTRE,15 59 56.14,-21 56 49.9 #Field centre
#UTTIME,12 00 00.00 #Target observing time
#UTDATE,2021 07 10 #Target observing date
#PLATEID,a test_plateID
#LABEL,240_m20_comissioning Tile 006
#TILING_DATE,2021 06 07 # Date the tile was created/configured
#PROXIMITY,220 # tiling proximity value in arcseconds
"ID","RA","DEC","g_mag","r_mag","i_mag","z_mag","y_mag","GAIA_g_mag","GAIA_bp_mag","GAIA_rp_mag","pmRA","pmDEC","priority","remaining_observations","Tile_number","COMPLETED","MagnetX_noDC","MagnetY_noDC","type","MagnetX","MagnetY","Position","fibre_type","x","y","grads","gangs","gazAngs","gangs_gazAng"
"6243612104440601600",240.04935,-21.589516,NA,10.8283996582031,NA,NA,NA,NA,NA,NA,-14.5950334169632,-4.69607135305918,NA,NA,NA,NA,14788.6347126407,80834.0434482761,2,14200.88,83491.72,NA,"G",-177.08208,105.66225,206.210024325174,3.19666286492967,-0.537978556219025,3.7346414211487
"6243569876323017088",240.40779,-21.490728,NA,11.5790996551514,NA,NA,NA,NA,NA,NA,-41.5046450094698,15.2672698429117,NA,NA,NA,NA,95796.0747126346,103160.131448276,2,92652.91,107112.35,NA,"G",21.80832,200.1682,201.352703265842,2.67697266888336,4.60386704514857,4.35629093091438
"6243203120476661376",239.97186,-22.79337,NA,11.6497001647949,NA,NA,NA,NA,NA,NA,-6.36343137848489,-10.2514756752206,NA,NA,NA,NA,-2724.10528735554,-191236.960551724,2,-2632.75,-200988.74,NA,"G",174.10599,-101.14164,201.351749671488,0.622136899008842,2.61532076855841,4.29000143763002
"6237185974371659136",239.94101,-22.877972,NA,11.8268003463745,NA,NA,NA,NA,NA,NA,-64.8859508882771,-43.6202203661294,NA,NA,NA,NA,-9696.20528735896,-210357.012551724,2,-9431.42,-222253.7,NA,"G",-154.21022,-105.82446,187.0283622522,2.47960367713228,0.601427889388138,1.87817578774415
"6243227172292998528",240.48427,-22.491997,NA,11.87380027771,NA,NA,NA,NA,NA,NA,-5.60784288000512,3.5352576950285,NA,NA,NA,NA,113080.554712642,-123126.662551724,2,109118.37,-128761.97,NA,"G",-126.38772,151.29331,197.138330665435,0.465616529180013,-0.874850171819416,1.34046670099943
"6246530345736828288",239.47615,-21.590834,NA,12.191499710083,NA,NA,NA,NA,NA,NA,-9.03548479081139,-11.5381205272271,NA,NA,NA,NA,-114754.565287363,80536.1754482758,2,-110850.12,83475.76,NA,"G",31.29384,-180.19581,182.892958758673,4.20128227586821,1.74274709517322,2.45853518069499
