#OBSTEMP,8
#CONFIGTEMP,19
#EQUINOX,J2000.0
#CENTRE,16 00 17.95,-21 52 33.7 #Field centre
#UTTIME,12 00 00.00 #Target observing time
#UTDATE,2021 07 10 #Target observing date
#PLATEID,a test_plateID
#LABEL,240_m20_comissioning Tile 020
#TILING_DATE,2021 06 07 # Date the tile was created/configured
#PROXIMITY,220 # tiling proximity value in arcseconds
"probe","ID","x","y","rads","angs","azAngs","angs_azAng","RA","DEC","g_mag","r_mag","i_mag","z_mag","y_mag","GAIA_g_mag","GAIA_bp_mag","GAIA_rp_mag","pmRA","pmDEC","priority","remaining_observations","Tile_number","COMPLETED","MagnetX_noDC","MagnetY_noDC","type","MagnetX","MagnetY","Position","fibre_type","fraction_plate_radius_X","fraction_plate_radius_Y"
1,"6246538832592265984",-104.98601,114.78519,155.556106080913,0.0822720149933371,-0.82995674897848,0.912228763971817,239.59563,-21.387468,16.1543006896973,15.6395998001099,15.3403997421265,15.2223997116089,15.1298999786377,15.611089,16.065502,14.9759035,-2.41035216110822,-2.94870964214992,1,1,-999,"False",-108296.977049192,110417.212721312,1,-104986.01,114785.19,NA,"P",-0.464539867256637,0.50789907079646
2,"6243506031626295168",-41.4004,13.59132,43.5742710725309,1.74190259964195,-0.317204330231442,2.0591069298734,239.88312,-21.817493,18.2303009033203,17.6434993743896,17.37380027771,17.2644004821777,17.1583995819092,17.667429,18.14149,17.010897,0.439146654344678,-0.531432831865482,1,1,-999,"False",-43324.2370491807,13231.5627213117,1,-41400.4,13591.32,NA,"P",-0.183187610619469,0.0601385840707965
3,"6243522700400583936",-84.56436,40.88051,93.9273500108978,-0.575534851414372,-0.450299750375621,6.15795020614084,239.68492,-21.70043,16.4106006622314,15.7515001296997,15.4743003845215,15.3304996490479,15.0819997787476,15.80037,16.294586,15.104988,-3.7559724042234,-0.0667550078843842,1,1,-999,"False",-88117.4370491839,39687.8007213121,1,-84564.36,40880.51,NA,"P",-0.374178584070796,0.180887212389381
4,"6243574617966291712",188.0314,64.42794,198.76309224452,0.99623078309883,3.47169979147329,3.80771629880513,240.927,-21.602419,15.2600002288818,14.4528999328613,14.0679998397827,13.8746004104614,13.7329998016357,14.448626,15.091513,13.681726,-6.34529113573971,3.80679689547702,1,1,-999,"False",192592.64295082,61838.2867213112,1,188031.4,64427.94,NA,"P",0.831997345132743,0.285079380530973
5,"6243196519107725184",74.17948,-198.14577,211.575852643829,0.359207007970231,1.9290129962085,4.71337931894132,240.41245,-22.707766,18.4221000671387,17.871000289917,17.6278991699219,17.515100479126,17.4291000366211,17.895147,18.264893,17.216312,0.276634047681056,-7.91979098462204,1,1,-999,"False",76304.3429508165,-187970.135278688,1,74179.48,-198145.77,NA,"P",0.328227787610619,-0.876751194690266
6,"6246648921195689472",-29.26628,198.85383,200.995922472838,0.462445342956656,-1.42467051342521,1.88711585638187,239.94272,-21.038033,17.1842002868652,16.4997997283936,16.1851005554199,16.0182991027832,15.9017000198364,16.513811,17.071905,15.796712,-5.15067255264339,-2.45638771940522,1,1,-999,"False",-29854.6370491832,189389.522721312,1,-29266.28,198853.83,NA,"P",-0.129496814159292,0.879884203539823
7,"6243236896099403008",133.37041,-89.66754,160.710715240832,0.79638036360919,2.54968668837808,4.5298789824107,240.6863,-22.255432,17.9034004211426,17.1228008270264,16.779899597168,16.6131992340088,16.5004997253418,17.158531,17.725063,16.404125,4.79978773037611,4.03131675534069,1,1,-999,"False",138194.442950812,-85742.6512786883,1,133370.41,-89667.54,NA,"P",0.590134557522124,-0.396759026548673
8,"6243597054875673216",123.92338,129.76445,179.431927466733,0.377333871319668,3.95001138579092,2.71050779270833,240.6376,-21.326181,16.8262004852295,16.1888008117676,15.9075002670288,15.7754001617432,15.6754999160767,16.209007,16.722784,15.530533,0.743526707621833,-6.47000281463375,1,1,-999,"False",127188.242950813,124268.074721312,1,123923.38,129764.45,NA,"P",0.548333539823009,0.574178982300885
9,"6243600314749172864",158.10748,138.90949,210.460974159131,-0.623105783554744,3.86244460060947,1.79763492301537,240.78804,-21.290712,18.1364994049072,17.5256004333496,17.2176990509033,17.0725994110107,16.9675998687744,17.533,18.033808,16.840668,-5.34403083753089,-0.74354489853455,1,1,-999,"False",161187.682950814,132284.068721312,1,158107.48,138909.49,NA,"P",0.699590619469027,0.614643761061947
10,"6243252839017835520",56.92881,-70.78879,90.8402014401124,1.21924912208641,2.24809699260533,5.25433743666066,240.33792,-22.178804,18.5657005310059,17.9883003234863,17.7478008270264,17.6333999633789,17.5524997711182,18.017311,18.41856,17.355835,-5.05696909403511,-6.40935532757338,1,1,-999,"False",59460.5629508207,-68424.7232786884,1,56928.81,-70788.79,NA,"P",0.251897389380531,-0.313224734513274
11,"6237461500812431616",-161.38016,-120.40471,201.34758561207,2.56218207666931,0.640996343087683,1.92118573358163,239.33981,-22.381426,18.5312004089355,17.9571990966797,17.7007007598877,17.5877990722656,17.4801998138428,17.980305,18.450274,17.32022,0.030926273558896,2.10906490200278,1,1,-999,"False",-166112.297049185,-114217.295278689,1,-161380.16,-120404.71,NA,"P",-0.714071504424779,-0.532764203539823
12,"6243569807603539200",73.26386,88.72404,115.06323677014,3.33729462424732,4.02214294479211,5.5983369866348,240.41127,-21.496628,18.0433006286621,17.4062004089355,17.1487998962402,17.0237007141113,16.9169998168945,17.447266,17.924288,16.757977,-1.4052587356768,-4.16790126822632,1,1,-999,"False",76037.6629508218,85747.0527213112,1,73263.86,88724.04,NA,"P",0.324176371681416,0.392584247787611
13,"6243483255420833024",-97.92285,-13.44461,98.8414998377433,2.00250715850964,0.136444890660575,1.86606226784906,239.62288,-21.932957,16.1947994232178,15.4365997314453,15.078800201416,14.8861999511719,14.7615995407104,15.442713,16.04752,14.691333,2.15709438606794,-1.58439630089961,1,1,-999,"False",-102138.477049189,-12863.3012786889,1,-97922.85,-13444.61,NA,"P",-0.433286946902655,-0.0594894247787611
14,"6246502892305744896",-197.51503,20.81197,198.608472052885,2.2456989540974,-0.104981663852153,2.35068061794955,239.17816,-21.785835,18.110200881958,17.2392997741699,16.8341007232666,16.6480007171631,16.5097999572754,17.251661,17.814491,16.432327,-8.04152358565728,-4.30098194402383,1,1,-999,"False",-202645.197049181,20386.270721311,1,-197515.03,20811.97,NA,"P",-0.873960309734513,0.0920883628318584
15,"6243631655131790848",-45.93503,129.99127,137.868623179148,-0.155057735563897,-1.23112233855933,1.07606460299544,239.86478,-21.322136,18.3339004516602,17.5186004638672,17.1618003845215,16.9831008911133,16.8553009033203,17.557287,18.190727,16.791153,2.80953768624124,2.20312651612714,1,1,-999,"False",-47469.0770491924,125182.244721312,1,-45935.03,129991.27,NA,"P",-0.203252345132743,0.575182610619469
16,"6246668987283556096",5.86881,204.31377,204.398041924156,0.650926774261588,4.68367238097593,2.25043970046524,240.10132,-21.015787,18.448299407959,17.6989994049072,17.3665008544922,17.1984004974365,17.0949001312256,17.7285,18.302996,16.99326,-8.34642702855775,0.31398750137764,1,1,-999,"False",5988.9629508184,194417.118721312,1,5868.81,204313.77,NA,"P",0.025968185840708,0.904043230088496
17,"6243207346723332224",-48.12132,-204.49009,210.075839512188,-1.13562274757144,1.33967783591489,3.80788472369325,239.85559,-22.735008,16.637300491333,15.8404998779297,15.4672002792358,15.2781000137329,15.129599571228,15.848512,16.455046,15.08337,-2.41088510490844,0.493611989865067,1,1,-999,"False",-49546.01704919,-194126.827278688,1,-48121.32,-204490.09,NA,"P",-0.212926194690265,-0.904823407079646
18,"6243637977324555648",35.24738,165.19628,168.914738026919,2.84462914389201,4.50217450934455,4.62563994172704,240.2351,-21.175594,18.3733005523682,17.8526992797852,17.6205997467041,17.5202007293701,17.4682006835938,17.863504,18.30691,17.230114,-0.194810807505719,-0.470932047640906,1,1,-999,"False",36223.2429508123,158300.736721311,1,35247.38,165196.28,NA,"P",0.15596185840708,0.730956991150442
19,"6246652460248477696",-125.00516,173.0481,213.475841584559,0.71099911575894,-0.945212639589492,1.65621175534843,239.51169,-21.147959,17.7810001373291,17.1567993164063,16.8866996765137,16.7511005401611,16.6277008056641,17.188908,17.680685,16.512491,1.138171395164,-2.60217347103194,1,1,-999,"False",-127267.417049188,164546.246721311,1,-125005.16,173048.1,NA,"P",-0.55312017699115,0.765699557522124
20,"6243556166786656640",33.13125,20.33771,38.875470088561,1.43710335510123,3.69213580445115,4.02815285782967,240.22826,-21.788519,15.934700012207,15.8135004043579,15.8341999053955,15.8311004638672,15.7822999954224,15.784334,15.9527645,15.454207,-5.3759888271428,-5.80059904221824,1,NA,NA,"",34677.4029508163,19779.6867213113,0,33131.25,20337.71,NA,"P",0.146598451327434,0.0899898672566372
21,"6243545343469055616",77.51116,27.10329,82.1131430001903,1.2736217185855,3.47797302710437,4.07883399866072,240.43237,-21.75956,17.456600189209,17.451099395752,17.3831005096436,17.2408008575439,17.2175998687744,17.276865,17.443039,16.894136,-3.66098574817439,-2.54456507747806,1,NA,NA,"",80806.2629508195,26324.4207213114,0,77511.16,27103.29,NA,"P",0.342969734513274,0.119926061946903
NA,"Sky-A1-1",-226.46104,82.44066,NA,NA,NA,NA,239.0607208,-21.529474498,NA,NA,NA,NA,NA,NA,NA,NA,NA,NA,NA,NA,NA,"",NA,NA,NA,-226461.04,82440.66,1,"S",-1.00204,0.364781681415929
NA,"Sky-A1-2",-222.23219,93.24117,NA,NA,NA,NA,239.0799495,-21.484594853,NA,NA,NA,NA,NA,NA,NA,NA,NA,NA,NA,NA,NA,"",NA,NA,NA,-222232.19,93241.17,1,"S",-0.983328274336283,0.412571548672566
NA,"Sky-A1-3",-217.48859,103.8257,NA,NA,NA,NA,239.1014654,-21.440624918,NA,NA,NA,NA,NA,NA,NA,NA,NA,NA,NA,NA,NA,"",NA,NA,NA,-217488.59,103825.7,1,"S",-0.96233889380531,0.459405752212389
NA,"Sky-A1-4",-212.24121,114.16975,NA,NA,NA,NA,239.1252172,-21.397665778,NA,NA,NA,NA,NA,NA,NA,NA,NA,NA,NA,NA,NA,"",NA,NA,NA,-212241.21,114169.75,1,"S",-0.939120398230089,0.505175884955752
NA,"Sky-A1-5",-206.50222,124.24934,NA,NA,NA,NA,239.1511483,-21.355816275,NA,NA,NA,NA,NA,NA,NA,NA,NA,NA,NA,NA,NA,"",NA,NA,NA,-206502.22,124249.34,1,"S",-0.913726637168142,0.549775840707965
NA,"Sky-A1-6",-200.2849,134.04112,NA,NA,NA,NA,239.1791977,-21.315172548,NA,NA,NA,NA,NA,NA,NA,NA,NA,NA,NA,NA,NA,"",NA,NA,NA,-200284.9,134041.12,1,"S",-0.886216371681416,0.593102300884956
NA,"Sky-A1-7",-193.60365,143.52243,NA,NA,NA,NA,239.2092994,-21.275827806,NA,NA,NA,NA,NA,NA,NA,NA,NA,NA,NA,NA,NA,"",NA,NA,NA,-193603.65,143522.43,1,"S",-0.856653318584071,0.635055
NA,"Sky-A2-1",-3.01251,240.9813,NA,NA,NA,NA,240.0614237,-20.872133463,NA,NA,NA,NA,NA,NA,NA,NA,NA,NA,NA,NA,NA,"",NA,NA,NA,-3012.51,240981.3,1,"S",-0.0133296902654867,1.0662889380531
NA,"Sky-A2-2",8.5856,240.84715,NA,NA,NA,NA,240.113131,-20.872706494,NA,NA,NA,NA,NA,NA,NA,NA,NA,NA,NA,NA,NA,"",NA,NA,NA,8585.6,240847.15,1,"S",0.0379893805309735,1.0656953539823
NA,"Sky-A2-3",20.16382,240.15512,NA,NA,NA,NA,240.1647497,-20.875588785,NA,NA,NA,NA,NA,NA,NA,NA,NA,NA,NA,NA,NA,"",NA,NA,NA,20163.82,240155.12,1,"S",0.0892204424778761,1.06263327433628
NA,"Sky-A2-4",31.69534,238.90682,NA,NA,NA,NA,240.2161624,-20.88077364,NA,NA,NA,NA,NA,NA,NA,NA,NA,NA,NA,NA,NA,"",NA,NA,NA,31695.34,238906.82,1,"S",0.140244867256637,1.05710982300885
NA,"Sky-A2-5",43.15344,237.10513,NA,NA,NA,NA,240.2672523,-20.888249194,NA,NA,NA,NA,NA,NA,NA,NA,NA,NA,NA,NA,NA,"",NA,NA,NA,43153.44,237105.13,1,"S",0.190944424778761,1.04913774336283
NA,"Sky-A2-6",54.51158,234.75423,NA,NA,NA,NA,240.3179031,-20.897998291,NA,NA,NA,NA,NA,NA,NA,NA,NA,NA,NA,NA,NA,"",NA,NA,NA,54511.58,234754.23,1,"S",0.241201681415929,1.03873553097345
NA,"Sky-A2-7",65.74346,231.85957,NA,NA,NA,NA,240.3679998,-20.909998606,NA,NA,NA,NA,NA,NA,NA,NA,NA,NA,NA,NA,NA,"",NA,NA,NA,65743.46,231859.57,1,"S",0.290900265486726,1.02592730088496
NA,"Sky-A3-1",231.67752,66.38214,NA,NA,NA,NA,241.1121328,-21.596506871,NA,NA,NA,NA,NA,NA,NA,NA,NA,NA,NA,NA,NA,"",NA,NA,NA,231677.52,66382.14,1,"S",1.0251217699115,0.293726283185841
NA,"Sky-A3-2",234.60313,55.15828,NA,NA,NA,NA,241.1255398,-21.643153681,NA,NA,NA,NA,NA,NA,NA,NA,NA,NA,NA,NA,NA,"",NA,NA,NA,234603.13,55158.28,1,"S",1.03806694690265,0.244063185840708
NA,"Sky-A3-3",236.98531,43.80666,NA,NA,NA,NA,241.136525,-21.690343733,NA,NA,NA,NA,NA,NA,NA,NA,NA,NA,NA,NA,NA,"",NA,NA,NA,236985.31,43806.66,1,"S",1.04860756637168,0.193834778761062
NA,"Sky-A3-4",238.81857,32.35357,NA,NA,NA,NA,241.1450611,-21.737968269,NA,NA,NA,NA,NA,NA,NA,NA,NA,NA,NA,NA,NA,"",NA,NA,NA,238818.57,32353.57,1,"S",1.05671933628319,0.143157389380531
NA,"Sky-A3-5",240.09865,20.82553,NA,NA,NA,NA,241.151126,-21.785917462,NA,NA,NA,NA,NA,NA,NA,NA,NA,NA,NA,NA,NA,"",NA,NA,NA,240098.65,20825.53,1,"S",1.06238340707965,0.0921483628318584
NA,"Sky-A3-6",240.82258,9.24926,NA,NA,NA,NA,241.1547036,-21.834080538,NA,NA,NA,NA,NA,NA,NA,NA,NA,NA,NA,NA,NA,"",NA,NA,NA,240822.58,9249.26,1,"S",1.06558663716814,0.0409259292035398
NA,"Sky-A3-7",240.98869,2.34844,NA,NA,NA,NA,241.1556475,-21.862797795,NA,NA,NA,NA,NA,NA,NA,NA,NA,NA,NA,NA,NA,"",NA,NA,NA,240988.69,2348.44,1,"S",1.06632163716814,0.0103913274336283
NA,"Sky-A4-1",210.21182,-117.86456,NA,NA,NA,NA,241.0207168,-22.363856772,NA,NA,NA,NA,NA,NA,NA,NA,NA,NA,NA,NA,NA,"",NA,NA,NA,210211.82,-117864.56,1,"S",0.930140796460177,-0.521524601769911
NA,"Sky-A4-2",204.2974,-127.84223,NA,NA,NA,NA,240.9943605,-22.405516012,NA,NA,NA,NA,NA,NA,NA,NA,NA,NA,NA,NA,NA,"",NA,NA,NA,204297.4,-127842.23,1,"S",0.903970796460177,-0.565673584070796
NA,"Sky-A4-3",197.90977,-137.52377,NA,NA,NA,NA,240.9658526,-22.445949883,NA,NA,NA,NA,NA,NA,NA,NA,NA,NA,NA,NA,NA,"",NA,NA,NA,197909.77,-137523.77,1,"S",0.875706946902655,-0.608512256637168
NA,"Sky-A4-4",191.06371,-146.88677,NA,NA,NA,NA,240.9352577,-22.485063914,NA,NA,NA,NA,NA,NA,NA,NA,NA,NA,NA,NA,NA,"",NA,NA,NA,191063.71,-146886.77,1,"S",0.845414646017699,-0.649941460176991
NA,"Sky-A4-5",183.77509,-155.90952,NA,NA,NA,NA,240.9026459,-22.522766483,NA,NA,NA,NA,NA,NA,NA,NA,NA,NA,NA,NA,NA,"",NA,NA,NA,183775.09,-155909.52,1,"S",0.813164115044248,-0.689865132743363
NA,"Sky-A4-6",176.06079,-164.57115,NA,NA,NA,NA,240.868092,-22.558969409,NA,NA,NA,NA,NA,NA,NA,NA,NA,NA,NA,NA,NA,"",NA,NA,NA,176060.79,-164571.15,1,"S",0.779030044247788,-0.72819092920354
NA,"Sky-A4-7",167.93867,-172.85157,NA,NA,NA,NA,240.8316755,-22.593587726,NA,NA,NA,NA,NA,NA,NA,NA,NA,NA,NA,NA,NA,"",NA,NA,NA,167938.67,-172851.57,1,"S",0.743091460176991,-0.764829955752212
NA,"Sky-A5-1",-148.4702,-189.83588,NA,NA,NA,NA,239.4050607,-22.664851298,NA,NA,NA,NA,NA,NA,NA,NA,NA,NA,NA,NA,NA,"",NA,NA,NA,-148470.2,-189835.88,1,"S",-0.656947787610619,-0.839981769911504
NA,"Sky-A5-2",-157.43205,-182.47249,NA,NA,NA,NA,239.3647732,-22.634051461,NA,NA,NA,NA,NA,NA,NA,NA,NA,NA,NA,NA,NA,"",NA,NA,NA,-157432.05,-182472.49,1,"S",-0.696601991150442,-0.807400398230088
NA,"Sky-A5-3",-166.02924,-174.68645,NA,NA,NA,NA,239.3261546,-22.601488747,NA,NA,NA,NA,NA,NA,NA,NA,NA,NA,NA,NA,NA,"",NA,NA,NA,-166029.24,-174686.45,1,"S",-0.734642654867257,-0.77294889380531
NA,"Sky-A5-4",-174.24185,-166.49577,NA,NA,NA,NA,239.2892947,-22.567239502,NA,NA,NA,NA,NA,NA,NA,NA,NA,NA,NA,NA,NA,"",NA,NA,NA,-174241.85,-166495.77,1,"S",-0.770981637168142,-0.736706946902655
NA,"Sky-A5-5",-182.05086,-157.91943,NA,NA,NA,NA,239.2542788,-22.531384117,NA,NA,NA,NA,NA,NA,NA,NA,NA,NA,NA,NA,NA,"",NA,NA,NA,-182050.86,-157919.43,1,"S",-0.805534778761062,-0.698758539823009
NA,"Sky-A5-6",-189.43818,-148.97731,NA,NA,NA,NA,239.2211878,-22.494006735,NA,NA,NA,NA,NA,NA,NA,NA,NA,NA,NA,NA,NA,"",NA,NA,NA,-189438.18,-148977.31,1,"S",-0.83822203539823,-0.659191637168142
NA,"Sky-A5-7",-196.38671,-139.6901,NA,NA,NA,NA,239.190098,-22.455194859,NA,NA,NA,NA,NA,NA,NA,NA,NA,NA,NA,NA,NA,"",NA,NA,NA,-196386.71,-139690.1,1,"S",-0.868967743362832,-0.61809778761062
NA,"Sky-H1-1",-181.17025,158.92893,NA,NA,NA,NA,239.265227,-21.211917185,NA,NA,NA,NA,NA,NA,NA,NA,NA,NA,NA,NA,NA,"",NA,NA,NA,-181170.25,158928.93,1,"S",-0.801638274336283,0.703225353982301
NA,"Sky-H1-2",-173.31368,167.46173,NA,NA,NA,NA,239.3005182,-21.176532629,NA,NA,NA,NA,NA,NA,NA,NA,NA,NA,NA,NA,NA,"",NA,NA,NA,-173313.68,167461.73,1,"S",-0.766874690265487,0.74098110619469
NA,"Sky-H1-3",-165.05567,175.60663,NA,NA,NA,NA,239.3375787,-21.142764831,NA,NA,NA,NA,NA,NA,NA,NA,NA,NA,NA,NA,NA,"",NA,NA,NA,-165055.67,175606.63,1,"S",-0.73033482300885,0.777020486725664
NA,"Sky-H1-4",-156.41534,183.34477,NA,NA,NA,NA,239.3763228,-21.11069102,NA,NA,NA,NA,NA,NA,NA,NA,NA,NA,NA,NA,NA,"",NA,NA,NA,-156415.34,183344.77,1,"S",-0.692103274336283,0.811260044247788
NA,"Sky-H1-5",-147.4127,190.65822,NA,NA,NA,NA,239.4166609,-21.080384549,NA,NA,NA,NA,NA,NA,NA,NA,NA,NA,NA,NA,NA,"",NA,NA,NA,-147412.7,190658.22,1,"S",-0.652268584070796,0.843620442477876
NA,"Sky-H1-6",-138.06861,197.53006,NA,NA,NA,NA,239.4584999,-21.051914586,NA,NA,NA,NA,NA,NA,NA,NA,NA,NA,NA,NA,NA,"",NA,NA,NA,-138068.61,197530.06,1,"S",-0.610923053097345,0.874026814159292
NA,"Sky-H1-7",-128.4047,203.94434,NA,NA,NA,NA,239.5017437,-21.025346267,NA,NA,NA,NA,NA,NA,NA,NA,NA,NA,NA,NA,NA,"",NA,NA,NA,-128404.7,203944.34,1,"S",-0.568162389380531,0.902408584070796
NA,"Sky-H1-8",-118.44464,209.88551,NA,NA,NA,NA,239.5462872,-21.000743096,NA,NA,NA,NA,NA,NA,NA,NA,NA,NA,NA,NA,NA,"",NA,NA,NA,-118444.64,209885.51,1,"S",-0.524091327433628,0.928696946902655
NA,"Sky-H2-1",-100.81652,218.89973,NA,NA,NA,NA,239.6250695,-20.963425245,NA,NA,NA,NA,NA,NA,NA,NA,NA,NA,NA,NA,NA,"",NA,NA,NA,-100816.52,218899.73,1,"S",-0.446090796460177,0.968582876106195
NA,"Sky-H2-2",-90.16757,223.49692,NA,NA,NA,NA,239.6726326,-20.944399428,NA,NA,NA,NA,NA,NA,NA,NA,NA,NA,NA,NA,NA,"",NA,NA,NA,-90167.57,223496.92,1,"S",-0.398971548672566,0.988924424778761
NA,"Sky-H2-3",-79.30977,227.57641,NA,NA,NA,NA,239.7211098,-20.927520328,NA,NA,NA,NA,NA,NA,NA,NA,NA,NA,NA,NA,NA,"",NA,NA,NA,-79309.77,227576.41,1,"S",-0.350928185840708,1.00697526548673
NA,"Sky-H2-4",-68.26826,231.12877,NA,NA,NA,NA,239.7703906,-20.912826277,NA,NA,NA,NA,NA,NA,NA,NA,NA,NA,NA,NA,NA,"",NA,NA,NA,-68268.26,231128.77,1,"S",-0.302071946902655,1.02269367256637
NA,"Sky-H2-5",-57.06862,234.14576,NA,NA,NA,NA,239.8203625,-20.90035073,NA,NA,NA,NA,NA,NA,NA,NA,NA,NA,NA,NA,NA,"",NA,NA,NA,-57068.62,234145.76,1,"S",-0.252516017699115,1.03604318584071
NA,"Sky-H2-6",-45.73679,236.62039,NA,NA,NA,NA,239.8709118,-20.890122037,NA,NA,NA,NA,NA,NA,NA,NA,NA,NA,NA,NA,NA,"",NA,NA,NA,-45736.79,236620.39,1,"S",-0.20237517699115,1.04699287610619
NA,"Sky-H2-7",-34.29902,238.54693,NA,NA,NA,NA,239.9219233,-20.882163403,NA,NA,NA,NA,NA,NA,NA,NA,NA,NA,NA,NA,NA,"",NA,NA,NA,-34299.02,238546.93,1,"S",-0.151765575221239,1.05551738938053
NA,"Sky-H2-8",-22.78326,239.92079,NA,NA,NA,NA,239.9732745,-20.876493392,NA,NA,NA,NA,NA,NA,NA,NA,NA,NA,NA,NA,NA,"",NA,NA,NA,-22783.26,239920.79,1,"S",-0.100810884955752,1.0615964159292
NA,"Sky-H3-1",184.61356,154.91577,NA,NA,NA,NA,240.8995464,-21.228959303,NA,NA,NA,NA,NA,NA,NA,NA,NA,NA,NA,NA,NA,"",NA,NA,NA,184613.56,154915.77,1,"S",0.816874159292035,0.685468008849557
NA,"Sky-H3-2",191.8534,145.85382,NA,NA,NA,NA,240.9320822,-21.266548992,NA,NA,NA,NA,NA,NA,NA,NA,NA,NA,NA,NA,NA,"",NA,NA,NA,191853.4,145853.82,1,"S",0.848908849557522,0.645370884955752
NA,"Sky-H3-3",198.64884,136.45402,NA,NA,NA,NA,240.9626554,-21.305547179,NA,NA,NA,NA,NA,NA,NA,NA,NA,NA,NA,NA,NA,"",NA,NA,NA,198648.84,136454.02,1,"S",0.878977168141593,0.603778849557522
NA,"Sky-H3-4",204.98415,126.73816,NA,NA,NA,NA,240.9911945,-21.345864424,NA,NA,NA,NA,NA,NA,NA,NA,NA,NA,NA,NA,NA,"",NA,NA,NA,204984.15,126738.16,1,"S",0.907009513274336,0.560788318584071
NA,"Sky-H3-5",210.84465,116.72873,NA,NA,NA,NA,241.0176329,-21.387408343,NA,NA,NA,NA,NA,NA,NA,NA,NA,NA,NA,NA,NA,"",NA,NA,NA,210844.65,116728.73,1,"S",0.93294092920354,0.516498805309734
NA,"Sky-H3-6",216.21677,106.44891,NA,NA,NA,NA,241.0419083,-21.43008364,NA,NA,NA,NA,NA,NA,NA,NA,NA,NA,NA,NA,NA,"",NA,NA,NA,216216.77,106448.91,1,"S",0.956711371681416,0.471012876106195
NA,"Sky-H3-7",221.08806,95.92253,NA,NA,NA,NA,241.0639632,-21.47379227,NA,NA,NA,NA,NA,NA,NA,NA,NA,NA,NA,NA,NA,"",NA,NA,NA,221088.06,95922.53,1,"S",0.978265752212389,0.424435973451327
NA,"Sky-H3-8",225.44672,85.17533,NA,NA,NA,NA,241.0837431,-21.518428185,NA,NA,NA,NA,NA,NA,NA,NA,NA,NA,NA,NA,NA,"",NA,NA,NA,225446.72,85175.33,1,"S",0.99755185840708,0.376881991150442
NA,"Sky-H4-1",239.9828,-22.12059,NA,NA,NA,NA,241.1518433,-21.964662891,NA,NA,NA,NA,NA,NA,NA,NA,NA,NA,NA,NA,NA,"",NA,NA,NA,239982.8,-22120.59,1,"S",1.06187079646018,-0.0978787168141593
NA,"Sky-H4-2",238.64054,-33.64155,NA,NA,NA,NA,241.1461528,-22.01264626,NA,NA,NA,NA,NA,NA,NA,NA,NA,NA,NA,NA,NA,"",NA,NA,NA,238640.54,-33641.55,1,"S",1.05593159292035,-0.148856415929204
NA,"Sky-H4-3",236.74552,-45.08459,NA,NA,NA,NA,241.1379756,-22.060318848,NA,NA,NA,NA,NA,NA,NA,NA,NA,NA,NA,NA,NA,"",NA,NA,NA,236745.52,-45084.59,1,"S",1.04754654867257,-0.199489336283186
NA,"Sky-H4-4",234.30213,-56.42319,NA,NA,NA,NA,241.1273283,-22.107569989,NA,NA,NA,NA,NA,NA,NA,NA,NA,NA,NA,NA,NA,"",NA,NA,NA,234302.13,-56423.19,1,"S",1.03673508849558,-0.249660132743363
NA,"Sky-H4-5",231.31601,-67.6311,NA,NA,NA,NA,241.1142331,-22.15429002,NA,NA,NA,NA,NA,NA,NA,NA,NA,NA,NA,NA,NA,"",NA,NA,NA,231316.01,-67631.1,1,"S",1.02352216814159,-0.299252654867257
NA,"Sky-H4-6",227.79409,-78.68236,NA,NA,NA,NA,241.0987184,-22.200370357,NA,NA,NA,NA,NA,NA,NA,NA,NA,NA,NA,NA,NA,"",NA,NA,NA,227794.09,-78682.36,1,"S",1.00793845132743,-0.34815203539823
NA,"Sky-H4-7",223.74453,-89.55136,NA,NA,NA,NA,241.080818,-22.245703753,NA,NA,NA,NA,NA,NA,NA,NA,NA,NA,NA,NA,NA,"",NA,NA,NA,223744.53,-89551.36,1,"S",0.990020044247788,-0.396244955752212
NA,"Sky-H4-8",219.17732,-100.21161,NA,NA,NA,NA,241.0605741,-22.290179173,NA,NA,NA,NA,NA,NA,NA,NA,NA,NA,NA,NA,NA,"",NA,NA,NA,219177.32,-100211.61,1,"S",0.969811150442478,-0.443414203539823
NA,"Sky-H5-1",41.83481,-237.34134,NA,NA,NA,NA,240.2636988,-22.863547047,NA,NA,NA,NA,NA,NA,NA,NA,NA,NA,NA,NA,NA,"",NA,NA,NA,41834.81,-237341.34,1,"S",0.185109778761062,-1.05018292035398
NA,"Sky-H5-2",30.36687,-239.07931,NA,NA,NA,NA,240.211921,-22.870838224,NA,NA,NA,NA,NA,NA,NA,NA,NA,NA,NA,NA,NA,"",NA,NA,NA,30366.87,-239079.31,1,"S",0.134366681415929,-1.05787305309735
NA,"Sky-H5-3",18.8286,-240.26349,NA,NA,NA,NA,240.1598177,-22.875810338,NA,NA,NA,NA,NA,NA,NA,NA,NA,NA,NA,NA,NA,"",NA,NA,NA,18828.6,-240263.49,1,"S",0.083312389380531,-1.06311278761062
NA,"Sky-H5-4",7.2467,-240.89115,NA,NA,NA,NA,240.1075119,-22.878451601,NA,NA,NA,NA,NA,NA,NA,NA,NA,NA,NA,NA,NA,"",NA,NA,NA,7246.7,-240891.15,1,"S",0.0320650442477876,-1.06589004424779
NA,"Sky-H5-5",-4.35197,-240.96083,NA,NA,NA,NA,240.0551273,-22.878755651,NA,NA,NA,NA,NA,NA,NA,NA,NA,NA,NA,NA,NA,"",NA,NA,NA,-4351.97,-240960.83,1,"S",-0.0192565044247788,-1.06619836283186
NA,"Sky-H5-6",-15.94057,-240.47237,NA,NA,NA,NA,240.0027876,-22.876721669,NA,NA,NA,NA,NA,NA,NA,NA,NA,NA,NA,NA,NA,"",NA,NA,NA,-15940.57,-240472.37,1,"S",-0.0705334955752212,-1.06403703539823
NA,"Sky-H5-7",-27.49224,-239.4269,NA,NA,NA,NA,239.9506167,-22.872354347,NA,NA,NA,NA,NA,NA,NA,NA,NA,NA,NA,NA,NA,"",NA,NA,NA,-27492.24,-239426.9,1,"S",-0.121647079646018,-1.0594110619469
NA,"Sky-H5-8",-38.97879,-237.82707,NA,NA,NA,NA,239.8987441,-22.865664845,NA,NA,NA,NA,NA,NA,NA,NA,NA,NA,NA,NA,NA,"",NA,NA,NA,-38978.79,-237827.07,1,"S",-0.172472522123894,-1.05233216814159
NA,"Sky-H6-1",-58.36925,-233.82492,NA,NA,NA,NA,239.8111949,-22.848921233,NA,NA,NA,NA,NA,NA,NA,NA,NA,NA,NA,NA,NA,"",NA,NA,NA,-58369.25,-233824.92,1,"S",-0.258271017699115,-1.03462353982301
NA,"Sky-H6-2",-69.55194,-230.74573,NA,NA,NA,NA,239.7607181,-22.836035875,NA,NA,NA,NA,NA,NA,NA,NA,NA,NA,NA,NA,NA,"",NA,NA,NA,-69551.94,-230745.73,1,"S",-0.307751946902655,-1.02099880530973
NA,"Sky-H6-3",-80.57354,-227.13205,NA,NA,NA,NA,239.7109816,-22.820912663,NA,NA,NA,NA,NA,NA,NA,NA,NA,NA,NA,NA,NA,"",NA,NA,NA,-80573.54,-227132.05,1,"S",-0.356520088495575,-1.00500907079646
NA,"Sky-H6-4",-91.4085,-222.99226,NA,NA,NA,NA,239.6621025,-22.803587209,NA,NA,NA,NA,NA,NA,NA,NA,NA,NA,NA,NA,NA,"",NA,NA,NA,-91408.5,-222992.26,1,"S",-0.404462389380531,-0.986691415929204
NA,"Sky-H6-5",-102.03172,-218.33596,NA,NA,NA,NA,239.6141961,-22.784100316,NA,NA,NA,NA,NA,NA,NA,NA,NA,NA,NA,NA,NA,"",NA,NA,NA,-102031.72,-218335.96,1,"S",-0.45146778761062,-0.966088318584071
NA,"Sky-H6-6",-112.41861,-213.17391,NA,NA,NA,NA,239.5673749,-22.762497726,NA,NA,NA,NA,NA,NA,NA,NA,NA,NA,NA,NA,NA,"",NA,NA,NA,-112418.61,-213173.91,1,"S",-0.497427477876106,-0.943247389380531
NA,"Sky-H6-7",-122.54511,-207.51809,NA,NA,NA,NA,239.5217489,-22.738830346,NA,NA,NA,NA,NA,NA,NA,NA,NA,NA,NA,NA,NA,"",NA,NA,NA,-122545.11,-207518.09,1,"S",-0.542235,-0.918221637168142
NA,"Sky-H6-8",-132.38652,-201.3824,NA,NA,NA,NA,239.4774307,-22.713157186,NA,NA,NA,NA,NA,NA,NA,NA,NA,NA,NA,NA,NA,"",NA,NA,NA,-132386.52,-201382.4,1,"S",-0.585781061946903,-0.891072566371681
NA,"Sky-H7-1",-205.47015,-122.07792,NA,NA,NA,NA,239.149106,-22.381950704,NA,NA,NA,NA,NA,NA,NA,NA,NA,NA,NA,NA,NA,"",NA,NA,NA,-205470.15,-122077.92,2,"S",-0.909159955752212,-0.540167787610619
NA,"Sky-H7-2",-212.87255,-112.98823,NA,NA,NA,NA,239.1165191,-22.343652111,NA,NA,NA,NA,NA,NA,NA,NA,NA,NA,NA,NA,NA,"",NA,NA,NA,-212872.55,-112988.23,1,"S",-0.941913938053097,-0.499947920353982
NA,"Sky-H7-3",-218.06235,-102.61518,NA,NA,NA,NA,239.0934305,-22.300339157,NA,NA,NA,NA,NA,NA,NA,NA,NA,NA,NA,NA,NA,"",NA,NA,NA,-218062.35,-102615.18,1,"S",-0.964877654867257,-0.454049469026549
NA,"Sky-H7-4",-222.74704,-92.00444,NA,NA,NA,NA,239.0726341,-22.256044746,NA,NA,NA,NA,NA,NA,NA,NA,NA,NA,NA,NA,NA,"",NA,NA,NA,-222747.04,-92004.44,1,"S",-0.985606371681416,-0.407099292035398
NA,"Sky-H7-5",-226.91579,-81.18059,NA,NA,NA,NA,239.0541763,-22.210872274,NA,NA,NA,NA,NA,NA,NA,NA,NA,NA,NA,NA,NA,"",NA,NA,NA,-226915.79,-81180.59,1,"S",-1.00405216814159,-0.359206150442478
NA,"Sky-H7-6",-230.55892,-70.1687,NA,NA,NA,NA,239.0380983,-22.164927096,NA,NA,NA,NA,NA,NA,NA,NA,NA,NA,NA,NA,NA,"",NA,NA,NA,-230558.92,-70168.7,1,"S",-1.02017221238938,-0.310480973451327
NA,"Sky-H7-7",-233.66801,-58.99428,NA,NA,NA,NA,239.0244352,-22.118316295,NA,NA,NA,NA,NA,NA,NA,NA,NA,NA,NA,NA,NA,"",NA,NA,NA,-233668.01,-58994.28,1,"S",-1.03392924778761,-0.261036637168142
NA,"Sky-H7-8",-236.23556,-47.68464,NA,NA,NA,NA,239.013218,-22.071154356,NA,NA,NA,NA,NA,NA,NA,NA,NA,NA,NA,NA,NA,"",NA,NA,NA,-236235.56,-47684.64,1,"S",-1.04529008849558,-0.210993982300885
