#OBSTEMP,8
#CONFIGTEMP,19
#EQUINOX,J2000.0
#CENTRE,16 00 19.20,-22 11 45.6 #Field centre
#UTTIME,12 00 00.00 #Target observing time
#UTDATE,2021 07 10 #Target observing date
#PLATEID,a test_plateID
#LABEL,240_m20_comissioning Tile 012
#TILING_DATE,2021 06 07 # Date the tile was created/configured
#PROXIMITY,220 # tiling proximity value in arcseconds
"probe","ID","x","y","rads","angs","azAngs","angs_azAng","RA","DEC","g_mag","r_mag","i_mag","z_mag","y_mag","GAIA_g_mag","GAIA_bp_mag","GAIA_rp_mag","pmRA","pmDEC","priority","remaining_observations","Tile_number","COMPLETED","MagnetX_noDC","MagnetY_noDC","type","MagnetX","MagnetY","Position","fibre_type","fraction_plate_radius_X","fraction_plate_radius_Y"
1,"6237392098439920384",-97.81735,-116.79479,152.34584645525,2.30124205030761,0.873595445600023,1.42764660470759,239.62932,-22.691795,16.7273006439209,15.8837995529175,15.5002002716064,15.2749004364014,15.1253995895386,15.886109,16.544476,15.098117,-1.15323144027421,-3.3715972935571,1,1,-999,"False",-101851.657894736,-112047.472447369,1,-97817.35,-116794.79,NA,"P",-0.432820132743363,-0.51679110619469
2,"6243464838600961024",10.63203,85.79534,86.4516074323462,0.205525044538491,4.58909439514943,1.89961595656865,240.12906,-21.828533,17.6648006439209,17.1336002349854,16.8733997344971,16.7548999786377,16.6721000671387,17.145042,17.574955,16.49509,-14.7152809957496,-10.5301413718238,1,1,-999,"False",11089.5821052642,83049.7395526313,1,10632.03,85795.34,NA,"P",0.0470443805309734,0.379625398230088
3,"6243397046837571328",-56.39257,-96.59135,111.848159779352,1.98175483668194,1.04235415168273,0.939400684999204,239.81892,-22.60857,16.6634006500244,15.9805002212524,15.6919002532959,15.5635995864868,15.4728002548218,15.999449,16.516747,15.316717,-7.27246276696104,-5.22013803154693,1,1,-999,"False",-59002.0578947335,-93238.6224473687,1,-56392.57,-96591.35,NA,"P",-0.249524646017699,-0.427395353982301
4,"6243214214367468928",21.79153,-85.082,87.828341119145,1.4173718043266,1.82153026357148,5.87902684793471,240.181,-22.560228,18.5494003295898,17.8964004516602,17.5918998718262,17.4368000030518,17.3183994293213,17.924452,18.04988,17.119629,-5.66329648753062,-6.73875157369428,1,1,-999,"False",22828.0221052582,-82313.3304473683,1,21791.53,-85082,NA,"P",0.0964226991150442,-0.376469026548673
5,"6237479887571956608",-192.30638,8.01021,192.473133847165,4.67131305622413,-0.0416293117008912,4.71294236792502,239.20387,-22.159822,18.1450996398926,17.1898994445801,16.7653007507324,16.5450000762939,16.3747005462646,17.209738,17.876957,16.36623,-2.85039118476509,-10.5754669388822,1,1,-999,"False",-198003.357894733,8178.42555263173,1,-192306.38,8010.21,NA,"P",-0.850913185840708,0.035443407079646
6,"6243142750415493504",71.19614,-171.25463,185.464386466342,0.655511247865494,1.96479132839958,4.9739052266455,240.40636,-22.918844,17.960599899292,17.4202995300293,17.1877994537354,17.0941009521484,17.0088996887207,17.445877,17.87355,16.806068,-1.45409714582726,-3.38647377632035,1,1,-999,"False",73759.3821052635,-163360.546447369,1,71196.14,-171254.63,NA,"P",0.315027168141593,-0.757763849557522
7,"6243144468402405376",107.551,-150.28716,184.806515204052,4.05192302389239,2.19193978107751,1.85998324281488,240.57278,-22.829985,17.7926006317139,17.0293006896973,16.7329998016357,16.5876998901367,16.456600189209,17.084438,17.671185,16.352966,-5.64374955986225,-0.0591246347646028,1,1,-999,"False",111370.302105261,-143278.412447369,1,107551,-150287.16,NA,"P",0.475889380530973,-0.664987433628319
8,"6243358426493916288",136.96998,82.23744,159.761609778301,-0.0922034809094026,3.68230978292461,2.50867204334557,240.70651,-21.845705,17.2203006744385,16.74169921875,16.5317993164063,16.4333992004395,16.3822994232178,16.768055,17.103195,16.120699,0.00958384025875807,-0.106947045893592,1,1,-999,"False",141593.282105264,79168.8675526316,1,136969.98,82237.44,NA,"P",0.60606185840708,0.363882477876106
9,"6243248264868749056",79.34283,-11.85248,80.2232257800651,3.9621026911886,2.99330605990666,0.968796631281942,240.44728,-22.2464,18.2476997375488,17.6408996582031,17.3747005462646,17.24880027771,17.1653003692627,17.662048,18.127525,16.992537,-2.598501596857,-4.01876743380159,1,1,-999,"False",83007.302105257,-11388.2024473689,1,79342.83,-11852.48,NA,"P",0.351074469026549,-0.0524446017699115
10,"6243402372596160256",-97.03344,-72.24348,120.973587533577,-1.08129394698166,0.639985623432784,4.56190573676514,239.63162,-22.503763,17.8425998687744,17.1723003387451,16.9423999786377,16.8230991363525,16.7087993621826,17.2135,17.620045,16.506973,-12.528356361887,1.29525815880446,1,1,-999,"False",-101331.857894732,-69552.2404473685,1,-97033.44,-72243.48,NA,"P",-0.429351504424779,-0.319661415929203
11,"6243439687272342400",-8.58299,21.96823,23.5853947745845,3.56075530666975,-1.19833271054254,4.75908801721229,240.04008,-22.101349,18.5121002197266,17.7306003570557,17.4253005981445,17.2597999572754,17.1898994445801,17.778414,18.320932,17.033844,-2.60066331252978,-5.17736224135622,1,1,-999,"False",-9019.8978947405,21393.3235526316,1,-8582.99,21968.23,NA,"P",-0.0379778318584071,0.0972045575221239
12,"6243525414819972992",-137.91335,116.34939,180.436339636988,3.13155390894368,-0.700790874918972,3.83234478386265,239.45204,-21.702549,18.324499130249,17.8617000579834,17.6368999481201,17.5296993255615,17.4472007751465,17.857681,18.214815,17.261566,1.64374822629607,-13.0934363308673,1,1,-999,"False",-141916.937894742,111522.123552632,1,-137913.35,116349.39,NA,"P",-0.610236061946903,0.514820309734513
13,"6243175117289187968",134.10994,-92.0997,162.689368880986,4.18054319731809,2.53981629624076,1.64072690107733,240.6961,-22.58555,18.2141990661621,17.6874008178711,17.4559001922607,17.351900100708,17.2777996063232,17.716913,18.066381,17.051514,-4.60049222404875,-4.07309945583429,1,1,-999,"False",139240.622105262,-88036.1024473689,1,134109.94,-92099.7,NA,"P",0.593406814159292,-0.407520796460177
14,"6243477448624980864",-100.7841,30.28518,105.236053424871,-0.42228147603245,-0.291911424075214,6.15281525522235,239.61473,-22.065756,16.9053993225098,16.1765003204346,15.8108997344971,15.6217002868652,15.5064001083374,16.176498,16.774418,15.431538,-8.48481765279972,-0.677646378314667,1,1,-999,"False",-105148.997894742,29437.3415526313,1,-100784.1,30285.18,NA,"P",-0.445947345132743,0.134005221238938
15,"6243400173573789184",-57.25788,-69.79956,90.2798061489279,-0.922536128298104,0.88378817934787,4.47686099953361,239.8147,-22.49456,14.728099822998,14.0906000137329,13.8498001098633,13.7278995513916,13.6350002288818,14.119634,14.613151,13.473094,1.5065681169796,-6.94635617297012,1,1,-999,"False",-59955.7778947408,-67472.3624473686,1,-57257.88,-69799.56,NA,"P",-0.253353451327434,-0.308847610619469
16,"6243615707912435072",0.77261,179.46191,179.463573092314,2.81303038914947,4.70808385944403,4.38813183688503,240.08353,-21.436655,18.6119995117188,17.5862007141113,17.1107006072998,16.9018993377686,16.7161998748779,17.628963,18.327158,16.729961,0.957190346114565,-2.16069553368049,1,1,-999,"False",799.802105254685,171614.167552632,1,772.61,179461.91,NA,"P",0.00341862831858407,0.794079247787611
17,"6243425634139330176",-36.44128,-3.11504,36.5741761662515,-0.303992459694418,0.0852737850167058,5.89391906246846,239.91068,-22.209312,17.3372001647949,16.7752990722656,16.5347995758057,16.42799949646,16.3332996368408,16.801737,17.258743,16.16777,3.95422872389491,-2.71417514683974,1,1,-999,"False",-38264.2978947414,-3006.31444736878,1,-36441.28,-3115.04,NA,"P",-0.161244601769912,-0.0137833628318584
18,"6243274451293212416",192.88036,-61.64121,202.490671498698,4.69612059456757,2.83226836895162,1.86385222561595,240.9584,-22.45314,15.4721002578735,14.8154001235962,14.524299621582,14.3797998428345,14.2815999984741,14.8659315,15.402696,14.176042,0.761409694387878,2.37351351732649,1,1,-999,"False",198520.422105265,-58111.4424473681,1,192880.36,-61641.21,NA,"P",0.853452920353982,-0.272748716814159
19,"6243511945802354048",-37.90198,92.01657,99.5168791838113,-0.136150584260266,-1.18007031144854,1.04391972718828,239.90523,-21.801947,17.9377994537354,17.236499786377,16.9353008270264,16.793399810791,16.6921005249023,17.267778,17.815548,16.54521,-3.13748419189595,-6.59077652015307,1,1,-999,"False",-39495.9978947405,89058.1755526317,1,-37901.98,92016.57,NA,"P",-0.167707876106195,0.40715296460177
20,"6237406009834692224",-179.71641,-83.68557,198.245460602539,4.49185743977687,0.435794832585742,4.05606260719112,240.74823,-21.609613,16.4029006958008,16.2451000213623,16.2350997924805,16.2502002716064,16.2143993377686,16.225073,16.427786,15.877902,-3.22034135021226,-3.54382907322908,1,NA,NA,"",151022.002105257,132525.659552631,0,147538.09,138945.93,NA,"P",0.652823407079646,0.614805
21,"6243573862052094720",147.53809,138.94593,202.665881352568,0.0754433913447103,3.89700804462428,2.46162065390001,239.25983,-22.546618,18.0578994750977,17.7684993743896,17.6587009429932,17.6249008178711,17.5941009521484,17.748343,17.977957,17.277533,-9.30312418832899,-0.588341722384249,1,NA,NA,"",-185356.397894739,-79237.4704473684,0,-179716.41,-83685.57,NA,"P",-0.795205353982301,-0.370290132743363
NA,"Sky-A1-1",-226.46104,82.44066,NA,NA,NA,NA,239.0636372,-21.849394386,NA,NA,NA,NA,NA,NA,NA,NA,NA,NA,NA,NA,NA,"",NA,NA,NA,-226461.04,82440.66,1,"S",-1.00204,0.364781681415929
NA,"Sky-A1-2",-222.23219,93.24117,NA,NA,NA,NA,239.0829138,-21.804516654,NA,NA,NA,NA,NA,NA,NA,NA,NA,NA,NA,NA,NA,"",NA,NA,NA,-222232.19,93241.17,1,"S",-0.983328274336283,0.412571548672566
NA,"Sky-A1-3",-217.48859,103.8257,NA,NA,NA,NA,239.1044823,-21.760548812,NA,NA,NA,NA,NA,NA,NA,NA,NA,NA,NA,NA,NA,"",NA,NA,NA,-217488.59,103825.7,1,"S",-0.96233889380531,0.459405752212389
NA,"Sky-A1-4",-212.24121,114.16975,NA,NA,NA,NA,239.1282913,-21.717591929,NA,NA,NA,NA,NA,NA,NA,NA,NA,NA,NA,NA,NA,"",NA,NA,NA,-212241.21,114169.75,1,"S",-0.939120398230089,0.505175884955752
NA,"Sky-A1-5",-206.50222,124.24934,NA,NA,NA,NA,239.1542841,-21.675744822,NA,NA,NA,NA,NA,NA,NA,NA,NA,NA,NA,NA,NA,"",NA,NA,NA,-206502.22,124249.34,1,"S",-0.913726637168142,0.549775840707965
NA,"Sky-A1-6",-200.2849,134.04112,NA,NA,NA,NA,239.1823994,-21.635103613,NA,NA,NA,NA,NA,NA,NA,NA,NA,NA,NA,NA,NA,"",NA,NA,NA,-200284.9,134041.12,1,"S",-0.886216371681416,0.593102300884956
NA,"Sky-A1-7",-193.60365,143.52243,NA,NA,NA,NA,239.2125711,-21.595761483,NA,NA,NA,NA,NA,NA,NA,NA,NA,NA,NA,NA,NA,"",NA,NA,NA,-193603.65,143522.43,1,"S",-0.856653318584071,0.635055
NA,"Sky-A2-1",-3.01251,240.9813,NA,NA,NA,NA,240.0665668,-21.192103997,NA,NA,NA,NA,NA,NA,NA,NA,NA,NA,NA,NA,NA,"",NA,NA,NA,-3012.51,240981.3,1,"S",-0.0133296902654867,1.0662889380531
NA,"Sky-A2-2",8.5856,240.84715,NA,NA,NA,NA,240.1183852,-21.192676969,NA,NA,NA,NA,NA,NA,NA,NA,NA,NA,NA,NA,NA,"",NA,NA,NA,8585.6,240847.15,1,"S",0.0379893805309735,1.0656953539823
NA,"Sky-A2-3",20.16382,240.15512,NA,NA,NA,NA,240.1701149,-21.195558938,NA,NA,NA,NA,NA,NA,NA,NA,NA,NA,NA,NA,NA,"",NA,NA,NA,20163.82,240155.12,1,"S",0.0892204424778761,1.06263327433628
NA,"Sky-A2-4",31.69534,238.90682,NA,NA,NA,NA,240.2216382,-21.200743214,NA,NA,NA,NA,NA,NA,NA,NA,NA,NA,NA,NA,NA,"",NA,NA,NA,31695.34,238906.82,1,"S",0.140244867256637,1.05710982300885
NA,"Sky-A2-5",43.15344,237.10513,NA,NA,NA,NA,240.2728381,-21.208217935,NA,NA,NA,NA,NA,NA,NA,NA,NA,NA,NA,NA,NA,"",NA,NA,NA,43153.44,237105.13,1,"S",0.190944424778761,1.04913774336283
NA,"Sky-A2-6",54.51158,234.75423,NA,NA,NA,NA,240.3235982,-21.217965953,NA,NA,NA,NA,NA,NA,NA,NA,NA,NA,NA,NA,NA,"",NA,NA,NA,54511.58,234754.23,1,"S",0.241201681415929,1.03873553097345
NA,"Sky-A2-7",65.74346,231.85957,NA,NA,NA,NA,240.3738031,-21.229964953,NA,NA,NA,NA,NA,NA,NA,NA,NA,NA,NA,NA,NA,"",NA,NA,NA,65743.46,231859.57,1,"S",0.290900265486726,1.02592730088496
NA,"Sky-A3-1",231.67752,66.38214,NA,NA,NA,NA,241.1196183,-21.916424557,NA,NA,NA,NA,NA,NA,NA,NA,NA,NA,NA,NA,NA,"",NA,NA,NA,231677.52,66382.14,1,"S",1.0251217699115,0.293726283185841
NA,"Sky-A3-2",234.60313,55.15828,NA,NA,NA,NA,241.1330607,-21.963069977,NA,NA,NA,NA,NA,NA,NA,NA,NA,NA,NA,NA,NA,"",NA,NA,NA,234603.13,55158.28,1,"S",1.03806694690265,0.244063185840708
NA,"Sky-A3-3",236.98531,43.80666,NA,NA,NA,NA,241.1440761,-22.010258872,NA,NA,NA,NA,NA,NA,NA,NA,NA,NA,NA,NA,NA,"",NA,NA,NA,236985.31,43806.66,1,"S",1.04860756637168,0.193834778761062
NA,"Sky-A3-4",238.81857,32.35357,NA,NA,NA,NA,241.152637,-22.057882494,NA,NA,NA,NA,NA,NA,NA,NA,NA,NA,NA,NA,NA,"",NA,NA,NA,238818.57,32353.57,1,"S",1.05671933628319,0.143157389380531
NA,"Sky-A3-5",240.09865,20.82553,NA,NA,NA,NA,241.1587214,-22.105831027,NA,NA,NA,NA,NA,NA,NA,NA,NA,NA,NA,NA,NA,"",NA,NA,NA,240098.65,20825.53,1,"S",1.06238340707965,0.0921483628318584
NA,"Sky-A3-6",240.82258,9.24926,NA,NA,NA,NA,241.1623129,-22.153993701,NA,NA,NA,NA,NA,NA,NA,NA,NA,NA,NA,NA,NA,"",NA,NA,NA,240822.58,9249.26,1,"S",1.06558663716814,0.0409259292035398
NA,"Sky-A3-7",240.98869,2.34844,NA,NA,NA,NA,241.1632624,-22.182710843,NA,NA,NA,NA,NA,NA,NA,NA,NA,NA,NA,NA,NA,"",NA,NA,NA,240988.69,2348.44,1,"S",1.06632163716814,0.0103913274336283
NA,"Sky-A4-1",210.21182,-117.86456,NA,NA,NA,NA,241.0280802,-22.683782905,NA,NA,NA,NA,NA,NA,NA,NA,NA,NA,NA,NA,NA,"",NA,NA,NA,210211.82,-117864.56,1,"S",0.930140796460177,-0.521524601769911
NA,"Sky-A4-2",204.2974,-127.84223,NA,NA,NA,NA,241.0016672,-22.725444522,NA,NA,NA,NA,NA,NA,NA,NA,NA,NA,NA,NA,NA,"",NA,NA,NA,204297.4,-127842.23,1,"S",0.903970796460177,-0.565673584070796
NA,"Sky-A4-3",197.90977,-137.52377,NA,NA,NA,NA,240.9730971,-22.76588089,NA,NA,NA,NA,NA,NA,NA,NA,NA,NA,NA,NA,NA,"",NA,NA,NA,197909.77,-137523.77,1,"S",0.875706946902655,-0.608512256637168
NA,"Sky-A4-4",191.06371,-146.88677,NA,NA,NA,NA,240.9424348,-22.804997516,NA,NA,NA,NA,NA,NA,NA,NA,NA,NA,NA,NA,NA,"",NA,NA,NA,191063.71,-146886.77,1,"S",0.845414646017699,-0.649941460176991
NA,"Sky-A4-5",183.77509,-155.90952,NA,NA,NA,NA,240.9097505,-22.842702752,NA,NA,NA,NA,NA,NA,NA,NA,NA,NA,NA,NA,NA,"",NA,NA,NA,183775.09,-155909.52,1,"S",0.813164115044248,-0.689865132743363
NA,"Sky-A4-6",176.06079,-164.57115,NA,NA,NA,NA,240.8751191,-22.878908392,NA,NA,NA,NA,NA,NA,NA,NA,NA,NA,NA,NA,NA,"",NA,NA,NA,176060.79,-164571.15,1,"S",0.779030044247788,-0.72819092920354
NA,"Sky-A4-7",167.93867,-172.85157,NA,NA,NA,NA,240.8386204,-22.913529445,NA,NA,NA,NA,NA,NA,NA,NA,NA,NA,NA,NA,NA,"",NA,NA,NA,167938.67,-172851.57,1,"S",0.743091460176991,-0.764829955752212
NA,"Sky-A5-1",-148.4702,-189.83588,NA,NA,NA,NA,239.4086549,-22.984798923,NA,NA,NA,NA,NA,NA,NA,NA,NA,NA,NA,NA,NA,"",NA,NA,NA,-148470.2,-189835.88,1,"S",-0.656947787610619,-0.839981769911504
NA,"Sky-A5-2",-157.43205,-182.47249,NA,NA,NA,NA,239.3682751,-22.953996384,NA,NA,NA,NA,NA,NA,NA,NA,NA,NA,NA,NA,NA,"",NA,NA,NA,-157432.05,-182472.49,1,"S",-0.696601991150442,-0.807400398230088
NA,"Sky-A5-3",-166.02924,-174.68645,NA,NA,NA,NA,239.3295686,-22.921430932,NA,NA,NA,NA,NA,NA,NA,NA,NA,NA,NA,NA,NA,"",NA,NA,NA,-166029.24,-174686.45,1,"S",-0.734642654867257,-0.77294889380531
NA,"Sky-A5-4",-174.24185,-166.49577,NA,NA,NA,NA,239.2926254,-22.887178939,NA,NA,NA,NA,NA,NA,NA,NA,NA,NA,NA,NA,NA,"",NA,NA,NA,-174241.85,-166495.77,1,"S",-0.770981637168142,-0.736706946902655
NA,"Sky-A5-5",-182.05086,-157.91943,NA,NA,NA,NA,239.2575309,-22.851320823,NA,NA,NA,NA,NA,NA,NA,NA,NA,NA,NA,NA,NA,"",NA,NA,NA,-182050.86,-157919.43,1,"S",-0.805534778761062,-0.698758539823009
NA,"Sky-A5-6",-189.43818,-148.97731,NA,NA,NA,NA,239.2243663,-22.813940752,NA,NA,NA,NA,NA,NA,NA,NA,NA,NA,NA,NA,NA,"",NA,NA,NA,-189438.18,-148977.31,1,"S",-0.83822203539823,-0.659191637168142
NA,"Sky-A5-7",-196.38671,-139.6901,NA,NA,NA,NA,239.1932079,-22.775126255,NA,NA,NA,NA,NA,NA,NA,NA,NA,NA,NA,NA,NA,"",NA,NA,NA,-196386.71,-139690.1,1,"S",-0.868967743362832,-0.61809778761062
NA,"Sky-H1-1",-181.17025,158.92893,NA,NA,NA,NA,239.2686274,-21.531855476,NA,NA,NA,NA,NA,NA,NA,NA,NA,NA,NA,NA,NA,"",NA,NA,NA,-181170.25,158928.93,1,"S",-0.801638274336283,0.703225353982301
NA,"Sky-H1-2",-173.31368,167.46173,NA,NA,NA,NA,239.3039989,-21.496473672,NA,NA,NA,NA,NA,NA,NA,NA,NA,NA,NA,NA,NA,"",NA,NA,NA,-173313.68,167461.73,1,"S",-0.766874690265487,0.74098110619469
NA,"Sky-H1-3",-165.05567,175.60663,NA,NA,NA,NA,239.3411432,-21.462708631,NA,NA,NA,NA,NA,NA,NA,NA,NA,NA,NA,NA,NA,"",NA,NA,NA,-165055.67,175606.63,1,"S",-0.73033482300885,0.777020486725664
NA,"Sky-H1-4",-156.41534,183.34477,NA,NA,NA,NA,239.3799743,-21.430637557,NA,NA,NA,NA,NA,NA,NA,NA,NA,NA,NA,NA,NA,"",NA,NA,NA,-156415.34,183344.77,1,"S",-0.692103274336283,0.811260044247788
NA,"Sky-H1-5",-147.4127,190.65822,NA,NA,NA,NA,239.4204024,-21.400333779,NA,NA,NA,NA,NA,NA,NA,NA,NA,NA,NA,NA,NA,"",NA,NA,NA,-147412.7,190658.22,1,"S",-0.652268584070796,0.843620442477876
NA,"Sky-H1-6",-138.06861,197.53006,NA,NA,NA,NA,239.4623344,-21.371866438,NA,NA,NA,NA,NA,NA,NA,NA,NA,NA,NA,NA,NA,"",NA,NA,NA,-138068.61,197530.06,1,"S",-0.610923053097345,0.874026814159292
NA,"Sky-H1-7",-128.4047,203.94434,NA,NA,NA,NA,239.5056737,-21.345300648,NA,NA,NA,NA,NA,NA,NA,NA,NA,NA,NA,NA,NA,"",NA,NA,NA,-128404.7,203944.34,1,"S",-0.568162389380531,0.902408584070796
NA,"Sky-H1-8",-118.44464,209.88551,NA,NA,NA,NA,239.5503152,-21.32069989,NA,NA,NA,NA,NA,NA,NA,NA,NA,NA,NA,NA,NA,"",NA,NA,NA,-118444.64,209885.51,1,"S",-0.524091327433628,0.928696946902655
NA,"Sky-H2-1",-100.81652,218.89973,NA,NA,NA,NA,239.62927,-21.283385829,NA,NA,NA,NA,NA,NA,NA,NA,NA,NA,NA,NA,NA,"",NA,NA,NA,-100816.52,218899.73,1,"S",-0.446090796460177,0.968582876106195
NA,"Sky-H2-2",-90.16757,223.49692,NA,NA,NA,NA,239.6769366,-21.264362004,NA,NA,NA,NA,NA,NA,NA,NA,NA,NA,NA,NA,NA,"",NA,NA,NA,-90167.57,223496.92,1,"S",-0.398971548672566,0.988924424778761
NA,"Sky-H2-3",-79.30977,227.57641,NA,NA,NA,NA,239.7255191,-21.247484707,NA,NA,NA,NA,NA,NA,NA,NA,NA,NA,NA,NA,NA,"",NA,NA,NA,-79309.77,227576.41,1,"S",-0.350928185840708,1.00697526548673
NA,"Sky-H2-4",-68.26826,231.12877,NA,NA,NA,NA,239.7749066,-21.232792251,NA,NA,NA,NA,NA,NA,NA,NA,NA,NA,NA,NA,NA,"",NA,NA,NA,-68268.26,231128.77,1,"S",-0.302071946902655,1.02269367256637
NA,"Sky-H2-5",-57.06862,234.14576,NA,NA,NA,NA,239.8249866,-21.220318078,NA,NA,NA,NA,NA,NA,NA,NA,NA,NA,NA,NA,NA,"",NA,NA,NA,-57068.62,234145.76,1,"S",-0.252516017699115,1.03604318584071
NA,"Sky-H2-6",-45.73679,236.62039,NA,NA,NA,NA,239.8756449,-21.210090526,NA,NA,NA,NA,NA,NA,NA,NA,NA,NA,NA,NA,NA,"",NA,NA,NA,-45736.79,236620.39,1,"S",-0.20237517699115,1.04699287610619
NA,"Sky-H2-7",-34.29902,238.54693,NA,NA,NA,NA,239.9267663,-21.202132789,NA,NA,NA,NA,NA,NA,NA,NA,NA,NA,NA,NA,NA,"",NA,NA,NA,-34299.02,238546.93,1,"S",-0.151765575221239,1.05551738938053
NA,"Sky-H2-8",-22.78326,239.92079,NA,NA,NA,NA,239.978228,-21.196463423,NA,NA,NA,NA,NA,NA,NA,NA,NA,NA,NA,NA,NA,"",NA,NA,NA,-22783.26,239920.79,1,"S",-0.100810884955752,1.0615964159292
NA,"Sky-H3-1",184.61356,154.91577,NA,NA,NA,NA,240.9065237,-21.548896499,NA,NA,NA,NA,NA,NA,NA,NA,NA,NA,NA,NA,NA,"",NA,NA,NA,184613.56,154915.77,1,"S",0.816874159292035,0.685468008849557
NA,"Sky-H3-2",191.8534,145.85382,NA,NA,NA,NA,240.9391344,-21.586483497,NA,NA,NA,NA,NA,NA,NA,NA,NA,NA,NA,NA,NA,"",NA,NA,NA,191853.4,145853.82,1,"S",0.848908849557522,0.645370884955752
NA,"Sky-H3-3",198.64884,136.45402,NA,NA,NA,NA,240.9697785,-21.625479061,NA,NA,NA,NA,NA,NA,NA,NA,NA,NA,NA,NA,NA,"",NA,NA,NA,198648.84,136454.02,1,"S",0.878977168141593,0.603778849557522
NA,"Sky-H3-4",204.98415,126.73816,NA,NA,NA,NA,240.9983845,-21.665793772,NA,NA,NA,NA,NA,NA,NA,NA,NA,NA,NA,NA,NA,"",NA,NA,NA,204984.15,126738.16,1,"S",0.907009513274336,0.560788318584071
NA,"Sky-H3-5",210.84465,116.72873,NA,NA,NA,NA,241.0248854,-21.70733527,NA,NA,NA,NA,NA,NA,NA,NA,NA,NA,NA,NA,NA,"",NA,NA,NA,210844.65,116728.73,1,"S",0.93294092920354,0.516498805309734
NA,"Sky-H3-6",216.21677,106.44891,NA,NA,NA,NA,241.049219,-21.750008283,NA,NA,NA,NA,NA,NA,NA,NA,NA,NA,NA,NA,NA,"",NA,NA,NA,216216.77,106448.91,1,"S",0.956711371681416,0.471012876106195
NA,"Sky-H3-7",221.08806,95.92253,NA,NA,NA,NA,241.0713276,-21.793714785,NA,NA,NA,NA,NA,NA,NA,NA,NA,NA,NA,NA,NA,"",NA,NA,NA,221088.06,95922.53,1,"S",0.978265752212389,0.424435973451327
NA,"Sky-H3-8",225.44672,85.17533,NA,NA,NA,NA,241.0911564,-21.838348748,NA,NA,NA,NA,NA,NA,NA,NA,NA,NA,NA,NA,NA,"",NA,NA,NA,225446.72,85175.33,1,"S",0.99755185840708,0.376881991150442
NA,"Sky-H4-1",239.9828,-22.12059,NA,NA,NA,NA,241.159462,-22.284576286,NA,NA,NA,NA,NA,NA,NA,NA,NA,NA,NA,NA,NA,"",NA,NA,NA,239982.8,-22120.59,1,"S",1.06187079646018,-0.0978787168141593
NA,"Sky-H4-2",238.64054,-33.64155,NA,NA,NA,NA,241.1537644,-22.332560228,NA,NA,NA,NA,NA,NA,NA,NA,NA,NA,NA,NA,NA,"",NA,NA,NA,238640.54,-33641.55,1,"S",1.05593159292035,-0.148856415929204
NA,"Sky-H4-3",236.74552,-45.08459,NA,NA,NA,NA,241.1455743,-22.380233642,NA,NA,NA,NA,NA,NA,NA,NA,NA,NA,NA,NA,NA,"",NA,NA,NA,236745.52,-45084.59,1,"S",1.04754654867257,-0.199489336283186
NA,"Sky-H4-4",234.30213,-56.42319,NA,NA,NA,NA,241.1349083,-22.427485858,NA,NA,NA,NA,NA,NA,NA,NA,NA,NA,NA,NA,NA,"",NA,NA,NA,234302.13,-56423.19,1,"S",1.03673508849558,-0.249660132743363
NA,"Sky-H4-5",231.31601,-67.6311,NA,NA,NA,NA,241.1217886,-22.474207201,NA,NA,NA,NA,NA,NA,NA,NA,NA,NA,NA,NA,NA,"",NA,NA,NA,231316.01,-67631.1,1,"S",1.02352216814159,-0.299252654867257
NA,"Sky-H4-6",227.79409,-78.68236,NA,NA,NA,NA,241.1062437,-22.520289076,NA,NA,NA,NA,NA,NA,NA,NA,NA,NA,NA,NA,NA,"",NA,NA,NA,227794.09,-78682.36,1,"S",1.00793845132743,-0.34815203539823
NA,"Sky-H4-7",223.74453,-89.55136,NA,NA,NA,NA,241.0883072,-22.565624223,NA,NA,NA,NA,NA,NA,NA,NA,NA,NA,NA,NA,NA,"",NA,NA,NA,223744.53,-89551.36,1,"S",0.990020044247788,-0.396244955752212
NA,"Sky-H4-8",219.17732,-100.21161,NA,NA,NA,NA,241.0680217,-22.610101587,NA,NA,NA,NA,NA,NA,NA,NA,NA,NA,NA,NA,NA,"",NA,NA,NA,219177.32,-100211.61,1,"S",0.969811150442478,-0.443414203539823
NA,"Sky-H5-1",41.83481,-237.34134,NA,NA,NA,NA,240.2693175,-23.183514813,NA,NA,NA,NA,NA,NA,NA,NA,NA,NA,NA,NA,NA,"",NA,NA,NA,41834.81,-237341.34,1,"S",0.185109778761062,-1.05018292035398
NA,"Sky-H5-2",30.36687,-239.07931,NA,NA,NA,NA,240.2174168,-23.190806807,NA,NA,NA,NA,NA,NA,NA,NA,NA,NA,NA,NA,NA,"",NA,NA,NA,30366.87,-239079.31,1,"S",0.134366681415929,-1.05787305309735
NA,"Sky-H5-3",18.8286,-240.26349,NA,NA,NA,NA,240.1651897,-23.195779479,NA,NA,NA,NA,NA,NA,NA,NA,NA,NA,NA,NA,NA,"",NA,NA,NA,18828.6,-240263.49,1,"S",0.083312389380531,-1.06311278761062
NA,"Sky-H5-4",7.2467,-240.89115,NA,NA,NA,NA,240.1127595,-23.198421036,NA,NA,NA,NA,NA,NA,NA,NA,NA,NA,NA,NA,NA,"",NA,NA,NA,7246.7,-240891.15,1,"S",0.0320650442477876,-1.06589004424779
NA,"Sky-H5-5",-4.35197,-240.96083,NA,NA,NA,NA,240.0602504,-23.198725114,NA,NA,NA,NA,NA,NA,NA,NA,NA,NA,NA,NA,NA,"",NA,NA,NA,-4351.97,-240960.83,1,"S",-0.0192565044247788,-1.06619836283186
NA,"Sky-H5-6",-15.67599,-236.481,NA,NA,NA,NA,240.0089141,-23.181174059,NA,NA,NA,NA,NA,NA,NA,NA,NA,NA,NA,NA,NA,"",NA,NA,NA,-15675.99,-236481,3,"S",-0.0693627876106195,-1.04637610619469
NA,"Sky-H5-7",-27.49224,-239.4269,NA,NA,NA,NA,239.9554913,-23.19232307,NA,NA,NA,NA,NA,NA,NA,NA,NA,NA,NA,NA,NA,"",NA,NA,NA,-27492.24,-239426.9,1,"S",-0.121647079646018,-1.0594110619469
NA,"Sky-H5-8",-38.97879,-237.82707,NA,NA,NA,NA,239.9034957,-23.185632806,NA,NA,NA,NA,NA,NA,NA,NA,NA,NA,NA,NA,NA,"",NA,NA,NA,-38978.79,-237827.07,1,"S",-0.172472522123894,-1.05233216814159
NA,"Sky-H6-1",-58.36925,-233.82492,NA,NA,NA,NA,239.8157389,-23.168887314,NA,NA,NA,NA,NA,NA,NA,NA,NA,NA,NA,NA,NA,"",NA,NA,NA,-58369.25,-233824.92,1,"S",-0.258271017699115,-1.03462353982301
NA,"Sky-H6-2",-69.55194,-230.74573,NA,NA,NA,NA,239.7651428,-23.156000534,NA,NA,NA,NA,NA,NA,NA,NA,NA,NA,NA,NA,NA,"",NA,NA,NA,-69551.94,-230745.73,1,"S",-0.307751946902655,-1.02099880530973
NA,"Sky-H6-3",-80.57354,-227.13205,NA,NA,NA,NA,239.7152888,-23.140875678,NA,NA,NA,NA,NA,NA,NA,NA,NA,NA,NA,NA,NA,"",NA,NA,NA,-80573.54,-227132.05,1,"S",-0.356520088495575,-1.00500907079646
NA,"Sky-H6-4",-91.4085,-222.99226,NA,NA,NA,NA,239.6662947,-23.123548375,NA,NA,NA,NA,NA,NA,NA,NA,NA,NA,NA,NA,NA,"",NA,NA,NA,-91408.5,-222992.26,1,"S",-0.404462389380531,-0.986691415929204
NA,"Sky-H6-5",-102.03172,-218.33596,NA,NA,NA,NA,239.6182759,-23.104059444,NA,NA,NA,NA,NA,NA,NA,NA,NA,NA,NA,NA,NA,"",NA,NA,NA,-102031.72,-218335.96,1,"S",-0.45146778761062,-0.966088318584071
NA,"Sky-H6-6",-112.41861,-213.17391,NA,NA,NA,NA,239.5713452,-23.082454647,NA,NA,NA,NA,NA,NA,NA,NA,NA,NA,NA,NA,NA,"",NA,NA,NA,-112418.61,-213173.91,1,"S",-0.497427477876106,-0.943247389380531
NA,"Sky-H6-7",-122.54511,-207.51809,NA,NA,NA,NA,239.5256128,-23.058784912,NA,NA,NA,NA,NA,NA,NA,NA,NA,NA,NA,NA,NA,"",NA,NA,NA,-122545.11,-207518.09,1,"S",-0.542235,-0.918221637168142
NA,"Sky-H6-8",-132.38652,-201.3824,NA,NA,NA,NA,239.4811918,-23.033109271,NA,NA,NA,NA,NA,NA,NA,NA,NA,NA,NA,NA,NA,"",NA,NA,NA,-132386.52,-201382.4,1,"S",-0.585781061946903,-0.891072566371681
NA,"Sky-H7-1",-207.18967,-123.09956,NA,NA,NA,NA,239.1448527,-22.705809563,NA,NA,NA,NA,NA,NA,NA,NA,NA,NA,NA,NA,NA,"",NA,NA,NA,-207189.67,-123099.56,1,"S",-0.916768451327434,-0.544688318584071
NA,"Sky-H7-2",-212.87255,-112.98823,NA,NA,NA,NA,239.11947,-22.663576937,NA,NA,NA,NA,NA,NA,NA,NA,NA,NA,NA,NA,NA,"",NA,NA,NA,-212872.55,-112988.23,1,"S",-0.941913938053097,-0.499947920353982
NA,"Sky-H7-3",-218.06235,-102.61518,NA,NA,NA,NA,239.0963328,-22.620261817,NA,NA,NA,NA,NA,NA,NA,NA,NA,NA,NA,NA,NA,"",NA,NA,NA,-218062.35,-102615.18,1,"S",-0.964877654867257,-0.454049469026549
NA,"Sky-H7-4",-222.74704,-92.00444,NA,NA,NA,NA,239.0754935,-22.575965413,NA,NA,NA,NA,NA,NA,NA,NA,NA,NA,NA,NA,NA,"",NA,NA,NA,-222747.04,-92004.44,1,"S",-0.985606371681416,-0.407099292035398
NA,"Sky-H7-5",-226.91579,-81.18059,NA,NA,NA,NA,239.0569985,-22.530791141,NA,NA,NA,NA,NA,NA,NA,NA,NA,NA,NA,NA,NA,"",NA,NA,NA,-226915.79,-81180.59,1,"S",-1.00405216814159,-0.359206150442478
NA,"Sky-H7-6",-230.55892,-70.1687,NA,NA,NA,NA,239.0408889,-22.48484437,NA,NA,NA,NA,NA,NA,NA,NA,NA,NA,NA,NA,NA,"",NA,NA,NA,-230558.92,-70168.7,1,"S",-1.02017221238938,-0.310480973451327
NA,"Sky-H7-7",-233.66801,-58.99428,NA,NA,NA,NA,239.0272001,-22.438232201,NA,NA,NA,NA,NA,NA,NA,NA,NA,NA,NA,NA,NA,"",NA,NA,NA,-233668.01,-58994.28,1,"S",-1.03392924778761,-0.261036637168142
NA,"Sky-H7-8",-236.23556,-47.68464,NA,NA,NA,NA,239.015963,-22.39106913,NA,NA,NA,NA,NA,NA,NA,NA,NA,NA,NA,NA,NA,"",NA,NA,NA,-236235.56,-47684.64,1,"S",-1.04529008849558,-0.210993982300885
