#OBSTEMP,8
#CONFIGTEMP,19
#EQUINOX,J2000.0
#CENTRE,16 00 17.95,-21 52 33.7 #Field centre
#UTTIME,12 00 00.00 #Target observing time
#UTDATE,2021 07 10 #Target observing date
#PLATEID,a test_plateID
#LABEL,240_m20_comissioning Tile 020
#TILING_DATE,2021 06 07 # Date the tile was created/configured
#PROXIMITY,220 # tiling proximity value in arcseconds
"ID","RA","DEC","g_mag","r_mag","i_mag","z_mag","y_mag","GAIA_g_mag","GAIA_bp_mag","GAIA_rp_mag","pmRA","pmDEC","priority","remaining_observations","Tile_number","COMPLETED","MagnetX_noDC","MagnetY_noDC","type","MagnetX","MagnetY","Position","fibre_type","x","y","grads","gangs","gazAngs","gangs_gazAng"
"6243564481837370624",240.48537,-21.617958,NA,10.6978998184204,NA,NA,NA,NA,NA,NA,-11.7230724170359,-23.547779629735,NA,NA,NA,NA,92784.2629508188,58326.4727213119,2,89249.13,60237.31,NA,"G",-151.51087,-104.87213,184.26531789486,2.50404938250131,0.605455375515273,1.89859400698604
"6243612104440601600",240.04935,-21.589516,NA,10.8283996582031,NA,NA,NA,NA,NA,NA,-14.5950334169632,-4.69607135305918,NA,NA,NA,NA,-5756.25704918417,64754.3647213116,2,-5521.97,66778.75,NA,"G",-195.51826,44.68661,200.559923979642,2.21537841942221,-0.224695235090969,2.44007365451318
"6243203120476661376",239.97186,-22.79337,NA,11.6497001647949,NA,NA,NA,NA,NA,NA,-6.36343137848489,-10.2514756752206,NA,NA,NA,NA,-23268.9970491804,-207316.639278688,2,-22643.77,-218909.72,NA,"G",1.67308,182.62338,182.631043690033,3.06629498805292,4.70322786862132,4.64625242661119
"6243227172292998528",240.48427,-22.491997,NA,11.87380027771,NA,NA,NA,NA,NA,NA,-5.60784288000512,3.5352576950285,NA,NA,NA,NA,92535.662950817,-139206.341278689,2,89330.17,-145553.51,NA,"G",157.16603,-134.64858,206.957486170414,0.526512285961126,2.43320543133462,4.37649216180609
"6243578706775272448",240.70114,-21.511024,NA,12.1492004394531,NA,NA,NA,NA,NA,NA,-27.2239483700119,-27.8582475887286,NA,NA,NA,NA,141548.282950811,82493.5567213117,2,137295.73,85737.7,NA,"G",-12.18254,-133.71962,134.273419014323,1.36689620775817,1.47994203576758,6.17013947917018
"6243514557142507520",240.00003,-21.678959,NA,12.245400428772,NA,NA,NA,NA,NA,NA,-11.7798565660068,-16.0499582879932,NA,NA,NA,NA,-16902.5770491893,44540.2467213117,2,-16175.41,45859.64,NA,"G",11.47827,-197.58395,197.917073492398,3.96792491044433,1.62882423720899,2.33910067323534
