#OBSTEMP,8
#CONFIGTEMP,19
#EQUINOX,J2000.0
#CENTRE,15 59 49.37,-21 57 12.4 #Field centre
#UTTIME,12 00 00.00 #Target observing time
#UTDATE,2021 07 10 #Target observing date
#PLATEID,a test_plateID
#LABEL,240_m20_comissioning Tile 000
#TILING_DATE,2021 06 07 # Date the tile was created/configured
#PROXIMITY,220 # tiling proximity value in arcseconds
"probe","ID","x","y","rads","angs","azAngs","angs_azAng","RA","DEC","g_mag","r_mag","i_mag","z_mag","y_mag","GAIA_g_mag","GAIA_bp_mag","GAIA_rp_mag","pmRA","pmDEC","priority","remaining_observations","Tile_number","COMPLETED","MagnetX_noDC","MagnetY_noDC","type","MagnetX","MagnetY","Position","fibre_type","fraction_plate_radius_X","fraction_plate_radius_Y"
1,"6243464185765969408",13.79509,27.7906,31.0261495591719,-0.131188897722376,4.25163024656672,1.90036616289049,240.0197,-21.833832,18.7196998596191,17.4706993103027,16.8414001464844,16.5331993103027,16.3253002166748,17.419062,18.311693,16.435865,2.71297074405551,-2.15657830165924,1,1,-999,"False",14456.5351515137,27034.0104242427,1,13795.09,27790.6,NA,"P",0.0610402212389381,0.122967256637168
2,"6243442603548709632",74.0889,-19.91087,76.7177153424611,1.22568406246391,2.8790528212776,4.6298165483659,240.2983,-22.03845,17.7418003082275,17.2015991210938,16.9806995391846,16.8766994476318,16.8045997619629,17.231184,17.674599,16.61152,-7.61922690798397,-6.2813607010753,1,1,-999,"False",77420.1351515163,-19209.6575757573,1,74088.9,-19910.87,NA,"P",0.327826991150442,-0.0881011946902655
3,"6243635709581072896",33.60874,161.15822,164.625390745037,0.206987261688405,4.50679074376044,1.98338182510755,240.10878,-21.269592,18.3659992218018,17.7070999145508,17.3822002410889,17.2350997924805,17.1126003265381,17.724884,18.269957,17.013687,-2.98883490619119,1.17874893022022,1,1,-999,"False",34588.6151515063,154552.250424242,1,33608.74,161158.22,NA,"P",0.148711238938053,0.713089469026549
4,"6243228890279988480",111.88507,-106.73528,154.630814799584,0.724051660574722,2.37974599312639,4.62749097462791,240.4698,-22.406073,16.7726001739502,16.216100692749,15.9871997833252,15.8970003128052,15.8171997070313,16.242157,16.672152,15.627556,-5.85394049328836,-3.66559936602018,1,1,-999,"False",116179.135151512,-102292.455575758,1,111885.07,-106735.28,NA,"P",0.495066681415929,-0.47228
5,"6243640038908124416",18.93534,176.39841,177.411798230681,0.287182903649669,4.60545428899074,1.96491392183852,240.04173,-21.206757,16.12380027771,15.5045003890991,15.2610998153687,15.1619997024536,15.083399772644,15.542556,16.036077,14.898942,-4.27366471921475,-4.60030322182736,1,1,-999,"False",19435.3151515075,168752.960424243,1,18935.34,176398.41,NA,"P",0.0837846902654867,0.780523938053097
6,"6243510708851856256",-37.96221,54.40448,66.3398585478934,-0.382489559344674,-0.961563679970856,0.579074120626182,239.7804,-21.719906,18.6826992034912,17.863899230957,17.4857997894287,17.2859001159668,17.1466007232666,17.883888,18.373732,17.097363,-10.4414947344261,3.49643015301192,1,1,-999,"False",-39625.2648484895,52781.2864242433,1,-37962.21,54404.48,NA,"P",-0.167974380530973,0.240727787610619
7,"6243212019639996160",31.58062,-162.60924,165.647518825251,4.17524250416151,1.76262008713778,2.41262241702373,240.10077,-22.64276,17.7296009063721,17.2469005584717,17.8600997924805,17.8264007568359,17.5790004730225,18.743273,17.410202,17.393394,-5.11652409509786,-2.9072298564275,1,1,-999,"False",32778.3551515162,-155783.717575757,1,31580.62,-162609.24,NA,"P",0.139737256637168,-0.719509911504425
8,"6243598051308122880",139.16613,158.43562,210.876877404711,0.134850730871376,3.99164980722269,2.42638623082827,240.58347,-21.286415,16.3731002807617,15.536600112915,15.1416997909546,14.932900428772,14.788200378418,15.539643,16.196056,14.751807,-1.75031455988715,-2.62116324824625,1,1,-999,"False",141868.555151515,150750.252424243,1,139166.13,158435.62,NA,"P",0.615779336283186,0.701042566371681
9,"6243198516271170048",93.13392,-151.27975,177.649908006249,0.805524083304911,2.12263678651119,4.96607260397331,240.38235,-22.592747,17.7140007019043,17.1060009002686,16.8528995513916,16.7322006225586,16.6445999145508,17.134312,17.544962,16.468864,4.30291118373492,-2.89446364140292,1,1,-999,"False",96415.4351515142,-144480.779575757,1,93133.92,-151279.75,NA,"P",0.412096991150443,-0.669379424778761
10,"6243489577612243584",-164.48432,-16.69049,165.328956877803,-1.33443710531502,0.101125486199751,4.84762271566482,239.20308,-22.022495,18.0799999237061,17.3959007263184,17.0797996520996,16.9400005340576,16.840799331665,17.42157,17.916876,16.704206,-9.50909419952175,-6.87900437491966,1,1,-999,"False",-170099.584848493,-15603.8275757577,1,-164484.32,-16690.49,NA,"P",-0.727806725663717,-0.0738517256637168
11,"6243610798770704256",60.45576,102.02949,118.595597501921,3.44360971304334,4.17747859119027,5.54931642903266,240.23329,-21.517479,17.400899887085,16.7460994720459,16.4603996276855,16.3229999542236,16.2147006988525,16.782082,17.299139,16.093504,-5.75732160104511,-5.58053685138715,1,1,-999,"False",62727.8751515097,98529.7884242426,1,60455.76,102029.49,NA,"P",0.267503362831858,0.451457920353982
12,"6246493786974912256",-204.99677,-5.19507,205.062586696691,4.63407724893114,0.0253367811099485,4.60874046782119,239.02531,-21.972647,18.5527992248535,17.5090999603271,17.084400177002,16.8689994812012,16.7131996154785,17.538454,18.248356,16.688353,-4.15171115042252,-2.2508979796127,1,1,-999,"False",-210275.604848482,-4338.17957575675,1,-204996.77,-5195.07,NA,"P",-0.907065353982301,-0.0229870353982301
13,"6243525552259050112",-105.03558,63.33643,122.653888772763,-0.501031207382685,-0.542622290636399,0.0415910832537145,239.4732,-21.682339,16.9997997283936,16.4067993164063,16.1417999267578,16.0184993743896,15.914400100708,16.419031,16.88881,15.763672,-3.37741058012811,-6.35206448009719,1,1,-999,"False",-109052.464848488,61271.4284242423,1,-105035.58,63336.43,NA,"P",-0.464759203539823,0.280249690265487
14,"6243609767978539520",54.61988,80.73517,97.4756326788562,3.20152207246358,4.11758798347644,5.36711939616673,240.2073,-21.607574,17.7383003234863,17.2226009368896,16.9995002746582,16.8892993927002,16.8092002868652,17.239119,17.66394,16.618387,0.419075756096101,-2.33179170245394,1,1,-999,"False",56854.1351515145,78168.318424243,1,54619.88,80735.17,NA,"P",0.241680884955752,0.357235265486726
15,"6243234697075771776",139.69309,-89.9328,166.138700818286,4.44300540899623,2.56959646674702,1.8734089422492,240.59592,-22.333477,15.4699001312256,14.9259004592896,14.6918001174927,14.5977001190186,14.5174999237061,14.935236,15.390989,14.315132,2.46328365534103,-0.429723980800632,1,1,-999,"False",144682.255151515,-85885.7595757567,1,139693.09,-89932.8,NA,"P",0.618111017699115,-0.397932743362832
16,"6243438553400926592",33.01525,-43.28246,54.4369183203283,1.39203502966016,2.22243031478611,5.45279002205363,240.10878,-22.139244,16.8612995147705,16.4810009002686,16.3365001678467,16.2898998260498,16.2497997283936,16.49608,16.834131,15.981994,-0.911191419559954,-4.40164084364502,1,1,-999,"False",34588.6151515063,-41989.1015757574,1,33015.25,-43282.46,NA,"P",0.14608517699115,-0.191515309734513
17,"6243554345720739840",152.59483,84.01786,174.195817807743,1.11339767747291,3.64489210883758,3.75169087581492,240.65063,-21.596292,17.221700668335,16.7303009033203,16.5070991516113,16.4085998535156,16.3404006958008,16.738739,17.159065,16.138493,-10.3418321075566,-1.69462118898291,1,1,-999,"False",157046.715151509,80718.0504242425,1,152594.83,84017.86,NA,"P",0.675198362831858,0.371760442477876
18,"6243483702097464320",-92.31945,5.12585,92.4616417036005,-0.806560916358369,-0.0554660193249852,5.5320904101462,239.52974,-21.930939,18.6485004425049,17.9097003936768,17.5774993896484,17.4066009521484,17.3155994415283,17.931423,18.461771,17.18781,-2.53124723756466,0.0692504333027039,1,1,-999,"False",-96274.4248484855,5087.82842424241,1,-92319.45,5125.85,NA,"P",-0.40849314159292,0.0226807522123894
19,"6243431406575518208",-43.85028,-25.40075,50.6758833829357,1.78600746520227,0.525030517782593,1.26097694741968,239.75247,-22.062433,15.0752000808716,14.4265003204346,14.1450996398926,14.0106000900269,13.9238996505737,14.44206,14.959546,13.7727995,-0.33784171592174,4.4332838505789,1,1,-999,"False",-45937.4448484826,-24629.8155757568,1,-43850.28,-25400.75,NA,"P",-0.194027787610619,-0.112392699115044
20,"6237406009834692224",-152.86792,-141.44608,208.268083278482,2.43536239703856,0.746609281190158,1.6887531158484,239.25983,-22.546618,18.0578994750977,17.7684993743896,17.6587009429932,17.6249008178711,17.5941009521484,17.748343,17.977957,17.277533,-9.30312418832899,-0.588341722384249,1,NA,NA,"",-157274.084848488,-134055.625575757,0,-152867.92,-141446.08,NA,"P",-0.676406725663717,-0.625867610619469
21,"6237408247517127424",-122.27514,-144.38366,189.203200652143,2.37387095717013,0.86811836673998,1.50575259043015,239.39688,-22.561846,15.8563003540039,15.8041000366211,15.8624000549316,15.8543996810913,15.8072004318237,15.761493,15.899831,15.478639,0.307990496072774,-4.75619552591321,1,NA,NA,"",-126300.78484849,-137497.153575757,0,-122275.14,-144383.66,NA,"P",-0.541040442477876,-0.638865752212389
NA,"Sky-A1-1",-226.46104,82.44066,NA,NA,NA,NA,238.9410914,-21.606874797,NA,NA,NA,NA,NA,NA,NA,NA,NA,NA,NA,NA,NA,"",NA,NA,NA,-226461.04,82440.66,1,"S",-1.00204,0.364781681415929
NA,"Sky-A1-2",-222.23219,93.24117,NA,NA,NA,NA,238.9603316,-21.561995601,NA,NA,NA,NA,NA,NA,NA,NA,NA,NA,NA,NA,NA,"",NA,NA,NA,-222232.19,93241.17,1,"S",-0.983328274336283,0.412571548672566
NA,"Sky-A1-3",-217.48859,103.8257,NA,NA,NA,NA,238.9818601,-21.518026157,NA,NA,NA,NA,NA,NA,NA,NA,NA,NA,NA,NA,NA,"",NA,NA,NA,-217488.59,103825.7,1,"S",-0.96233889380531,0.459405752212389
NA,"Sky-A1-4",-212.24121,114.16975,NA,NA,NA,NA,239.0056256,-21.475067546,NA,NA,NA,NA,NA,NA,NA,NA,NA,NA,NA,NA,NA,"",NA,NA,NA,-212241.21,114169.75,1,"S",-0.939120398230089,0.505175884955752
NA,"Sky-A1-5",-206.50222,124.24934,NA,NA,NA,NA,239.0315715,-21.433218604,NA,NA,NA,NA,NA,NA,NA,NA,NA,NA,NA,NA,NA,"",NA,NA,NA,-206502.22,124249.34,1,"S",-0.913726637168142,0.549775840707965
NA,"Sky-A1-6",-200.2849,134.04112,NA,NA,NA,NA,239.0596367,-21.392575467,NA,NA,NA,NA,NA,NA,NA,NA,NA,NA,NA,NA,NA,"",NA,NA,NA,-200284.9,134041.12,1,"S",-0.886216371681416,0.593102300884956
NA,"Sky-A1-7",-193.60365,143.52243,NA,NA,NA,NA,239.0897552,-21.353231336,NA,NA,NA,NA,NA,NA,NA,NA,NA,NA,NA,NA,NA,"",NA,NA,NA,-193603.65,143522.43,1,"S",-0.856653318584071,0.635055
NA,"Sky-A2-1",-3.01251,240.9813,NA,NA,NA,NA,239.9423289,-20.949545355,NA,NA,NA,NA,NA,NA,NA,NA,NA,NA,NA,NA,NA,"",NA,NA,NA,-3012.51,240981.3,1,"S",-0.0133296902654867,1.0662889380531
NA,"Sky-A2-2",8.5856,240.84715,NA,NA,NA,NA,239.9940629,-20.95011834,NA,NA,NA,NA,NA,NA,NA,NA,NA,NA,NA,NA,NA,"",NA,NA,NA,8585.6,240847.15,1,"S",0.0379893805309735,1.0656953539823
NA,"Sky-A2-3",20.16382,240.15512,NA,NA,NA,NA,240.0457083,-20.953000521,NA,NA,NA,NA,NA,NA,NA,NA,NA,NA,NA,NA,NA,"",NA,NA,NA,20163.82,240155.12,1,"S",0.0892204424778761,1.06263327433628
NA,"Sky-A2-4",31.69534,238.90682,NA,NA,NA,NA,240.0971476,-20.958185204,NA,NA,NA,NA,NA,NA,NA,NA,NA,NA,NA,NA,NA,"",NA,NA,NA,31695.34,238906.82,1,"S",0.140244867256637,1.05710982300885
NA,"Sky-A2-5",43.15344,237.10513,NA,NA,NA,NA,240.1482639,-20.965660525,NA,NA,NA,NA,NA,NA,NA,NA,NA,NA,NA,NA,NA,"",NA,NA,NA,43153.44,237105.13,1,"S",0.190944424778761,1.04913774336283
NA,"Sky-A2-6",54.51158,234.75423,NA,NA,NA,NA,240.198941,-20.97540933,NA,NA,NA,NA,NA,NA,NA,NA,NA,NA,NA,NA,NA,"",NA,NA,NA,54511.58,234754.23,1,"S",0.241201681415929,1.03873553097345
NA,"Sky-A2-7",65.74346,231.85957,NA,NA,NA,NA,240.2490637,-20.987409297,NA,NA,NA,NA,NA,NA,NA,NA,NA,NA,NA,NA,NA,"",NA,NA,NA,65743.46,231859.57,1,"S",0.290900265486726,1.02592730088496
NA,"Sky-A3-1",231.67752,66.38214,NA,NA,NA,NA,240.9936018,-21.673905358,NA,NA,NA,NA,NA,NA,NA,NA,NA,NA,NA,NA,NA,"",NA,NA,NA,231677.52,66382.14,1,"S",1.0251217699115,0.293726283185841
NA,"Sky-A3-2",234.60313,55.15828,NA,NA,NA,NA,241.0070173,-21.720551825,NA,NA,NA,NA,NA,NA,NA,NA,NA,NA,NA,NA,NA,"",NA,NA,NA,234603.13,55158.28,1,"S",1.03806694690265,0.244063185840708
NA,"Sky-A3-3",236.98531,43.80666,NA,NA,NA,NA,241.0180098,-21.767741591,NA,NA,NA,NA,NA,NA,NA,NA,NA,NA,NA,NA,NA,"",NA,NA,NA,236985.31,43806.66,1,"S",1.04860756637168,0.193834778761062
NA,"Sky-A3-4",238.81857,32.35357,NA,NA,NA,NA,241.0265519,-21.815365902,NA,NA,NA,NA,NA,NA,NA,NA,NA,NA,NA,NA,NA,"",NA,NA,NA,238818.57,32353.57,1,"S",1.05671933628319,0.143157389380531
NA,"Sky-A3-5",240.09865,20.82553,NA,NA,NA,NA,241.0326216,-21.863314933,NA,NA,NA,NA,NA,NA,NA,NA,NA,NA,NA,NA,NA,"",NA,NA,NA,240098.65,20825.53,1,"S",1.06238340707965,0.0921483628318584
NA,"Sky-A3-6",240.82258,9.24926,NA,NA,NA,NA,241.0362025,-21.911477911,NA,NA,NA,NA,NA,NA,NA,NA,NA,NA,NA,NA,NA,"",NA,NA,NA,240822.58,9249.26,1,"S",1.06558663716814,0.0409259292035398
NA,"Sky-A3-7",240.98869,2.34844,NA,NA,NA,NA,241.0371478,-21.94019514,NA,NA,NA,NA,NA,NA,NA,NA,NA,NA,NA,NA,NA,"",NA,NA,NA,240988.69,2348.44,1,"S",1.06632163716814,0.0103913274336283
NA,"Sky-A4-1",210.21182,-117.86456,NA,NA,NA,NA,240.9021572,-22.441257374,NA,NA,NA,NA,NA,NA,NA,NA,NA,NA,NA,NA,NA,"",NA,NA,NA,210211.82,-117864.56,1,"S",0.930140796460177,-0.521524601769911
NA,"Sky-A4-2",204.2974,-127.84223,NA,NA,NA,NA,240.8757873,-22.482917205,NA,NA,NA,NA,NA,NA,NA,NA,NA,NA,NA,NA,NA,"",NA,NA,NA,204297.4,-127842.23,1,"S",0.903970796460177,-0.565673584070796
NA,"Sky-A4-3",197.90977,-137.52377,NA,NA,NA,NA,240.8472645,-22.523351698,NA,NA,NA,NA,NA,NA,NA,NA,NA,NA,NA,NA,NA,"",NA,NA,NA,197909.77,-137523.77,1,"S",0.875706946902655,-0.608512256637168
NA,"Sky-A4-4",191.06371,-146.88677,NA,NA,NA,NA,240.8166534,-22.562466376,NA,NA,NA,NA,NA,NA,NA,NA,NA,NA,NA,NA,NA,"",NA,NA,NA,191063.71,-146886.77,1,"S",0.845414646017699,-0.649941460176991
NA,"Sky-A4-5",183.77509,-155.90952,NA,NA,NA,NA,240.7840242,-22.600169611,NA,NA,NA,NA,NA,NA,NA,NA,NA,NA,NA,NA,NA,"",NA,NA,NA,183775.09,-155909.52,1,"S",0.813164115044248,-0.689865132743363
NA,"Sky-A4-6",176.06079,-164.57115,NA,NA,NA,NA,240.7494517,-22.636373215,NA,NA,NA,NA,NA,NA,NA,NA,NA,NA,NA,NA,NA,"",NA,NA,NA,176060.79,-164571.15,1,"S",0.779030044247788,-0.72819092920354
NA,"Sky-A4-7",167.93867,-172.85157,NA,NA,NA,NA,240.7130155,-22.670992217,NA,NA,NA,NA,NA,NA,NA,NA,NA,NA,NA,NA,NA,"",NA,NA,NA,167938.67,-172851.57,1,"S",0.743091460176991,-0.764829955752212
NA,"Sky-A5-1",-148.4702,-189.83588,NA,NA,NA,NA,239.2855953,-22.742258112,NA,NA,NA,NA,NA,NA,NA,NA,NA,NA,NA,NA,NA,"",NA,NA,NA,-148470.2,-189835.88,1,"S",-0.656947787610619,-0.839981769911504
NA,"Sky-A5-2",-157.43205,-182.47249,NA,NA,NA,NA,239.2452856,-22.711457647,NA,NA,NA,NA,NA,NA,NA,NA,NA,NA,NA,NA,NA,"",NA,NA,NA,-157432.05,-182472.49,1,"S",-0.696601991150442,-0.807400398230088
NA,"Sky-A5-3",-166.02924,-174.68645,NA,NA,NA,NA,239.2066459,-22.678894295,NA,NA,NA,NA,NA,NA,NA,NA,NA,NA,NA,NA,NA,"",NA,NA,NA,-166029.24,-174686.45,1,"S",-0.734642654867257,-0.77294889380531
NA,"Sky-A5-4",-174.24185,-166.49577,NA,NA,NA,NA,239.1697658,-22.644644408,NA,NA,NA,NA,NA,NA,NA,NA,NA,NA,NA,NA,NA,"",NA,NA,NA,-174241.85,-166495.77,1,"S",-0.770981637168142,-0.736706946902655
NA,"Sky-A5-5",-182.05086,-157.91943,NA,NA,NA,NA,239.134731,-22.608788385,NA,NA,NA,NA,NA,NA,NA,NA,NA,NA,NA,NA,NA,"",NA,NA,NA,-182050.86,-157919.43,1,"S",-0.805534778761062,-0.698758539823009
NA,"Sky-A5-6",-189.43818,-148.97731,NA,NA,NA,NA,239.1016223,-22.571410373,NA,NA,NA,NA,NA,NA,NA,NA,NA,NA,NA,NA,NA,"",NA,NA,NA,-189438.18,-148977.31,1,"S",-0.83822203539823,-0.659191637168142
NA,"Sky-A5-7",-196.38671,-139.6901,NA,NA,NA,NA,239.070516,-22.532597883,NA,NA,NA,NA,NA,NA,NA,NA,NA,NA,NA,NA,NA,"",NA,NA,NA,-196386.71,-139690.1,1,"S",-0.868967743362832,-0.61809778761062
NA,"Sky-H1-1",-181.17025,158.92893,NA,NA,NA,NA,239.1457137,-21.289321793,NA,NA,NA,NA,NA,NA,NA,NA,NA,NA,NA,NA,NA,"",NA,NA,NA,-181170.25,158928.93,1,"S",-0.801638274336283,0.703225353982301
NA,"Sky-H1-2",-173.31368,167.46173,NA,NA,NA,NA,239.1810242,-21.253937879,NA,NA,NA,NA,NA,NA,NA,NA,NA,NA,NA,NA,NA,"",NA,NA,NA,-173313.68,167461.73,1,"S",-0.766874690265487,0.74098110619469
NA,"Sky-H1-3",-165.05567,175.60663,NA,NA,NA,NA,239.2181048,-21.220170723,NA,NA,NA,NA,NA,NA,NA,NA,NA,NA,NA,NA,NA,"",NA,NA,NA,-165055.67,175606.63,1,"S",-0.73033482300885,0.777020486725664
NA,"Sky-H1-4",-156.41534,183.34477,NA,NA,NA,NA,239.2568698,-21.188097548,NA,NA,NA,NA,NA,NA,NA,NA,NA,NA,NA,NA,NA,"",NA,NA,NA,-156415.34,183344.77,1,"S",-0.692103274336283,0.811260044247788
NA,"Sky-H1-5",-147.4127,190.65822,NA,NA,NA,NA,239.2972294,-21.157791702,NA,NA,NA,NA,NA,NA,NA,NA,NA,NA,NA,NA,NA,"",NA,NA,NA,-147412.7,190658.22,1,"S",-0.652268584070796,0.843620442477876
NA,"Sky-H1-6",-138.06861,197.53006,NA,NA,NA,NA,239.3390908,-21.129322345,NA,NA,NA,NA,NA,NA,NA,NA,NA,NA,NA,NA,NA,"",NA,NA,NA,-138068.61,197530.06,1,"S",-0.610923053097345,0.874026814159292
NA,"Sky-H1-7",-128.4047,203.94434,NA,NA,NA,NA,239.3823575,-21.10275461,NA,NA,NA,NA,NA,NA,NA,NA,NA,NA,NA,NA,NA,"",NA,NA,NA,-128404.7,203944.34,1,"S",-0.568162389380531,0.902408584070796
NA,"Sky-H1-8",-118.44464,209.88551,NA,NA,NA,NA,239.4269245,-21.078151993,NA,NA,NA,NA,NA,NA,NA,NA,NA,NA,NA,NA,NA,"",NA,NA,NA,-118444.64,209885.51,1,"S",-0.524091327433628,0.928696946902655
NA,"Sky-H2-1",-100.81652,218.89973,NA,NA,NA,NA,239.5057483,-21.040835008,NA,NA,NA,NA,NA,NA,NA,NA,NA,NA,NA,NA,NA,"",NA,NA,NA,-100816.52,218899.73,1,"S",-0.446090796460177,0.968582876106195
NA,"Sky-H2-2",-90.16757,223.49692,NA,NA,NA,NA,239.5533362,-21.021809642,NA,NA,NA,NA,NA,NA,NA,NA,NA,NA,NA,NA,NA,"",NA,NA,NA,-90167.57,223496.92,1,"S",-0.398971548672566,0.988924424778761
NA,"Sky-H2-3",-79.30977,227.57641,NA,NA,NA,NA,239.6018387,-21.004930947,NA,NA,NA,NA,NA,NA,NA,NA,NA,NA,NA,NA,NA,"",NA,NA,NA,-79309.77,227576.41,1,"S",-0.350928185840708,1.00697526548673
NA,"Sky-H2-4",-68.26826,231.12877,NA,NA,NA,NA,239.6511451,-20.99023725,NA,NA,NA,NA,NA,NA,NA,NA,NA,NA,NA,NA,NA,"",NA,NA,NA,-68268.26,231128.77,1,"S",-0.302071946902655,1.02269367256637
NA,"Sky-H2-5",-57.06862,234.14576,NA,NA,NA,NA,239.701143,-20.977762004,NA,NA,NA,NA,NA,NA,NA,NA,NA,NA,NA,NA,NA,"",NA,NA,NA,-57068.62,234145.76,1,"S",-0.252516017699115,1.03604318584071
NA,"Sky-H2-6",-45.73679,236.62039,NA,NA,NA,NA,239.7517185,-20.967533554,NA,NA,NA,NA,NA,NA,NA,NA,NA,NA,NA,NA,NA,"",NA,NA,NA,-45736.79,236620.39,1,"S",-0.20237517699115,1.04699287610619
NA,"Sky-H2-7",-34.29902,238.54693,NA,NA,NA,NA,239.8027564,-20.959575105,NA,NA,NA,NA,NA,NA,NA,NA,NA,NA,NA,NA,NA,"",NA,NA,NA,-34299.02,238546.93,1,"S",-0.151765575221239,1.05551738938053
NA,"Sky-H2-8",-22.78326,239.92079,NA,NA,NA,NA,239.8541341,-20.953905218,NA,NA,NA,NA,NA,NA,NA,NA,NA,NA,NA,NA,NA,"",NA,NA,NA,-22783.26,239920.79,1,"S",-0.100810884955752,1.0615964159292
NA,"Sky-H3-1",184.61356,154.91577,NA,NA,NA,NA,240.7808928,-21.306362627,NA,NA,NA,NA,NA,NA,NA,NA,NA,NA,NA,NA,NA,"",NA,NA,NA,184613.56,154915.77,1,"S",0.816874159292035,0.685468008849557
NA,"Sky-H3-2",191.8534,145.85382,NA,NA,NA,NA,240.8134466,-21.343951646,NA,NA,NA,NA,NA,NA,NA,NA,NA,NA,NA,NA,NA,"",NA,NA,NA,191853.4,145853.82,1,"S",0.848908849557522,0.645370884955752
NA,"Sky-H3-3",198.64884,136.45402,NA,NA,NA,NA,240.8440369,-21.382949181,NA,NA,NA,NA,NA,NA,NA,NA,NA,NA,NA,NA,NA,"",NA,NA,NA,198648.84,136454.02,1,"S",0.878977168141593,0.603778849557522
NA,"Sky-H3-4",204.98415,126.73816,NA,NA,NA,NA,240.8725922,-21.423265798,NA,NA,NA,NA,NA,NA,NA,NA,NA,NA,NA,NA,NA,"",NA,NA,NA,204984.15,126738.16,1,"S",0.907009513274336,0.560788318584071
NA,"Sky-H3-5",210.84465,116.72873,NA,NA,NA,NA,240.8990456,-21.464809116,NA,NA,NA,NA,NA,NA,NA,NA,NA,NA,NA,NA,NA,"",NA,NA,NA,210844.65,116728.73,1,"S",0.93294092920354,0.516498805309734
NA,"Sky-H3-6",216.21677,106.44891,NA,NA,NA,NA,240.923335,-21.507483847,NA,NA,NA,NA,NA,NA,NA,NA,NA,NA,NA,NA,NA,"",NA,NA,NA,216216.77,106448.91,1,"S",0.956711371681416,0.471012876106195
NA,"Sky-H3-7",221.08806,95.92253,NA,NA,NA,NA,240.9454029,-21.55119195,NA,NA,NA,NA,NA,NA,NA,NA,NA,NA,NA,NA,NA,"",NA,NA,NA,221088.06,95922.53,1,"S",0.978265752212389,0.424435973451327
NA,"Sky-H3-8",225.44672,85.17533,NA,NA,NA,NA,240.9651946,-21.595827382,NA,NA,NA,NA,NA,NA,NA,NA,NA,NA,NA,NA,NA,"",NA,NA,NA,225446.72,85175.33,1,"S",0.99755185840708,0.376881991150442
NA,"Sky-H4-1",239.9828,-22.12059,NA,NA,NA,NA,241.0333446,-22.042060324,NA,NA,NA,NA,NA,NA,NA,NA,NA,NA,NA,NA,NA,"",NA,NA,NA,239982.8,-22120.59,1,"S",1.06187079646018,-0.0978787168141593
NA,"Sky-H4-2",238.64054,-33.64155,NA,NA,NA,NA,241.0276525,-22.090043837,NA,NA,NA,NA,NA,NA,NA,NA,NA,NA,NA,NA,NA,"",NA,NA,NA,238640.54,-33641.55,1,"S",1.05593159292035,-0.148856415929204
NA,"Sky-H4-3",236.74552,-45.08459,NA,NA,NA,NA,241.0194722,-22.13771663,NA,NA,NA,NA,NA,NA,NA,NA,NA,NA,NA,NA,NA,"",NA,NA,NA,236745.52,-45084.59,1,"S",1.04754654867257,-0.199489336283186
NA,"Sky-H4-4",234.30213,-56.42319,NA,NA,NA,NA,241.0088204,-22.184968039,NA,NA,NA,NA,NA,NA,NA,NA,NA,NA,NA,NA,NA,"",NA,NA,NA,234302.13,-56423.19,1,"S",1.03673508849558,-0.249660132743363
NA,"Sky-H4-5",231.31601,-67.6311,NA,NA,NA,NA,240.9957195,-22.231688396,NA,NA,NA,NA,NA,NA,NA,NA,NA,NA,NA,NA,NA,"",NA,NA,NA,231316.01,-67631.1,1,"S",1.02352216814159,-0.299252654867257
NA,"Sky-H4-6",227.79409,-78.68236,NA,NA,NA,NA,240.9801975,-22.277769115,NA,NA,NA,NA,NA,NA,NA,NA,NA,NA,NA,NA,NA,"",NA,NA,NA,227794.09,-78682.36,1,"S",1.00793845132743,-0.34815203539823
NA,"Sky-H4-7",223.74453,-89.55136,NA,NA,NA,NA,240.9622885,-22.323102947,NA,NA,NA,NA,NA,NA,NA,NA,NA,NA,NA,NA,NA,"",NA,NA,NA,223744.53,-89551.36,1,"S",0.990020044247788,-0.396244955752212
NA,"Sky-H4-8",219.17732,-100.21161,NA,NA,NA,NA,240.9420346,-22.36757885,NA,NA,NA,NA,NA,NA,NA,NA,NA,NA,NA,NA,NA,"",NA,NA,NA,219177.32,-100211.61,1,"S",0.969811150442478,-0.443414203539823
NA,"Sky-H5-1",41.83481,-237.34134,NA,NA,NA,NA,240.1447203,-22.940958192,NA,NA,NA,NA,NA,NA,NA,NA,NA,NA,NA,NA,NA,"",NA,NA,NA,41834.81,-237341.34,1,"S",0.185109778761062,-1.05018292035398
NA,"Sky-H5-2",30.36687,-239.07931,NA,NA,NA,NA,240.0929129,-22.9482496,NA,NA,NA,NA,NA,NA,NA,NA,NA,NA,NA,NA,NA,"",NA,NA,NA,30366.87,-239079.31,1,"S",0.134366681415929,-1.05787305309735
NA,"Sky-H5-3",18.8286,-240.26349,NA,NA,NA,NA,240.0407798,-22.953221881,NA,NA,NA,NA,NA,NA,NA,NA,NA,NA,NA,NA,NA,"",NA,NA,NA,18828.6,-240263.49,1,"S",0.083312389380531,-1.06311278761062
NA,"Sky-H5-4",7.2467,-240.89115,NA,NA,NA,NA,239.9884441,-22.955863248,NA,NA,NA,NA,NA,NA,NA,NA,NA,NA,NA,NA,NA,"",NA,NA,NA,7246.7,-240891.15,1,"S",0.0320650442477876,-1.06589004424779
NA,"Sky-H5-5",-4.35197,-240.96083,NA,NA,NA,NA,239.9360296,-22.956167337,NA,NA,NA,NA,NA,NA,NA,NA,NA,NA,NA,NA,NA,"",NA,NA,NA,-4351.97,-240960.83,1,"S",-0.0192565044247788,-1.06619836283186
NA,"Sky-H5-6",-15.94057,-240.47237,NA,NA,NA,NA,239.8836601,-22.954133331,NA,NA,NA,NA,NA,NA,NA,NA,NA,NA,NA,NA,NA,"",NA,NA,NA,-15940.57,-240472.37,1,"S",-0.0705334955752212,-1.06403703539823
NA,"Sky-H5-7",-27.49224,-239.4269,NA,NA,NA,NA,239.8314593,-22.94976592,NA,NA,NA,NA,NA,NA,NA,NA,NA,NA,NA,NA,NA,"",NA,NA,NA,-27492.24,-239426.9,1,"S",-0.121647079646018,-1.0594110619469
NA,"Sky-H5-8",-38.97879,-237.82707,NA,NA,NA,NA,239.7795571,-22.943076267,NA,NA,NA,NA,NA,NA,NA,NA,NA,NA,NA,NA,NA,"",NA,NA,NA,-38978.79,-237827.07,1,"S",-0.172472522123894,-1.05233216814159
NA,"Sky-H6-1",-58.36925,-233.82492,NA,NA,NA,NA,239.691958,-22.926332255,NA,NA,NA,NA,NA,NA,NA,NA,NA,NA,NA,NA,NA,"",NA,NA,NA,-58369.25,-233824.92,1,"S",-0.258271017699115,-1.03462353982301
NA,"Sky-H6-2",-69.55194,-230.74573,NA,NA,NA,NA,239.6414525,-22.913446585,NA,NA,NA,NA,NA,NA,NA,NA,NA,NA,NA,NA,NA,"",NA,NA,NA,-69551.94,-230745.73,1,"S",-0.307751946902655,-1.02099880530973
NA,"Sky-H6-3",-80.57354,-227.13205,NA,NA,NA,NA,239.5916877,-22.898323007,NA,NA,NA,NA,NA,NA,NA,NA,NA,NA,NA,NA,NA,"",NA,NA,NA,-80573.54,-227132.05,1,"S",-0.356520088495575,-1.00500907079646
NA,"Sky-H6-4",-91.4085,-222.99226,NA,NA,NA,NA,239.542781,-22.880997137,NA,NA,NA,NA,NA,NA,NA,NA,NA,NA,NA,NA,NA,"",NA,NA,NA,-91408.5,-222992.26,1,"S",-0.404462389380531,-0.986691415929204
NA,"Sky-H6-5",-102.03172,-218.33596,NA,NA,NA,NA,239.4948475,-22.861509781,NA,NA,NA,NA,NA,NA,NA,NA,NA,NA,NA,NA,NA,"",NA,NA,NA,-102031.72,-218335.96,1,"S",-0.45146778761062,-0.966088318584071
NA,"Sky-H6-6",-112.41861,-213.17391,NA,NA,NA,NA,239.448,-22.839906687,NA,NA,NA,NA,NA,NA,NA,NA,NA,NA,NA,NA,NA,"",NA,NA,NA,-112418.61,-213173.91,1,"S",-0.497427477876106,-0.943247389380531
NA,"Sky-H6-7",-122.54511,-207.51809,NA,NA,NA,NA,239.4023484,-22.816238766,NA,NA,NA,NA,NA,NA,NA,NA,NA,NA,NA,NA,NA,"",NA,NA,NA,-122545.11,-207518.09,1,"S",-0.542235,-0.918221637168142
NA,"Sky-H6-8",-132.38652,-201.3824,NA,NA,NA,NA,239.3580055,-22.790565034,NA,NA,NA,NA,NA,NA,NA,NA,NA,NA,NA,NA,NA,"",NA,NA,NA,-132386.52,-201382.4,1,"S",-0.585781061946903,-0.891072566371681
NA,"Sky-H7-1",-207.18967,-123.09956,NA,NA,NA,NA,239.0222404,-22.463284443,NA,NA,NA,NA,NA,NA,NA,NA,NA,NA,NA,NA,NA,"",NA,NA,NA,-207189.67,-123099.56,1,"S",-0.916768451327434,-0.544688318584071
NA,"Sky-H7-2",-212.87255,-112.98823,NA,NA,NA,NA,238.9968987,-22.421053591,NA,NA,NA,NA,NA,NA,NA,NA,NA,NA,NA,NA,NA,"",NA,NA,NA,-212872.55,-112988.23,1,"S",-0.941913938053097,-0.499947920353982
NA,"Sky-H7-3",-218.06235,-102.61518,NA,NA,NA,NA,238.9737985,-22.377740127,NA,NA,NA,NA,NA,NA,NA,NA,NA,NA,NA,NA,NA,"",NA,NA,NA,-218062.35,-102615.18,1,"S",-0.964877654867257,-0.454049469026549
NA,"Sky-H7-4",-222.74704,-92.00444,NA,NA,NA,NA,238.9529917,-22.333445246,NA,NA,NA,NA,NA,NA,NA,NA,NA,NA,NA,NA,NA,"",NA,NA,NA,-222747.04,-92004.44,1,"S",-0.985606371681416,-0.407099292035398
NA,"Sky-H7-5",-226.91579,-81.18059,NA,NA,NA,NA,238.9345249,-22.288272349,NA,NA,NA,NA,NA,NA,NA,NA,NA,NA,NA,NA,NA,"",NA,NA,NA,-226915.79,-81180.59,1,"S",-1.00405216814159,-0.359206150442478
NA,"Sky-H7-6",-230.55892,-70.1687,NA,NA,NA,NA,238.9184392,-22.242326795,NA,NA,NA,NA,NA,NA,NA,NA,NA,NA,NA,NA,NA,"",NA,NA,NA,-230558.92,-70168.7,1,"S",-1.02017221238938,-0.310480973451327
NA,"Sky-H7-7",-233.66801,-58.99428,NA,NA,NA,NA,238.9047699,-22.195715671,NA,NA,NA,NA,NA,NA,NA,NA,NA,NA,NA,NA,NA,"",NA,NA,NA,-233668.01,-58994.28,1,"S",-1.03392924778761,-0.261036637168142
NA,"Sky-H7-8",-236.23556,-47.68464,NA,NA,NA,NA,238.8935479,-22.148553465,NA,NA,NA,NA,NA,NA,NA,NA,NA,NA,NA,NA,NA,"",NA,NA,NA,-236235.56,-47684.64,1,"S",-1.04529008849558,-0.210993982300885
