#OBSTEMP,8
#CONFIGTEMP,19
#EQUINOX,J2000.0
#CENTRE,15 59 31.99,-22 02 57.7 #Field centre
#UTTIME,12 00 00.00 #Target observing time
#UTDATE,2021 07 10 #Target observing date
#PLATEID,a test_plateID
#LABEL,240_m20_comissioning Tile 005
#TILING_DATE,2021 06 07 # Date the tile was created/configured
#PROXIMITY,220 # tiling proximity value in arcseconds
"ID","RA","DEC","g_mag","r_mag","i_mag","z_mag","y_mag","GAIA_g_mag","GAIA_bp_mag","GAIA_rp_mag","pmRA","pmDEC","priority","remaining_observations","Tile_number","COMPLETED","MagnetX_noDC","MagnetY_noDC","type","MagnetX","MagnetY","Position","fibre_type","x","y","grads","gangs","gazAngs","gangs_gazAng"
"6243564481837370624",240.48537,-21.617958,NA,10.6978998184204,NA,NA,NA,NA,NA,NA,-11.7230724170359,-23.547779629735,NA,NA,NA,NA,136069.191235957,97497.5680898882,2,131990.39,101482.09,NA,"G",-153.88345,-136.95834,206.004133646532,2.61703422555123,0.727270192265386,1.88976403328584
"6243612104440601600",240.04935,-21.589516,NA,10.8283996582031,NA,NA,NA,NA,NA,NA,-14.5950334169632,-4.69607135305918,NA,NA,NA,NA,37528.6712359536,103925.460089888,2,36124.51,107577.3,NA,"G",-154.68457,129.91733,202.004526757233,3.39672255671359,-0.698592698927119,4.09531525564071
"6243334237238067456",240.78938,-22.083347,NA,11.6505002975464,NA,NA,NA,NA,NA,NA,-4.6966944236801,-11.8659319612324,NA,NA,NA,NA,204775.451235951,-7680.34591011226,2,199323.69,-8648.54,NA,"G",194.32128,-61.09426,203.698965303671,4.90928964303088,2.8369794030433,2.07231023998758
"6237185974371659136",239.94101,-22.877972,NA,11.8268003463745,NA,NA,NA,NA,NA,NA,-64.8859508882771,-43.6202203661294,NA,NA,NA,NA,13043.831235954,-187265.595910112,2,12626.11,-196640.94,NA,"G",-180.7189,-82.22573,198.545691192841,4.45355493577109,0.426997862623486,4.02655707314761
"6246530345736828288",239.47615,-21.590834,NA,12.191499710083,NA,NA,NA,NA,NA,NA,-9.03548479081139,-11.5381205272271,NA,NA,NA,NA,-92014.5287640496,103627.592089887,2,-88893.66,107540.36,NA,"G",-104.33566,175.88587,204.503714424194,2.93500326494224,-1.0353911486613,3.97039441360354
"6243514557142507520",240.00003,-21.678959,NA,12.245400428772,NA,NA,NA,NA,NA,NA,-11.7798565660068,-16.0499582879932,NA,NA,NA,NA,26382.3512359484,83711.3420898879,2,25333.86,86504.41,NA,"G",199.32369,-8.64854,199.511229356514,4.79467755846315,3.09823042828671,1.69644713017643
