#OBSTEMP,8
#CONFIGTEMP,19
#EQUINOX,J2000.0
#CENTRE,15 59 10.92,-22 08 44.7 #Field centre
#UTTIME,12 00 00.00 #Target observing time
#UTDATE,2021 07 10 #Target observing date
#PLATEID,a test_plateID
#LABEL,240_m20_comissioning Tile 025
#TILING_DATE,2021 06 07 # Date the tile was created/configured
#PROXIMITY,220 # tiling proximity value in arcseconds
"ID","RA","DEC","g_mag","r_mag","i_mag","z_mag","y_mag","GAIA_g_mag","GAIA_bp_mag","GAIA_rp_mag","pmRA","pmDEC","priority","remaining_observations","Tile_number","COMPLETED","MagnetX_noDC","MagnetY_noDC","type","MagnetX","MagnetY","Position","fibre_type","x","y","grads","gangs","gazAngs","gangs_gazAng"
"6243564481837370624",240.48537,-21.617958,NA,10.6978998184204,NA,NA,NA,NA,NA,NA,-11.7230724170359,-23.547779629735,NA,NA,NA,NA,155912.702745095,119282.117568628,2,152109.11,124845.94,NA,"G",-72.68434,180.09369,194.20800822585,0.394407655470967,-1.18719739387598,1.58160504934695
"6243612104440601600",240.04935,-21.589516,NA,10.8283996582031,NA,NA,NA,NA,NA,NA,-14.5950334169632,-4.69607135305918,NA,NA,NA,NA,57372.182745092,125710.009568628,2,55447.78,130626.03,NA,"G",22.91895,93.52989,96.297033144924,3.25379188541557,4.47208008222038,5.06489711037478
"6243569876323017088",240.40779,-21.490728,NA,11.5790996551514,NA,NA,NA,NA,NA,NA,-41.5046450094698,15.2672698429117,NA,NA,NA,NA,138379.622745086,148036.097568628,2,135400.6,155413.45,NA,"G",48.16644,-70.06558,85.0246519722957,1.27120449288152,2.17304833420401,5.3813414658571
"6237185974371659136",239.94101,-22.877972,NA,11.8268003463745,NA,NA,NA,NA,NA,NA,-64.8859508882771,-43.6202203661294,NA,NA,NA,NA,32887.3427450924,-165481.046431372,2,31694.47,-173075.27,NA,"G",-111.81641,-58.04496,125.984629723985,2.15816545784307,0.478818071348252,1.67934738649482
"6243514557142507520",240.00003,-21.678959,NA,12.245400428772,NA,NA,NA,NA,NA,NA,-11.7798565660068,-16.0499582879932,NA,NA,NA,NA,46225.8627450868,105495.891568628,2,44495.76,109257.86,NA,"G",152.10911,124.84594,196.783358238129,0.0340434532850891,3.82886797593242,2.48836078453225
"6243443157605830528",240.3797,-22.035347,NA,12.9666996002197,NA,NA,NA,NA,NA,NA,0.389783862736087,-6.80398876502442,NA,NA,NA,NA,132031.282745094,24952.2035686275,2,127015.4,25659.8,NA,"G",-44.78855,164.6985,170.67984682836,0.598182782649118,-1.3052747061366,1.90345748878571
