#OBSTEMP,8
#CONFIGTEMP,19
#EQUINOX,J2000.0
#CENTRE,16 00 10.55,-22 07 38.2 #Field centre
#UTTIME,12 00 00.00 #Target observing time
#UTDATE,2021 07 10 #Target observing date
#PLATEID,a test_plateID
#LABEL,240_m20_comissioning Tile 015
#TILING_DATE,2021 06 07 # Date the tile was created/configured
#PROXIMITY,220 # tiling proximity value in arcseconds
"probe","ID","x","y","rads","angs","azAngs","angs_azAng","RA","DEC","g_mag","r_mag","i_mag","z_mag","y_mag","GAIA_g_mag","GAIA_bp_mag","GAIA_rp_mag","pmRA","pmDEC","priority","remaining_observations","Tile_number","COMPLETED","MagnetX_noDC","MagnetY_noDC","type","MagnetX","MagnetY","Position","fibre_type","fraction_plate_radius_X","fraction_plate_radius_Y"
1,"6237467037029756032",-179.98556,-29.86324,182.446197307072,-1.46109001092288,0.164422297115905,4.6576729991408,239.22176,-22.251438,18.4375,17.8483009338379,17.5765991210938,17.4529991149902,17.355899810791,17.868,18.332602,17.203089,-6.96147825559301,2.2622581995979,1,1,-999,"False",-185813.26114286,-28057.958114286,1,-179985.56,-29863.24,NA,"P",-0.796396283185841,-0.132138230088496
2,"6243242050059887488",70.70864,-47.51875,85.1923903421667,4.05070494316831,2.54988204086597,1.50082290230234,240.37128,-22.330467,18.3673000335693,17.8558006286621,17.6291999816895,17.5368003845215,17.4529991149902,17.887064,18.27966,17.257082,-2.90670906891733,-2.15240479142175,1,1,-999,"False",73978.2588571325,-45918.5121142864,1,70708.64,-47518.75,NA,"P",0.312870088495575,-0.210259955752212
3,"6243494387976317056",-150.12248,36.56711,154.511852409783,-0.932023571792591,-0.238928980287142,5.59009071567414,239.35588,-21.970383,15.4623003005981,14.8417997360229,14.5504999160767,14.4098997116089,14.3157997131348,14.850559,15.352874,14.179518,-0.969724045466971,2.75504153252056,1,1,-999,"False",-155502.141142867,35460.4718857145,1,-150122.48,36567.11,NA,"P",-0.664258761061947,0.161801371681416
4,"6243149347485404032",79.72106,-149.76708,169.663271391453,0.763035422050649,2.05994903498805,4.98627169424218,240.41014,-22.761322,16.1231002807617,15.5507001876831,15.3078002929688,15.1983995437622,15.0947999954224,15.566477,16.027699,14.930463,-0.0553890560289778,0.078180344143216,1,1,-999,"False",82760.6188571324,-143291.742114286,1,79721.06,-149767.08,NA,"P",0.352748053097345,-0.662686194690265
5,"6243502153276846976",-54.50837,29.97973,62.2088949502384,-0.531479819639967,-0.502844992687729,6.25455048022735,239.79161,-21.9984,16.429500579834,15.6357002258301,15.2843999862671,15.1062002182007,14.9907999038696,15.659163,16.272175,14.906294,-2.93554037017669,-4.10037747017287,1,1,-999,"False",-57027.1611428595,29128.629885714,1,-54508.37,29979.73,NA,"P",-0.241187477876106,0.132653672566372
6,"6237410274742148480",-117.69322,-83.31498,144.198057984041,-1.19247637717904,0.616008038010444,4.4747008919901,239.50204,-22.480812,16.2313995361328,15.5504999160767,15.2847003936768,15.1386003494263,15.0534000396729,15.57975,16.10722,14.896308,-7.58954286036279,-4.33570182264431,1,1,-999,"False",-122469.981142865,-79896.482114286,1,-117693.22,-83314.98,NA,"P",-0.520766460176991,-0.368650353982301
7,"6243214253031454464",32.9422,-98.76047,104.109648810573,1.31745973441734,1.89274774770628,5.70789729389065,240.19649,-22.549639,17.4589004516602,16.9388008117676,16.706600189209,16.5984001159668,16.5084991455078,16.959915,17.285378,16.30366,0.569698626258001,-11.5668414542546,1,1,-999,"False",34475.7188571322,-95451.3841142865,1,32942.2,-98760.47,NA,"P",0.145761946902655,-0.436993230088496
8,"6243578809854497152",147.58837,151.31342,211.371895083886,0.111140155380628,3.93945262649559,2.45487283606462,240.7105,-21.49012,18.4885997772217,17.8840007781982,17.6072006225586,17.4895000457764,17.3778991699219,17.910673,18.369322,17.232807,-4.3521406997846,-2.54798738776906,1,1,-999,"False",150641.978857135,143999.909885714,1,147588.37,151313.42,NA,"P",0.653045884955752,0.669528407079646
9,"6243565787514110464",111.61182,119.98895,163.873568600354,0.0227366825858315,3.96314561721541,2.34277637255001,240.55334,-21.617432,17.2994995117188,16.823299407959,16.6310005187988,16.5436000823975,16.483699798584,16.838675,17.240885,16.259155,-6.21446989325568,-6.83485532516662,1,1,-999,"False",115123.818857134,115227.397885714,1,111611.82,119988.95,NA,"P",0.493857610619469,0.530924557522124
10,"6243538574600464128",77.3412,41.87118,87.9480354074632,3.43368064008531,3.63779575405336,6.07907019321154,240.40099,-21.947634,17.8647003173828,17.1191005706787,16.8253993988037,16.6870994567871,16.5981006622314,17.163715,17.735847,16.437483,-3.43861793447928,-8.98771168232357,1,1,-999,"False",80692.7188571312,40601.7458857139,1,77341.2,41871.18,NA,"P",0.342217699115044,0.185270707964602
11,"6243465938112638720",9.06516,82.31291,82.8105807158343,-0.148742160259213,4.60270053883537,1.531742608085,240.08578,-21.774607,18.7271003723145,17.6609992980957,17.1693992614746,16.9172992706299,16.7637004852295,17.669323,18.43608,16.775055,5.2291379932972,2.66892388421287,1,1,-999,"False",9455.25885712954,79705.8478857142,1,9065.16,82312.91,NA,"P",0.0401113274336283,0.364216415929204
12,"6243177762988985600",159.21168,-113.05529,195.268680656695,4.55226231168389,2.52412413806433,2.02813817361956,240.77063,-22.602108,18.3066005706787,17.7285003662109,17.4678001403809,17.3467998504639,17.2842998504639,17.753506,18.16213,17.079344,-8.1251091222025,-3.7723821498763,1,1,-999,"False",164231.358857132,-107309.378114285,1,159211.68,-113055.29,NA,"P",0.704476460176991,-0.500244646017699
13,"6237390139934828800",-111.95755,-148.64377,186.089933531654,2.59220453802662,0.925254386149929,1.66695015187669,239.5312,-22.754208,17.0039005279541,16.4316997528076,16.1765995025635,16.0709991455078,15.9959001541138,16.452608,16.923895,15.808369,-3.05525540490945,-2.26107120980604,1,1,-999,"False",-115879.821142861,-141683.978114286,1,-111957.55,-148643.77,NA,"P",-0.495387389380531,-0.657715796460177
14,"6243340903026849280",178.48903,30.44374,181.066714598593,4.50660482953938,3.31053057532259,1.19607425421678,240.8578,-21.996609,17.7786998748779,17.1126003265381,16.8412990570068,16.702600479126,16.6005992889404,17.15109,17.676933,16.464275,0.058618161820695,-3.23811332772526,1,1,-999,"False",183931.778857135,29533.3958857142,1,178489.03,30443.74,NA,"P",0.789774469026549,0.134706814159292
15,"6243446112543409280",33.13601,24.0657,40.9530594120891,3.88479149159278,3.76973298721014,0.115058504382633,240.19763,-22.023754,15.5165996551514,14.7874002456665,14.424599647522,14.236499786377,14.1044998168945,14.7792845,15.375019,14.036597,-11.5285432309186,-1.58672557066435,1,1,-999,"False",34733.3588571304,23398.625885714,1,33136.01,24065.7,NA,"P",0.146619513274336,0.106485398230088
16,"6237203532198015616",-63.1806,-141.92207,155.350127677594,2.21522661042642,1.15195950897894,1.06326710144748,239.75294,-22.729881,17.5974006652832,17.0291996002197,16.7703990936279,16.6665992736816,16.5849990844727,17.058558,17.48845,16.420002,-4.10531135560547,-2.04554383941182,1,1,-999,"False",-65766.581142865,-136186.076114286,1,-63180.6,-141922.07,NA,"P",-0.27956017699115,-0.627973761061947
17,"6237408453675578368",-137.55967,-94.57349,166.933543128063,-1.29760226560816,0.602293353052434,4.38328968851899,239.41252,-22.52701,18.3068008422852,17.1979007720947,16.6599006652832,16.3794994354248,16.1923007965088,17.167185,17.979563,16.257671,-7.21694882754993,-14.6293852263945,1,1,-999,"False",-142701.501142857,-90337.230114286,1,-137559.67,-94573.49,NA,"P",-0.60867110619469,-0.418466769911504
18,"6243524418387538816",-120.05434,93.19908,151.983923708009,-0.271714289075691,-0.660126396106481,0.38841210703079,239.49435,-21.729998,16.7796993255615,16.2329998016357,15.960000038147,15.8432998657227,15.7615995407104,16.232256,16.700752,15.591761,-7.83717993061753,-3.07571539004707,1,1,-999,"False",-124207.921142865,89787.4818857136,1,-120054.34,93199.08,NA,"P",-0.53121389380531,0.412385309734513
19,"6237195144122633600",-101.88135,-172.2727,200.144179638361,2.56343982733663,1.03672747126931,1.52671235606732,239.57828,-22.85216,18.6940994262695,17.9209995269775,17.5771999359131,17.4153003692627,17.2756996154785,17.948586,18.561287,17.171936,1.90964072319852,-7.09931394127335,1,1,-999,"False",-105239.741142869,-163821.130114286,1,-101881.35,-172272.7,NA,"P",-0.450802433628319,-0.762268584070797
20,"6246634180867587840",-50.50819,196.10645,202.506338144461,0.519806601461622,-1.31871984449904,1.83852644596066,239.81561,-21.301018,17.4514007568359,17.3166007995605,17.3038997650146,17.3206996917725,17.2816009521484,17.297588,17.478289,16.944317,-2.08602763947244,-5.52597156102592,1,NA,NA,"",-51603.1611428593,186736.961885714,0,-50508.19,196106.45,NA,"P",-0.223487566371681,0.867727654867257
21,"6243640554304927360",16.21155,218.01671,218.618618128984,2.61226210313402,4.63816637022995,4.25728104008366,240.11694,-21.212471,17.5666999816895,17.6434993743896,17.7786998748779,17.8731994628906,17.8712005615234,17.581274,17.642412,17.420582,-1.62104150235642,-2.8813251096521,1,NA,NA,"",16497.4188571359,206748.583885714,0,16211.55,218016.71,NA,"P",0.0717325221238938,0.964675707964602
NA,"Sky-A1-1",-226.46104,82.44066,NA,NA,NA,NA,239.0280762,-21.780683366,NA,NA,NA,NA,NA,NA,NA,NA,NA,NA,NA,NA,NA,"",NA,NA,NA,-226461.04,82440.66,1,"S",-1.00204,0.364781681415929
NA,"Sky-A1-2",-222.23219,93.24117,NA,NA,NA,NA,239.0473425,-21.735805218,NA,NA,NA,NA,NA,NA,NA,NA,NA,NA,NA,NA,NA,"",NA,NA,NA,-222232.19,93241.17,1,"S",-0.983328274336283,0.412571548672566
NA,"Sky-A1-3",-217.48859,103.8257,NA,NA,NA,NA,239.0688996,-21.691836922,NA,NA,NA,NA,NA,NA,NA,NA,NA,NA,NA,NA,NA,"",NA,NA,NA,-217488.59,103825.7,1,"S",-0.96233889380531,0.459405752212389
NA,"Sky-A1-4",-212.24121,114.16975,NA,NA,NA,NA,239.0926962,-21.648879548,NA,NA,NA,NA,NA,NA,NA,NA,NA,NA,NA,NA,NA,"",NA,NA,NA,-212241.21,114169.75,1,"S",-0.939120398230089,0.505175884955752
NA,"Sky-A1-5",-203.07468,122.18704,NA,NA,NA,NA,239.1329938,-21.615150837,NA,NA,NA,NA,NA,NA,NA,NA,NA,NA,NA,NA,NA,"",NA,NA,NA,-203074.68,122187.04,3,"S",-0.898560530973451,0.540650619469026
NA,"Sky-A1-6",-200.2849,134.04112,NA,NA,NA,NA,239.1467767,-21.566390164,NA,NA,NA,NA,NA,NA,NA,NA,NA,NA,NA,NA,NA,"",NA,NA,NA,-200284.9,134041.12,1,"S",-0.886216371681416,0.593102300884956
NA,"Sky-A1-7",-193.60365,143.52243,NA,NA,NA,NA,239.1769333,-21.527047467,NA,NA,NA,NA,NA,NA,NA,NA,NA,NA,NA,NA,NA,"",NA,NA,NA,-193603.65,143522.43,1,"S",-0.856653318584071,0.635055
NA,"Sky-A2-1",-3.01251,240.9813,NA,NA,NA,NA,240.030524,-21.123381895,NA,NA,NA,NA,NA,NA,NA,NA,NA,NA,NA,NA,NA,"",NA,NA,NA,-3012.51,240981.3,1,"S",-0.0133296902654867,1.0662889380531
NA,"Sky-A2-2",8.5856,240.84715,NA,NA,NA,NA,240.0823184,-21.12395487,NA,NA,NA,NA,NA,NA,NA,NA,NA,NA,NA,NA,NA,"",NA,NA,NA,8585.6,240847.15,1,"S",0.0379893805309735,1.0656953539823
NA,"Sky-A2-3",20.16382,240.15512,NA,NA,NA,NA,240.1340241,-21.126836899,NA,NA,NA,NA,NA,NA,NA,NA,NA,NA,NA,NA,NA,"",NA,NA,NA,20163.82,240155.12,1,"S",0.0892204424778761,1.06263327433628
NA,"Sky-A2-4",31.69534,238.90682,NA,NA,NA,NA,240.1855235,-21.13202129,NA,NA,NA,NA,NA,NA,NA,NA,NA,NA,NA,NA,NA,"",NA,NA,NA,31695.34,238906.82,1,"S",0.140244867256637,1.05710982300885
NA,"Sky-A2-5",43.15344,237.10513,NA,NA,NA,NA,240.2366996,-21.139496181,NA,NA,NA,NA,NA,NA,NA,NA,NA,NA,NA,NA,NA,"",NA,NA,NA,43153.44,237105.13,1,"S",0.190944424778761,1.04913774336283
NA,"Sky-A2-6",54.51158,234.75423,NA,NA,NA,NA,240.2874361,-21.149244422,NA,NA,NA,NA,NA,NA,NA,NA,NA,NA,NA,NA,NA,"",NA,NA,NA,54511.58,234754.23,1,"S",0.241201681415929,1.03873553097345
NA,"Sky-A2-7",65.74346,231.85957,NA,NA,NA,NA,240.3376175,-21.161243696,NA,NA,NA,NA,NA,NA,NA,NA,NA,NA,NA,NA,NA,"",NA,NA,NA,65743.46,231859.57,1,"S",0.290900265486726,1.02592730088496
NA,"Sky-A3-1",231.67752,66.38214,NA,NA,NA,NA,241.0830691,-21.847713637,NA,NA,NA,NA,NA,NA,NA,NA,NA,NA,NA,NA,NA,"",NA,NA,NA,231677.52,66382.14,1,"S",1.0251217699115,0.293726283185841
NA,"Sky-A3-2",234.60313,55.15828,NA,NA,NA,NA,241.0965038,-21.894359354,NA,NA,NA,NA,NA,NA,NA,NA,NA,NA,NA,NA,NA,"",NA,NA,NA,234603.13,55158.28,1,"S",1.03806694690265,0.244063185840708
NA,"Sky-A3-3",236.98531,43.80666,NA,NA,NA,NA,241.1075127,-21.941548496,NA,NA,NA,NA,NA,NA,NA,NA,NA,NA,NA,NA,NA,"",NA,NA,NA,236985.31,43806.66,1,"S",1.04860756637168,0.193834778761062
NA,"Sky-A3-4",238.81857,32.35357,NA,NA,NA,NA,241.1160683,-21.989172314,NA,NA,NA,NA,NA,NA,NA,NA,NA,NA,NA,NA,NA,"",NA,NA,NA,238818.57,32353.57,1,"S",1.05671933628319,0.143157389380531
NA,"Sky-A3-5",240.09865,20.82553,NA,NA,NA,NA,241.1221485,-22.037120987,NA,NA,NA,NA,NA,NA,NA,NA,NA,NA,NA,NA,NA,"",NA,NA,NA,240098.65,20825.53,1,"S",1.06238340707965,0.0921483628318584
NA,"Sky-A3-6",240.82258,9.24926,NA,NA,NA,NA,241.125737,-22.085283748,NA,NA,NA,NA,NA,NA,NA,NA,NA,NA,NA,NA,NA,"",NA,NA,NA,240822.58,9249.26,1,"S",1.06558663716814,0.0409259292035398
NA,"Sky-A3-7",240.98869,2.34844,NA,NA,NA,NA,241.1266853,-22.114000915,NA,NA,NA,NA,NA,NA,NA,NA,NA,NA,NA,NA,NA,"",NA,NA,NA,240988.69,2348.44,1,"S",1.06632163716814,0.0103913274336283
NA,"Sky-A4-1",210.21182,-117.86456,NA,NA,NA,NA,240.9915577,-22.615070189,NA,NA,NA,NA,NA,NA,NA,NA,NA,NA,NA,NA,NA,"",NA,NA,NA,210211.82,-117864.56,1,"S",0.930140796460177,-0.521524601769911
NA,"Sky-A4-2",204.2974,-127.84223,NA,NA,NA,NA,240.965157,-22.656731299,NA,NA,NA,NA,NA,NA,NA,NA,NA,NA,NA,NA,NA,"",NA,NA,NA,204297.4,-127842.23,1,"S",0.903970796460177,-0.565673584070796
NA,"Sky-A4-3",197.90977,-137.52377,NA,NA,NA,NA,240.9366003,-22.697167136,NA,NA,NA,NA,NA,NA,NA,NA,NA,NA,NA,NA,NA,"",NA,NA,NA,197909.77,-137523.77,1,"S",0.875706946902655,-0.608512256637168
NA,"Sky-A4-4",191.06371,-146.88677,NA,NA,NA,NA,240.9059526,-22.736283209,NA,NA,NA,NA,NA,NA,NA,NA,NA,NA,NA,NA,NA,"",NA,NA,NA,191063.71,-146886.77,1,"S",0.845414646017699,-0.649941460176991
NA,"Sky-A4-5",183.77509,-155.90952,NA,NA,NA,NA,240.873284,-22.773987877,NA,NA,NA,NA,NA,NA,NA,NA,NA,NA,NA,NA,NA,"",NA,NA,NA,183775.09,-155909.52,1,"S",0.813164115044248,-0.689865132743363
NA,"Sky-A4-6",176.06079,-164.57115,NA,NA,NA,NA,240.8386694,-22.81019294,NA,NA,NA,NA,NA,NA,NA,NA,NA,NA,NA,NA,NA,"",NA,NA,NA,176060.79,-164571.15,1,"S",0.779030044247788,-0.72819092920354
NA,"Sky-A4-7",167.93867,-172.85157,NA,NA,NA,NA,240.8021884,-22.844813412,NA,NA,NA,NA,NA,NA,NA,NA,NA,NA,NA,NA,NA,"",NA,NA,NA,167938.67,-172851.57,1,"S",0.743091460176991,-0.764829955752212
NA,"Sky-A5-1",-148.4702,-189.83588,NA,NA,NA,NA,239.3729476,-22.91608188,NA,NA,NA,NA,NA,NA,NA,NA,NA,NA,NA,NA,NA,"",NA,NA,NA,-148470.2,-189835.88,1,"S",-0.656947787610619,-0.839981769911504
NA,"Sky-A5-2",-157.43205,-182.47249,NA,NA,NA,NA,239.3325878,-22.885279929,NA,NA,NA,NA,NA,NA,NA,NA,NA,NA,NA,NA,NA,"",NA,NA,NA,-157432.05,-182472.49,1,"S",-0.696601991150442,-0.807400398230088
NA,"Sky-A5-3",-166.02924,-174.68645,NA,NA,NA,NA,239.2939003,-22.852715073,NA,NA,NA,NA,NA,NA,NA,NA,NA,NA,NA,NA,NA,"",NA,NA,NA,-166029.24,-174686.45,1,"S",-0.734642654867257,-0.77294889380531
NA,"Sky-A5-4",-174.24185,-166.49577,NA,NA,NA,NA,239.256975,-22.818463678,NA,NA,NA,NA,NA,NA,NA,NA,NA,NA,NA,NA,NA,"",NA,NA,NA,-174241.85,-166495.77,1,"S",-0.770981637168142,-0.736706946902655
NA,"Sky-A5-5",-182.05086,-157.91943,NA,NA,NA,NA,239.2218975,-22.782606156,NA,NA,NA,NA,NA,NA,NA,NA,NA,NA,NA,NA,NA,"",NA,NA,NA,-182050.86,-157919.43,1,"S",-0.805534778761062,-0.698758539823009
NA,"Sky-A5-6",-189.43818,-148.97731,NA,NA,NA,NA,239.1887489,-22.745226669,NA,NA,NA,NA,NA,NA,NA,NA,NA,NA,NA,NA,NA,"",NA,NA,NA,-189438.18,-148977.31,1,"S",-0.83822203539823,-0.659191637168142
NA,"Sky-A5-7",-196.38671,-139.6901,NA,NA,NA,NA,239.1576053,-22.706412742,NA,NA,NA,NA,NA,NA,NA,NA,NA,NA,NA,NA,NA,"",NA,NA,NA,-196386.71,-139690.1,1,"S",-0.868967743362832,-0.61809778761062
NA,"Sky-H1-1",-181.17025,158.92893,NA,NA,NA,NA,239.2329617,-21.463140457,NA,NA,NA,NA,NA,NA,NA,NA,NA,NA,NA,NA,NA,"",NA,NA,NA,-181170.25,158928.93,1,"S",-0.801638274336283,0.703225353982301
NA,"Sky-H1-2",-173.31368,167.46173,NA,NA,NA,NA,239.2683159,-21.427758054,NA,NA,NA,NA,NA,NA,NA,NA,NA,NA,NA,NA,NA,"",NA,NA,NA,-173313.68,167461.73,1,"S",-0.766874690265487,0.74098110619469
NA,"Sky-H1-3",-165.05567,175.60663,NA,NA,NA,NA,239.305442,-21.393992413,NA,NA,NA,NA,NA,NA,NA,NA,NA,NA,NA,NA,NA,"",NA,NA,NA,-165055.67,175606.63,1,"S",-0.73033482300885,0.777020486725664
NA,"Sky-H1-4",-156.41534,183.34477,NA,NA,NA,NA,239.3442543,-21.361920743,NA,NA,NA,NA,NA,NA,NA,NA,NA,NA,NA,NA,NA,"",NA,NA,NA,-156415.34,183344.77,1,"S",-0.692103274336283,0.811260044247788
NA,"Sky-H1-5",-147.4127,190.65822,NA,NA,NA,NA,239.3846629,-21.331616378,NA,NA,NA,NA,NA,NA,NA,NA,NA,NA,NA,NA,NA,"",NA,NA,NA,-147412.7,190658.22,1,"S",-0.652268584070796,0.843620442477876
NA,"Sky-H1-6",-138.06861,197.53006,NA,NA,NA,NA,239.4265748,-21.303148465,NA,NA,NA,NA,NA,NA,NA,NA,NA,NA,NA,NA,NA,"",NA,NA,NA,-138068.61,197530.06,1,"S",-0.610923053097345,0.874026814159292
NA,"Sky-H1-7",-128.4047,203.94434,NA,NA,NA,NA,239.4698934,-21.276582123,NA,NA,NA,NA,NA,NA,NA,NA,NA,NA,NA,NA,NA,"",NA,NA,NA,-128404.7,203944.34,1,"S",-0.568162389380531,0.902408584070796
NA,"Sky-H1-8",-118.44464,209.88551,NA,NA,NA,NA,239.5145137,-21.251980838,NA,NA,NA,NA,NA,NA,NA,NA,NA,NA,NA,NA,NA,"",NA,NA,NA,-118444.64,209885.51,1,"S",-0.524091327433628,0.928696946902655
NA,"Sky-H2-1",-100.81652,218.89973,NA,NA,NA,NA,239.5934312,-21.214665947,NA,NA,NA,NA,NA,NA,NA,NA,NA,NA,NA,NA,NA,"",NA,NA,NA,-100816.52,218899.73,1,"S",-0.446090796460177,0.968582876106195
NA,"Sky-H2-2",-90.16757,223.49692,NA,NA,NA,NA,239.6410754,-21.195641685,NA,NA,NA,NA,NA,NA,NA,NA,NA,NA,NA,NA,NA,"",NA,NA,NA,-90167.57,223496.92,1,"S",-0.398971548672566,0.988924424778761
NA,"Sky-H2-3",-79.30977,227.57641,NA,NA,NA,NA,239.6896351,-21.178763991,NA,NA,NA,NA,NA,NA,NA,NA,NA,NA,NA,NA,NA,"",NA,NA,NA,-79309.77,227576.41,1,"S",-0.350928185840708,1.00697526548673
NA,"Sky-H2-4",-68.26826,231.12877,NA,NA,NA,NA,239.7389995,-21.164071183,NA,NA,NA,NA,NA,NA,NA,NA,NA,NA,NA,NA,NA,"",NA,NA,NA,-68268.26,231128.77,1,"S",-0.302071946902655,1.02269367256637
NA,"Sky-H2-5",-57.06862,234.14576,NA,NA,NA,NA,239.7890561,-21.151596705,NA,NA,NA,NA,NA,NA,NA,NA,NA,NA,NA,NA,NA,"",NA,NA,NA,-57068.62,234145.76,1,"S",-0.252516017699115,1.03604318584071
NA,"Sky-H2-6",-45.73679,236.62039,NA,NA,NA,NA,239.8396909,-21.141368898,NA,NA,NA,NA,NA,NA,NA,NA,NA,NA,NA,NA,NA,"",NA,NA,NA,-45736.79,236620.39,1,"S",-0.20237517699115,1.04699287610619
NA,"Sky-H2-7",-34.29902,238.54693,NA,NA,NA,NA,239.8907885,-21.133410959,NA,NA,NA,NA,NA,NA,NA,NA,NA,NA,NA,NA,NA,"",NA,NA,NA,-34299.02,238546.93,1,"S",-0.151765575221239,1.05551738938053
NA,"Sky-H2-8",-22.78326,239.92079,NA,NA,NA,NA,239.9422263,-21.127741445,NA,NA,NA,NA,NA,NA,NA,NA,NA,NA,NA,NA,NA,"",NA,NA,NA,-22783.26,239920.79,1,"S",-0.100810884955752,1.0615964159292
NA,"Sky-H3-1",184.61356,154.91577,NA,NA,NA,NA,240.8700843,-21.480181418,NA,NA,NA,NA,NA,NA,NA,NA,NA,NA,NA,NA,NA,"",NA,NA,NA,184613.56,154915.77,1,"S",0.816874159292035,0.685468008849557
NA,"Sky-H3-2",191.8534,145.85382,NA,NA,NA,NA,240.9026788,-21.51776899,NA,NA,NA,NA,NA,NA,NA,NA,NA,NA,NA,NA,NA,"",NA,NA,NA,191853.4,145853.82,1,"S",0.848908849557522,0.645370884955752
NA,"Sky-H3-3",198.64884,136.45402,NA,NA,NA,NA,240.9333075,-21.556765112,NA,NA,NA,NA,NA,NA,NA,NA,NA,NA,NA,NA,NA,"",NA,NA,NA,198648.84,136454.02,1,"S",0.878977168141593,0.603778849557522
NA,"Sky-H3-4",204.98415,126.73816,NA,NA,NA,NA,240.9618991,-21.597080364,NA,NA,NA,NA,NA,NA,NA,NA,NA,NA,NA,NA,NA,"",NA,NA,NA,204984.15,126738.16,1,"S",0.907009513274336,0.560788318584071
NA,"Sky-H3-5",210.84465,116.72873,NA,NA,NA,NA,240.9883865,-21.638622378,NA,NA,NA,NA,NA,NA,NA,NA,NA,NA,NA,NA,NA,"",NA,NA,NA,210844.65,116728.73,1,"S",0.93294092920354,0.516498805309734
NA,"Sky-H3-6",216.21677,106.44891,NA,NA,NA,NA,241.0127075,-21.681295878,NA,NA,NA,NA,NA,NA,NA,NA,NA,NA,NA,NA,NA,"",NA,NA,NA,216216.77,106448.91,1,"S",0.956711371681416,0.471012876106195
NA,"Sky-H3-7",221.08806,95.92253,NA,NA,NA,NA,241.0348046,-21.725002834,NA,NA,NA,NA,NA,NA,NA,NA,NA,NA,NA,NA,NA,"",NA,NA,NA,221088.06,95922.53,1,"S",0.978265752212389,0.424435973451327
NA,"Sky-H3-8",225.44672,85.17533,NA,NA,NA,NA,241.0546228,-21.769637213,NA,NA,NA,NA,NA,NA,NA,NA,NA,NA,NA,NA,NA,"",NA,NA,NA,225446.72,85175.33,1,"S",0.99755185840708,0.376881991150442
NA,"Sky-H4-1",239.9828,-22.12059,NA,NA,NA,NA,241.1228841,-22.215866284,NA,NA,NA,NA,NA,NA,NA,NA,NA,NA,NA,NA,NA,"",NA,NA,NA,239982.8,-22120.59,1,"S",1.06187079646018,-0.0978787168141593
NA,"Sky-H4-2",238.64054,-33.64155,NA,NA,NA,NA,241.1171881,-22.263850104,NA,NA,NA,NA,NA,NA,NA,NA,NA,NA,NA,NA,NA,"",NA,NA,NA,238640.54,-33641.55,1,"S",1.05593159292035,-0.148856415929204
NA,"Sky-H4-3",236.74552,-45.08459,NA,NA,NA,NA,241.1090008,-22.311523342,NA,NA,NA,NA,NA,NA,NA,NA,NA,NA,NA,NA,NA,"",NA,NA,NA,236745.52,-45084.59,1,"S",1.04754654867257,-0.199489336283186
NA,"Sky-H4-4",234.30213,-56.42319,NA,NA,NA,NA,241.0983388,-22.358775329,NA,NA,NA,NA,NA,NA,NA,NA,NA,NA,NA,NA,NA,"",NA,NA,NA,234302.13,-56423.19,1,"S",1.03673508849558,-0.249660132743363
NA,"Sky-H4-5",231.31601,-67.6311,NA,NA,NA,NA,241.0852245,-22.405496393,NA,NA,NA,NA,NA,NA,NA,NA,NA,NA,NA,NA,NA,"",NA,NA,NA,231316.01,-67631.1,1,"S",1.02352216814159,-0.299252654867257
NA,"Sky-H4-6",227.79409,-78.68236,NA,NA,NA,NA,241.0696861,-22.45157794,NA,NA,NA,NA,NA,NA,NA,NA,NA,NA,NA,NA,NA,"",NA,NA,NA,227794.09,-78682.36,1,"S",1.00793845132743,-0.34815203539823
NA,"Sky-H4-7",223.74453,-89.55136,NA,NA,NA,NA,241.0517575,-22.496912713,NA,NA,NA,NA,NA,NA,NA,NA,NA,NA,NA,NA,NA,"",NA,NA,NA,223744.53,-89551.36,1,"S",0.990020044247788,-0.396244955752212
NA,"Sky-H4-8",219.17732,-100.21161,NA,NA,NA,NA,241.0314809,-22.541389663,NA,NA,NA,NA,NA,NA,NA,NA,NA,NA,NA,NA,NA,"",NA,NA,NA,219177.32,-100211.61,1,"S",0.969811150442478,-0.443414203539823
NA,"Sky-H5-1",41.83481,-237.34134,NA,NA,NA,NA,240.2331725,-23.114793281,NA,NA,NA,NA,NA,NA,NA,NA,NA,NA,NA,NA,NA,"",NA,NA,NA,41834.81,-237341.34,1,"S",0.185109778761062,-1.05018292035398
NA,"Sky-H5-2",30.36687,-239.07931,NA,NA,NA,NA,240.1812983,-23.122085108,NA,NA,NA,NA,NA,NA,NA,NA,NA,NA,NA,NA,NA,"",NA,NA,NA,30366.87,-239079.31,1,"S",0.134366681415929,-1.05787305309735
NA,"Sky-H5-3",18.8286,-240.26349,NA,NA,NA,NA,240.129098,-23.127057669,NA,NA,NA,NA,NA,NA,NA,NA,NA,NA,NA,NA,NA,"",NA,NA,NA,18828.6,-240263.49,1,"S",0.083312389380531,-1.06311278761062
NA,"Sky-H5-4",7.2467,-240.89115,NA,NA,NA,NA,240.0766947,-23.129699173,NA,NA,NA,NA,NA,NA,NA,NA,NA,NA,NA,NA,NA,"",NA,NA,NA,7246.7,-240891.15,1,"S",0.0320650442477876,-1.06589004424779
NA,"Sky-H5-5",-4.35197,-240.96083,NA,NA,NA,NA,240.0242125,-23.130003255,NA,NA,NA,NA,NA,NA,NA,NA,NA,NA,NA,NA,NA,"",NA,NA,NA,-4351.97,-240960.83,1,"S",-0.0192565044247788,-1.06619836283186
NA,"Sky-H5-6",-15.94057,-240.47237,NA,NA,NA,NA,239.9717753,-23.127969096,NA,NA,NA,NA,NA,NA,NA,NA,NA,NA,NA,NA,NA,"",NA,NA,NA,-15940.57,-240472.37,1,"S",-0.0705334955752212,-1.06403703539823
NA,"Sky-H5-7",-27.49224,-239.4269,NA,NA,NA,NA,239.9195072,-23.123601389,NA,NA,NA,NA,NA,NA,NA,NA,NA,NA,NA,NA,NA,"",NA,NA,NA,-27492.24,-239426.9,1,"S",-0.121647079646018,-1.0594110619469
NA,"Sky-H5-8",-38.97879,-237.82707,NA,NA,NA,NA,239.8675381,-23.116911298,NA,NA,NA,NA,NA,NA,NA,NA,NA,NA,NA,NA,NA,"",NA,NA,NA,-38978.79,-237827.07,1,"S",-0.172472522123894,-1.05233216814159
NA,"Sky-H6-1",-58.36925,-233.82492,NA,NA,NA,NA,239.7798263,-23.100166227,NA,NA,NA,NA,NA,NA,NA,NA,NA,NA,NA,NA,NA,"",NA,NA,NA,-58369.25,-233824.92,1,"S",-0.258271017699115,-1.03462353982301
NA,"Sky-H6-2",-69.55194,-230.74573,NA,NA,NA,NA,239.7292559,-23.087279762,NA,NA,NA,NA,NA,NA,NA,NA,NA,NA,NA,NA,NA,"",NA,NA,NA,-69551.94,-230745.73,1,"S",-0.307751946902655,-1.02099880530973
NA,"Sky-H6-3",-80.57354,-227.13205,NA,NA,NA,NA,239.6794274,-23.072155269,NA,NA,NA,NA,NA,NA,NA,NA,NA,NA,NA,NA,NA,"",NA,NA,NA,-80573.54,-227132.05,1,"S",-0.356520088495575,-1.00500907079646
NA,"Sky-H6-4",-91.4085,-222.99226,NA,NA,NA,NA,239.6304582,-23.054828372,NA,NA,NA,NA,NA,NA,NA,NA,NA,NA,NA,NA,NA,"",NA,NA,NA,-91408.5,-222992.26,1,"S",-0.404462389380531,-0.986691415929204
NA,"Sky-H6-5",-102.03172,-218.33596,NA,NA,NA,NA,239.5824636,-23.035339889,NA,NA,NA,NA,NA,NA,NA,NA,NA,NA,NA,NA,NA,"",NA,NA,NA,-102031.72,-218335.96,1,"S",-0.45146778761062,-0.966088318584071
NA,"Sky-H6-6",-112.41861,-213.17391,NA,NA,NA,NA,239.5355566,-23.013735575,NA,NA,NA,NA,NA,NA,NA,NA,NA,NA,NA,NA,NA,"",NA,NA,NA,-112418.61,-213173.91,1,"S",-0.497427477876106,-0.943247389380531
NA,"Sky-H6-7",-122.54511,-207.51809,NA,NA,NA,NA,239.4898472,-22.990066355,NA,NA,NA,NA,NA,NA,NA,NA,NA,NA,NA,NA,NA,"",NA,NA,NA,-122545.11,-207518.09,1,"S",-0.542235,-0.918221637168142
NA,"Sky-H6-8",-132.38652,-201.3824,NA,NA,NA,NA,239.4454484,-22.964391256,NA,NA,NA,NA,NA,NA,NA,NA,NA,NA,NA,NA,NA,"",NA,NA,NA,-132386.52,-201382.4,1,"S",-0.585781061946903,-0.891072566371681
NA,"Sky-H7-1",-207.18967,-123.09956,NA,NA,NA,NA,239.1092728,-22.637096973,NA,NA,NA,NA,NA,NA,NA,NA,NA,NA,NA,NA,NA,"",NA,NA,NA,-207189.67,-123099.56,1,"S",-0.916768451327434,-0.544688318584071
NA,"Sky-H7-2",-212.87255,-112.98823,NA,NA,NA,NA,239.0839018,-22.59486485,NA,NA,NA,NA,NA,NA,NA,NA,NA,NA,NA,NA,NA,"",NA,NA,NA,-212872.55,-112988.23,1,"S",-0.941913938053097,-0.499947920353982
NA,"Sky-H7-3",-218.06235,-102.61518,NA,NA,NA,NA,239.0607751,-22.5515502,NA,NA,NA,NA,NA,NA,NA,NA,NA,NA,NA,NA,NA,"",NA,NA,NA,-218062.35,-102615.18,1,"S",-0.964877654867257,-0.454049469026549
NA,"Sky-H7-4",-222.74704,-92.00444,NA,NA,NA,NA,239.039945,-22.507254228,NA,NA,NA,NA,NA,NA,NA,NA,NA,NA,NA,NA,NA,"",NA,NA,NA,-222747.04,-92004.44,1,"S",-0.985606371681416,-0.407099292035398
NA,"Sky-H7-5",-226.91579,-81.18059,NA,NA,NA,NA,239.0214581,-22.462080346,NA,NA,NA,NA,NA,NA,NA,NA,NA,NA,NA,NA,NA,"",NA,NA,NA,-226915.79,-81180.59,1,"S",-1.00405216814159,-0.359206150442478
NA,"Sky-H7-6",-230.55892,-70.1687,NA,NA,NA,NA,239.0053553,-22.416133921,NA,NA,NA,NA,NA,NA,NA,NA,NA,NA,NA,NA,NA,"",NA,NA,NA,-230558.92,-70168.7,1,"S",-1.02017221238938,-0.310480973451327
NA,"Sky-H7-7",-233.66801,-58.99428,NA,NA,NA,NA,238.9916721,-22.369522048,NA,NA,NA,NA,NA,NA,NA,NA,NA,NA,NA,NA,NA,"",NA,NA,NA,-233668.01,-58994.28,1,"S",-1.03392924778761,-0.261036637168142
NA,"Sky-H7-8",-236.23556,-47.68464,NA,NA,NA,NA,238.9804392,-22.322359222,NA,NA,NA,NA,NA,NA,NA,NA,NA,NA,NA,NA,NA,"",NA,NA,NA,-236235.56,-47684.64,1,"S",-1.04529008849558,-0.210993982300885
