#OBSTEMP,8
#CONFIGTEMP,19
#EQUINOX,J2000.0
#CENTRE,15 59 49.37,-21 51 45.5 #Field centre
#UTTIME,12 00 00.00 #Target observing time
#UTDATE,2021 07 10 #Target observing date
#PLATEID,a test_plateID
#LABEL,240_m20_comissioning Tile 017
#TILING_DATE,2021 06 07 # Date the tile was created/configured
#PROXIMITY,220 # tiling proximity value in arcseconds
"ID","RA","DEC","g_mag","r_mag","i_mag","z_mag","y_mag","GAIA_g_mag","GAIA_bp_mag","GAIA_rp_mag","pmRA","pmDEC","priority","remaining_observations","Tile_number","COMPLETED","MagnetX_noDC","MagnetY_noDC","type","MagnetX","MagnetY","Position","fibre_type","x","y","grads","gangs","gazAngs","gangs_gazAng"
"6243612104440601600",240.04935,-21.589516,NA,10.8283996582031,NA,NA,NA,NA,NA,NA,-14.5950334169632,-4.69607135305918,NA,NA,NA,NA,21157.4351515146,61726.3732727278,2,20286.57,63652.91,NA,"G",-119.71738,130.78529,177.304943965047,0.229867445751853,-0.829552249502587,1.05941969525444
"6243203120476661376",239.97186,-22.79337,NA,11.6497001647949,NA,NA,NA,NA,NA,NA,-6.36343137848489,-10.2514756752206,NA,NA,NA,NA,3644.69515151836,-210344.630727272,2,3557.46,-222231.18,NA,"G",178.56584,-105.47949,207.392579485298,4.34018735129763,2.60803676165768,1.73215058963994
"6243334237238067456",240.78938,-22.083347,NA,11.6505002975464,NA,NA,NA,NA,NA,NA,-4.6966944236801,-11.8659319612324,NA,NA,NA,NA,188404.215151512,-49879.4327272723,2,183116.59,-52805.03,NA,"G",-95.96255,-137.22061,167.446429676104,2.07362508222335,0.960519870787813,1.11310521143554
"6246530345736828288",239.47615,-21.590834,NA,12.191499710083,NA,NA,NA,NA,NA,NA,-9.03548479081139,-11.5381205272271,NA,NA,NA,NA,-108385.764848489,61428.5052727275,2,-104453.75,63498.26,NA,"G",27.94236,179.41336,181.576235308642,2.76467983681163,4.55788727498532,4.4899778690059
"6243514557142507520",240.00003,-21.678959,NA,12.245400428772,NA,NA,NA,NA,NA,NA,-11.7798565660068,-16.0499582879932,NA,NA,NA,NA,10011.1151515094,41512.2552727279,2,9574.52,42729.39,NA,"G",138.0279,-142.52442,198.405926007129,0.771916935869736,2.34016847749813,4.71493376555119
"6243410511552109568",239.88884,-22.353481,NA,12.4773998260498,NA,NA,NA,NA,NA,NA,0.79299492387791,-5.12680770111516,NA,NA,NA,NA,-15117.8248484891,-110929.716727272,2,-14481.63,-114928.92,NA,"G",-124.96921,-107.52941,164.863208336403,4.76415332924473,0.710528035823117,4.05362529342161
