#OBSTEMP,8
#CONFIGTEMP,19
#EQUINOX,J2000.0
#CENTRE,15 59 51.05,-21 57 37.6 #Field centre
#UTTIME,12 00 00.00 #Target observing time
#UTDATE,2021 07 10 #Target observing date
#PLATEID,a test_plateID
#LABEL,240_m20_comissioning Tile 011
#TILING_DATE,2021 06 07 # Date the tile was created/configured
#PROXIMITY,220 # tiling proximity value in arcseconds
"probe","ID","x","y","rads","angs","azAngs","angs_azAng","RA","DEC","g_mag","r_mag","i_mag","z_mag","y_mag","GAIA_g_mag","GAIA_bp_mag","GAIA_rp_mag","pmRA","pmDEC","priority","remaining_observations","Tile_number","COMPLETED","MagnetX_noDC","MagnetY_noDC","type","MagnetX","MagnetY","Position","fibre_type","fraction_plate_radius_X","fraction_plate_radius_Y"
1,"6243505589250756224",-39.93636,20.00607,44.6671656465294,1.73173129254024,-0.464406328499299,2.19613762103954,239.77774,-21.87433,16.3819007873535,15.9927997589111,15.845100402832,15.7940998077393,15.7479000091553,16.007183,16.354881,15.488018,-6.71270214674939,-1.61821363254762,1,1,-999,"False",-41805.0164102616,19460.1588205128,1,-39936.36,20006.07,NA,"P",-0.176709557522124,0.0885224336283186
2,"6243415429296757632",-95.40481,-112.71983,147.674770514008,2.26066921294586,0.868402446609058,1.3922667663368,239.52362,-22.439318,17.2957000732422,16.496000289917,16.1511993408203,15.9746999740601,15.8646001815796,16.522007,17.128826,15.767745,0.202797810135751,0.402430120237999,1,1,-999,"False",-99236.1364102552,-108227.129179487,1,-95404.81,-112719.83,NA,"P",-0.42214517699115,-0.498760309734513
3,"6243637083971347328",60.34207,177.429,187.409219231298,3.00375668084864,4.38456858229551,4.90237340573271,240.23615,-21.210752,16.5328006744385,16.0599994659424,15.8500003814697,15.7601003646851,15.7009000778198,16.068996,16.475332,15.486217,-0.0653012798033675,-4.35563208499811,1,1,-999,"False",61795.6435897418,169428.786820513,1,60342.07,177429,NA,"P",0.267000309734513,0.78508407079646
4,"6243623958551267712",83.69884,159.28888,179.940109783783,2.68118044291781,4.22858682592106,4.73577892417635,240.34273,-21.286184,18.1697006225586,17.5590991973877,17.3141002655029,17.2105007171631,17.1324005126953,17.601166,18.081148,16.948643,1.13411965325042,-5.57033567729707,1,1,-999,"False",85882.7235897372,152381.154820513,1,83698.84,159288.88,NA,"P",0.370348849557522,0.704818053097345
5,"6243360591157117696",176.90372,44.40821,182.392475900851,0.991467309879816,3.38754086111128,3.88711175594812,240.76788,-21.77082,16.1853008270264,15.4486999511719,15.1094999313354,14.9447002410889,14.8207998275757,15.46349,16.050259,14.730562,0.67895292426477,-0.378263077443172,1,1,-999,"False",181966.623589738,42853.4188205128,1,176903.72,44408.21,NA,"P",0.782759823008849,0.196496504424779
6,"6243238098690254592",147.60089,-55.48557,157.685355080987,1.09801539229159,2.7820189559215,4.59918174354968,240.63956,-22.194668,16.9825992584229,16.281099319458,15.9861001968384,15.8297996520996,15.7117004394531,16.30662,16.870842,15.598918,0.164511897740519,-0.343484493883393,1,1,-999,"False",152966.303589744,-52936.2291794871,1,147600.89,-55485.57,NA,"P",0.653101283185841,-0.245511371681416
7,"6246556111240135808",-119.36954,165.86466,204.353058496141,0.605592859330531,-0.946983809721313,1.55257666905184,239.4234,-21.261112,18.4123992919922,17.8190002441406,17.5296993255615,17.4062995910645,17.2996997833252,17.840845,18.292728,17.160276,-2.05489600016552,0.982435950909103,1,1,-999,"False",-121885.856410263,158047.426820513,1,-119369.54,165864.66,NA,"P",-0.528183805309735,0.733914424778761
8,"6243189651458612608",55.24633,-191.16829,198.991135681952,4.59873927533913,1.85212477392504,2.74661450141409,240.21503,-22.765425,16.6634006500244,16.154899597168,15.9194002151489,15.8140001296997,15.7418003082275,16.166145,16.583508,15.554952,-5.67213167767874,0.0846017470556082,1,1,-999,"False",57022.5235897362,-181927.311179487,1,55246.33,-191168.29,NA,"P",0.244452787610619,-0.845877389380531
9,"6246637960439132544",-57.13242,162.09823,171.87189876239,0.49896325220565,-1.23193561657826,1.73089886878391,239.70293,-21.273293,18.8083992004395,17.9256992340088,17.5387992858887,17.3448009490967,17.206600189209,17.954098,18.537401,17.142607,-1.18628444325965,0.186749624306205,1,1,-999,"False",-58712.0764102647,155294.520820513,1,-57132.42,162098.23,NA,"P",-0.252798318584071,0.717248805309735
10,"6243611726483647232",49.97374,107.94765,118.954066051187,1.42225316400362,4.27882293610852,3.42661553507469,240.19212,-21.499271,18.0582008361816,17.3376998901367,17.0380992889404,16.8808994293213,16.7502994537354,17.380156,17.920498,16.662687,-8.27982201298261,-0.627418072902287,1,1,-999,"False",51844.8635897435,104223.492820513,1,49973.74,107947.65,NA,"P",0.221122743362832,0.477644469026549
11,"6246648818116471040",-3.76261,215.93632,215.969098551516,0.231424042085284,-1.55337346216943,1.78479750425471,239.94582,-21.053741,18.0235004425049,17.3955001831055,17.1394996643066,17.0112991333008,16.9216003417969,17.432583,17.938269,16.759033,6.09622868247234,-13.2728384866458,1,1,-999,"False",-3818.93641025442,204913.272820513,1,-3762.61,215936.32,NA,"P",-0.0166487168141593,0.955470442477876
12,"6246644729307590400",9.95152,203.90235,204.145049133779,0.713708714031376,4.66362235312098,2.33327166808998,240.00766,-21.101868,17.8223991394043,17.3050003051758,17.0806007385254,16.9803009033203,16.9083995819092,17.325102,17.764292,16.709682,-0.281742294644483,-3.996072171939,1,1,-999,"False",10156.9035897432,194036.570820513,1,9951.52,203902.35,NA,"P",0.0440332743362832,0.902222787610619
13,"6243359663444125184",202.27179,37.99163,205.80874855035,-1.48369304317374,3.32725421806366,1.47223804594219,240.87912,-21.798134,18.6539001464844,17.8855991363525,17.5722999572754,17.4279003143311,17.2964000701904,17.93453,18.517284,17.191063,-2.09709348864769,-0.230037074946588,1,1,-999,"False",207106.863589746,36680.4548205126,1,202271.79,37991.63,NA,"P",0.895007920353982,0.168104557522124
14,"6243505280013101184",-15.71509,30.05761,33.917900474826,1.63209270166473,-1.08905014835397,2.72114285001871,239.88988,-21.831087,17.3185997009277,16.6767997741699,16.425500869751,16.3131999969482,16.2236995697021,16.71386,17.214664,16.057808,-3.9090055122208,-2.63034521763107,1,1,-999,"False",-16461.3764102656,29233.0768205128,1,-15715.09,30057.61,NA,"P",-0.069535796460177,0.132998274336283
15,"6243195836212018688",73.40332,-181.65215,195.922308547661,4.60335657077506,1.95482123240667,2.6485353383684,240.2981,-22.725729,18.1938991546631,17.7327995300293,17.512300491333,17.4246997833252,17.3488006591797,17.731209,18.05111,17.136114,-21.7357962792226,-7.61095864517974,1,1,-999,"False",75796.3435897408,-172956.015179487,1,73403.32,-181652.15,NA,"P",0.324793451327434,-0.803770575221239
16,"6243551115905283584",146.79671,61.7833,159.268484722227,1.09910568095567,3.53996556541487,3.84232542272039,240.63351,-21.6968,17.5596008300781,16.8742008209229,16.556999206543,16.4062995910645,16.2868003845215,16.890297,17.440067,16.17059,-3.10949007697149,3.77044091378323,1,1,-999,"False",151599.00358974,59581.938820513,1,146796.71,61783.3,NA,"P",0.64954296460177,0.273377433628319
17,"6243616914804845952",81.32367,110.89439,137.517653542158,1.33393540823776,4.07963359332785,3.5374871220895,240.335,-21.487692,17.5713996887207,16.8955993652344,16.5860996246338,16.4302005767822,16.3094997406006,16.976677,17.450983,16.177185,-1.83303567230798,1.85356781817616,1,1,-999,"False",84135.7435897415,106840.346820512,1,81323.67,110894.39,NA,"P",0.359839247787611,0.49068314159292
18,"6243492154592634752",-165.27696,-0.79133,165.278854394658,-1.30937015835411,0.00478786609617954,4.9690272827293,239.20673,-21.962023,17.297399520874,16.5391006469727,16.2024002075195,16.0275993347168,15.9181995391846,16.558157,17.136738,15.822454,-14.1849233943624,0.258661248594968,1,1,-999,"False",-170853.276410262,-358.459179487596,1,-165276.96,-791.33,NA,"P",-0.731313982300885,-0.00350146017699115
19,"6243472122865117056",-137.41836,-52.55203,147.124170421486,2.52686154073137,0.365263133315215,2.16159840741616,239.33159,-22.182684,17.1383991241455,16.3292999267578,15.9533996582031,15.7508001327515,15.6225004196167,16.343359,16.985626,15.568529,-7.04632335025445,-4.64728838091699,1,1,-999,"False",-142634.916410265,-50227.8451794867,1,-137418.36,-52552.03,NA,"P",-0.608045840707965,-0.23253110619469
20,"6237406009834692224",-154.40199,-139.79153,208.28261179393,2.63237059310449,0.735776179706372,1.89659441339812,239.94337,-22.540085,16.1580009460449,16.1613006591797,16.2458992004395,16.2733001708984,16.2408008575439,16.091875,16.173412,15.867419,-4.11120213376316,-1.65423530246845,1,NA,NA,"",-4372.63641025675,-131000.471179487,0,-4191.73,-136113.08,NA,"P",-0.0185474778761062,-0.602270265486726
21,"6243211607331723008",-4.19173,-136.11308,136.177608833021,1.61739593676839,1.540010118576,0.0773858181923863,239.25983,-22.546618,18.0578994750977,17.7684993743896,17.6587009429932,17.6249008178711,17.5941009521484,17.748343,17.977957,17.277533,-9.30312418832899,-0.588341722384249,1,NA,NA,"",-158852.676410262,-132476.929179487,0,-154401.99,-139791.53,NA,"P",-0.683194646017699,-0.618546592920354
NA,"Sky-A1-1",-226.46104,82.44066,NA,NA,NA,NA,238.9480273,-21.613859051,NA,NA,NA,NA,NA,NA,NA,NA,NA,NA,NA,NA,NA,"",NA,NA,NA,-226461.04,82440.66,1,"S",-1.00204,0.364781681415929
NA,"Sky-A1-2",-222.23219,93.24117,NA,NA,NA,NA,238.9672686,-21.568979898,NA,NA,NA,NA,NA,NA,NA,NA,NA,NA,NA,NA,NA,"",NA,NA,NA,-222232.19,93241.17,1,"S",-0.983328274336283,0.412571548672566
NA,"Sky-A1-3",-217.48859,103.8257,NA,NA,NA,NA,238.9887983,-21.5250105,NA,NA,NA,NA,NA,NA,NA,NA,NA,NA,NA,NA,NA,"",NA,NA,NA,-217488.59,103825.7,1,"S",-0.96233889380531,0.459405752212389
NA,"Sky-A1-4",-212.24121,114.16975,NA,NA,NA,NA,239.012565,-21.48205194,NA,NA,NA,NA,NA,NA,NA,NA,NA,NA,NA,NA,NA,"",NA,NA,NA,-212241.21,114169.75,1,"S",-0.939120398230089,0.505175884955752
NA,"Sky-A1-5",-206.50222,124.24934,NA,NA,NA,NA,239.0385123,-21.440203051,NA,NA,NA,NA,NA,NA,NA,NA,NA,NA,NA,NA,NA,"",NA,NA,NA,-206502.22,124249.34,1,"S",-0.913726637168142,0.549775840707965
NA,"Sky-A1-6",-200.2849,134.04112,NA,NA,NA,NA,239.0665789,-21.39955997,NA,NA,NA,NA,NA,NA,NA,NA,NA,NA,NA,NA,NA,"",NA,NA,NA,-200284.9,134041.12,1,"S",-0.886216371681416,0.593102300884956
NA,"Sky-A1-7",-193.60365,143.52243,NA,NA,NA,NA,239.0966989,-21.360215897,NA,NA,NA,NA,NA,NA,NA,NA,NA,NA,NA,NA,NA,"",NA,NA,NA,-193603.65,143522.43,1,"S",-0.856653318584071,0.635055
NA,"Sky-A2-1",-3.01251,240.9813,NA,NA,NA,NA,239.9493133,-20.956530751,NA,NA,NA,NA,NA,NA,NA,NA,NA,NA,NA,NA,NA,"",NA,NA,NA,-3012.51,240981.3,1,"S",-0.0133296902654867,1.0662889380531
NA,"Sky-A2-2",8.5856,240.84715,NA,NA,NA,NA,240.0010497,-20.957103736,NA,NA,NA,NA,NA,NA,NA,NA,NA,NA,NA,NA,NA,"",NA,NA,NA,8585.6,240847.15,1,"S",0.0379893805309735,1.0656953539823
NA,"Sky-A2-3",20.16382,240.15512,NA,NA,NA,NA,240.0526974,-20.959985912,NA,NA,NA,NA,NA,NA,NA,NA,NA,NA,NA,NA,NA,"",NA,NA,NA,20163.82,240155.12,1,"S",0.0892204424778761,1.06263327433628
NA,"Sky-A2-4",31.69534,238.90682,NA,NA,NA,NA,240.1041392,-20.965170584,NA,NA,NA,NA,NA,NA,NA,NA,NA,NA,NA,NA,NA,"",NA,NA,NA,31695.34,238906.82,1,"S",0.140244867256637,1.05710982300885
NA,"Sky-A2-5",43.15344,237.10513,NA,NA,NA,NA,240.1552579,-20.972645889,NA,NA,NA,NA,NA,NA,NA,NA,NA,NA,NA,NA,NA,"",NA,NA,NA,43153.44,237105.13,1,"S",0.190944424778761,1.04913774336283
NA,"Sky-A2-6",54.51158,234.75423,NA,NA,NA,NA,240.2059374,-20.982394672,NA,NA,NA,NA,NA,NA,NA,NA,NA,NA,NA,NA,NA,"",NA,NA,NA,54511.58,234754.23,1,"S",0.241201681415929,1.03873553097345
NA,"Sky-A2-7",65.74346,231.85957,NA,NA,NA,NA,240.2560624,-20.994394612,NA,NA,NA,NA,NA,NA,NA,NA,NA,NA,NA,NA,NA,"",NA,NA,NA,65743.46,231859.57,1,"S",0.290900265486726,1.02592730088496
NA,"Sky-A3-1",231.67752,66.38214,NA,NA,NA,NA,241.000637,-21.680889637,NA,NA,NA,NA,NA,NA,NA,NA,NA,NA,NA,NA,NA,"",NA,NA,NA,231677.52,66382.14,1,"S",1.0251217699115,0.293726283185841
NA,"Sky-A3-2",234.60313,55.15828,NA,NA,NA,NA,241.0140533,-21.727536074,NA,NA,NA,NA,NA,NA,NA,NA,NA,NA,NA,NA,NA,"",NA,NA,NA,234603.13,55158.28,1,"S",1.03806694690265,0.244063185840708
NA,"Sky-A3-3",236.98531,43.80666,NA,NA,NA,NA,241.0250464,-21.774725816,NA,NA,NA,NA,NA,NA,NA,NA,NA,NA,NA,NA,NA,"",NA,NA,NA,236985.31,43806.66,1,"S",1.04860756637168,0.193834778761062
NA,"Sky-A3-4",238.81857,32.35357,NA,NA,NA,NA,241.0335891,-21.822350107,NA,NA,NA,NA,NA,NA,NA,NA,NA,NA,NA,NA,NA,"",NA,NA,NA,238818.57,32353.57,1,"S",1.05671933628319,0.143157389380531
NA,"Sky-A3-5",240.09865,20.82553,NA,NA,NA,NA,241.0396592,-21.870299123,NA,NA,NA,NA,NA,NA,NA,NA,NA,NA,NA,NA,NA,"",NA,NA,NA,240098.65,20825.53,1,"S",1.06238340707965,0.0921483628318584
NA,"Sky-A3-6",240.82258,9.24926,NA,NA,NA,NA,241.0432404,-21.918462092,NA,NA,NA,NA,NA,NA,NA,NA,NA,NA,NA,NA,NA,"",NA,NA,NA,240822.58,9249.26,1,"S",1.06558663716814,0.0409259292035398
NA,"Sky-A3-7",240.98869,2.34844,NA,NA,NA,NA,241.0441858,-21.947179319,NA,NA,NA,NA,NA,NA,NA,NA,NA,NA,NA,NA,NA,"",NA,NA,NA,240988.69,2348.44,1,"S",1.06632163716814,0.0103913274336283
NA,"Sky-A4-1",210.21182,-117.86456,NA,NA,NA,NA,240.9091897,-22.448241833,NA,NA,NA,NA,NA,NA,NA,NA,NA,NA,NA,NA,NA,"",NA,NA,NA,210211.82,-117864.56,1,"S",0.930140796460177,-0.521524601769911
NA,"Sky-A4-2",204.2974,-127.84223,NA,NA,NA,NA,240.8828186,-22.489901715,NA,NA,NA,NA,NA,NA,NA,NA,NA,NA,NA,NA,NA,"",NA,NA,NA,204297.4,-127842.23,1,"S",0.903970796460177,-0.565673584070796
NA,"Sky-A4-3",197.90977,-137.52377,NA,NA,NA,NA,240.8542944,-22.530336262,NA,NA,NA,NA,NA,NA,NA,NA,NA,NA,NA,NA,NA,"",NA,NA,NA,197909.77,-137523.77,1,"S",0.875706946902655,-0.608512256637168
NA,"Sky-A4-4",191.06371,-146.88677,NA,NA,NA,NA,240.8236819,-22.569450995,NA,NA,NA,NA,NA,NA,NA,NA,NA,NA,NA,NA,NA,"",NA,NA,NA,191063.71,-146886.77,1,"S",0.845414646017699,-0.649941460176991
NA,"Sky-A4-5",183.77509,-155.90952,NA,NA,NA,NA,240.7910511,-22.607154287,NA,NA,NA,NA,NA,NA,NA,NA,NA,NA,NA,NA,NA,"",NA,NA,NA,183775.09,-155909.52,1,"S",0.813164115044248,-0.689865132743363
NA,"Sky-A4-6",176.06079,-164.57115,NA,NA,NA,NA,240.7564769,-22.643357949,NA,NA,NA,NA,NA,NA,NA,NA,NA,NA,NA,NA,NA,"",NA,NA,NA,176060.79,-164571.15,1,"S",0.779030044247788,-0.72819092920354
NA,"Sky-A4-7",167.93867,-172.85157,NA,NA,NA,NA,240.7200389,-22.677977009,NA,NA,NA,NA,NA,NA,NA,NA,NA,NA,NA,NA,NA,"",NA,NA,NA,167938.67,-172851.57,1,"S",0.743091460176991,-0.764829955752212
NA,"Sky-A5-1",-148.4702,-189.83588,NA,NA,NA,NA,239.2925459,-22.749242982,NA,NA,NA,NA,NA,NA,NA,NA,NA,NA,NA,NA,NA,"",NA,NA,NA,-148470.2,-189835.88,1,"S",-0.656947787610619,-0.839981769911504
NA,"Sky-A5-2",-157.43205,-182.47249,NA,NA,NA,NA,239.2522342,-22.718442457,NA,NA,NA,NA,NA,NA,NA,NA,NA,NA,NA,NA,NA,"",NA,NA,NA,-157432.05,-182472.49,1,"S",-0.696601991150442,-0.807400398230088
NA,"Sky-A5-3",-166.02924,-174.68645,NA,NA,NA,NA,239.2135926,-22.685879044,NA,NA,NA,NA,NA,NA,NA,NA,NA,NA,NA,NA,NA,"",NA,NA,NA,-166029.24,-174686.45,1,"S",-0.734642654867257,-0.77294889380531
NA,"Sky-A5-4",-174.24185,-166.49577,NA,NA,NA,NA,239.1767107,-22.651629095,NA,NA,NA,NA,NA,NA,NA,NA,NA,NA,NA,NA,NA,"",NA,NA,NA,-174241.85,-166495.77,1,"S",-0.770981637168142,-0.736706946902655
NA,"Sky-A5-5",-182.05086,-157.91943,NA,NA,NA,NA,239.1416742,-22.615773011,NA,NA,NA,NA,NA,NA,NA,NA,NA,NA,NA,NA,NA,"",NA,NA,NA,-182050.86,-157919.43,1,"S",-0.805534778761062,-0.698758539823009
NA,"Sky-A5-6",-189.43818,-148.97731,NA,NA,NA,NA,239.1085639,-22.578394939,NA,NA,NA,NA,NA,NA,NA,NA,NA,NA,NA,NA,NA,"",NA,NA,NA,-189438.18,-148977.31,1,"S",-0.83822203539823,-0.659191637168142
NA,"Sky-A5-7",-196.38671,-139.6901,NA,NA,NA,NA,239.0774561,-22.539582391,NA,NA,NA,NA,NA,NA,NA,NA,NA,NA,NA,NA,NA,"",NA,NA,NA,-196386.71,-139690.1,1,"S",-0.868967743362832,-0.61809778761062
NA,"Sky-H1-1",-181.17025,158.92893,NA,NA,NA,NA,239.1526602,-21.296306457,NA,NA,NA,NA,NA,NA,NA,NA,NA,NA,NA,NA,NA,"",NA,NA,NA,-181170.25,158928.93,1,"S",-0.801638274336283,0.703225353982301
NA,"Sky-H1-2",-173.31368,167.46173,NA,NA,NA,NA,239.1879724,-21.260922604,NA,NA,NA,NA,NA,NA,NA,NA,NA,NA,NA,NA,NA,"",NA,NA,NA,-173313.68,167461.73,1,"S",-0.766874690265487,0.74098110619469
NA,"Sky-H1-3",-165.05567,175.60663,NA,NA,NA,NA,239.2250549,-21.22715551,NA,NA,NA,NA,NA,NA,NA,NA,NA,NA,NA,NA,NA,"",NA,NA,NA,-165055.67,175606.63,1,"S",-0.73033482300885,0.777020486725664
NA,"Sky-H1-4",-156.41534,183.34477,NA,NA,NA,NA,239.2638217,-21.195082396,NA,NA,NA,NA,NA,NA,NA,NA,NA,NA,NA,NA,NA,"",NA,NA,NA,-156415.34,183344.77,1,"S",-0.692103274336283,0.811260044247788
NA,"Sky-H1-5",-147.4127,190.65822,NA,NA,NA,NA,239.3041834,-21.16477661,NA,NA,NA,NA,NA,NA,NA,NA,NA,NA,NA,NA,NA,"",NA,NA,NA,-147412.7,190658.22,1,"S",-0.652268584070796,0.843620442477876
NA,"Sky-H1-6",-138.06861,197.53006,NA,NA,NA,NA,239.3460467,-21.136307312,NA,NA,NA,NA,NA,NA,NA,NA,NA,NA,NA,NA,NA,"",NA,NA,NA,-138068.61,197530.06,1,"S",-0.610923053097345,0.874026814159292
NA,"Sky-H1-7",-128.4047,203.94434,NA,NA,NA,NA,239.3893155,-21.109739633,NA,NA,NA,NA,NA,NA,NA,NA,NA,NA,NA,NA,NA,"",NA,NA,NA,-128404.7,203944.34,1,"S",-0.568162389380531,0.902408584070796
NA,"Sky-H1-8",-118.44464,209.88551,NA,NA,NA,NA,239.4338846,-21.085137071,NA,NA,NA,NA,NA,NA,NA,NA,NA,NA,NA,NA,NA,"",NA,NA,NA,-118444.64,209885.51,1,"S",-0.524091327433628,0.928696946902655
NA,"Sky-H2-1",-100.81652,218.89973,NA,NA,NA,NA,239.5127122,-21.047820171,NA,NA,NA,NA,NA,NA,NA,NA,NA,NA,NA,NA,NA,"",NA,NA,NA,-100816.52,218899.73,1,"S",-0.446090796460177,0.968582876106195
NA,"Sky-H2-2",-90.16757,223.49692,NA,NA,NA,NA,239.5603023,-21.02879485,NA,NA,NA,NA,NA,NA,NA,NA,NA,NA,NA,NA,NA,"",NA,NA,NA,-90167.57,223496.92,1,"S",-0.398971548672566,0.988924424778761
NA,"Sky-H2-3",-79.30977,227.57641,NA,NA,NA,NA,239.6088071,-21.011916196,NA,NA,NA,NA,NA,NA,NA,NA,NA,NA,NA,NA,NA,"",NA,NA,NA,-79309.77,227576.41,1,"S",-0.350928185840708,1.00697526548673
NA,"Sky-H2-4",-68.26826,231.12877,NA,NA,NA,NA,239.6581159,-20.997222536,NA,NA,NA,NA,NA,NA,NA,NA,NA,NA,NA,NA,NA,"",NA,NA,NA,-68268.26,231128.77,1,"S",-0.302071946902655,1.02269367256637
NA,"Sky-H2-5",-57.06862,234.14576,NA,NA,NA,NA,239.7081161,-20.984747321,NA,NA,NA,NA,NA,NA,NA,NA,NA,NA,NA,NA,NA,"",NA,NA,NA,-57068.62,234145.76,1,"S",-0.252516017699115,1.03604318584071
NA,"Sky-H2-6",-45.73679,236.62039,NA,NA,NA,NA,239.758694,-20.974518898,NA,NA,NA,NA,NA,NA,NA,NA,NA,NA,NA,NA,NA,"",NA,NA,NA,-45736.79,236620.39,1,"S",-0.20237517699115,1.04699287610619
NA,"Sky-H2-7",-34.29902,238.54693,NA,NA,NA,NA,239.8097343,-20.966560471,NA,NA,NA,NA,NA,NA,NA,NA,NA,NA,NA,NA,NA,"",NA,NA,NA,-34299.02,238546.93,1,"S",-0.151765575221239,1.05551738938053
NA,"Sky-H2-8",-22.78326,239.92079,NA,NA,NA,NA,239.8611144,-20.960890599,NA,NA,NA,NA,NA,NA,NA,NA,NA,NA,NA,NA,NA,"",NA,NA,NA,-22783.26,239920.79,1,"S",-0.100810884955752,1.0615964159292
NA,"Sky-H3-1",184.61356,154.91577,NA,NA,NA,NA,240.787917,-21.313347324,NA,NA,NA,NA,NA,NA,NA,NA,NA,NA,NA,NA,NA,"",NA,NA,NA,184613.56,154915.77,1,"S",0.816874159292035,0.685468008849557
NA,"Sky-H3-2",191.8534,145.85382,NA,NA,NA,NA,240.8204725,-21.350936286,NA,NA,NA,NA,NA,NA,NA,NA,NA,NA,NA,NA,NA,"",NA,NA,NA,191853.4,145853.82,1,"S",0.848908849557522,0.645370884955752
NA,"Sky-H3-3",198.64884,136.45402,NA,NA,NA,NA,240.8510642,-21.389933765,NA,NA,NA,NA,NA,NA,NA,NA,NA,NA,NA,NA,NA,"",NA,NA,NA,198648.84,136454.02,1,"S",0.878977168141593,0.603778849557522
NA,"Sky-H3-4",204.98415,126.73816,NA,NA,NA,NA,240.879621,-21.430250327,NA,NA,NA,NA,NA,NA,NA,NA,NA,NA,NA,NA,NA,"",NA,NA,NA,204984.15,126738.16,1,"S",0.907009513274336,0.560788318584071
NA,"Sky-H3-5",210.84465,116.72873,NA,NA,NA,NA,240.9060758,-21.471793593,NA,NA,NA,NA,NA,NA,NA,NA,NA,NA,NA,NA,NA,"",NA,NA,NA,210844.65,116728.73,1,"S",0.93294092920354,0.516498805309734
NA,"Sky-H3-6",216.21677,106.44891,NA,NA,NA,NA,240.9303664,-21.514468276,NA,NA,NA,NA,NA,NA,NA,NA,NA,NA,NA,NA,NA,"",NA,NA,NA,216216.77,106448.91,1,"S",0.956711371681416,0.471012876106195
NA,"Sky-H3-7",221.08806,95.92253,NA,NA,NA,NA,240.9524355,-21.558176334,NA,NA,NA,NA,NA,NA,NA,NA,NA,NA,NA,NA,NA,"",NA,NA,NA,221088.06,95922.53,1,"S",0.978265752212389,0.424435973451327
NA,"Sky-H3-8",225.44672,85.17533,NA,NA,NA,NA,240.9722283,-21.602811724,NA,NA,NA,NA,NA,NA,NA,NA,NA,NA,NA,NA,NA,"",NA,NA,NA,225446.72,85175.33,1,"S",0.99755185840708,0.376881991150442
NA,"Sky-H4-1",239.9828,-22.12059,NA,NA,NA,NA,241.0403827,-22.049044511,NA,NA,NA,NA,NA,NA,NA,NA,NA,NA,NA,NA,NA,"",NA,NA,NA,239982.8,-22120.59,1,"S",1.06187079646018,-0.0978787168141593
NA,"Sky-H4-2",238.64054,-33.64155,NA,NA,NA,NA,241.0346905,-22.097028036,NA,NA,NA,NA,NA,NA,NA,NA,NA,NA,NA,NA,NA,"",NA,NA,NA,238640.54,-33641.55,1,"S",1.05593159292035,-0.148856415929204
NA,"Sky-H4-3",236.74552,-45.08459,NA,NA,NA,NA,241.0265099,-22.144700847,NA,NA,NA,NA,NA,NA,NA,NA,NA,NA,NA,NA,NA,"",NA,NA,NA,236745.52,-45084.59,1,"S",1.04754654867257,-0.199489336283186
NA,"Sky-H4-4",234.30213,-56.42319,NA,NA,NA,NA,241.0158577,-22.191952278,NA,NA,NA,NA,NA,NA,NA,NA,NA,NA,NA,NA,NA,"",NA,NA,NA,234302.13,-56423.19,1,"S",1.03673508849558,-0.249660132743363
NA,"Sky-H4-5",231.31601,-67.6311,NA,NA,NA,NA,241.0027562,-22.238672664,NA,NA,NA,NA,NA,NA,NA,NA,NA,NA,NA,NA,NA,"",NA,NA,NA,231316.01,-67631.1,1,"S",1.02352216814159,-0.299252654867257
NA,"Sky-H4-6",227.79409,-78.68236,NA,NA,NA,NA,240.9872336,-22.284753415,NA,NA,NA,NA,NA,NA,NA,NA,NA,NA,NA,NA,NA,"",NA,NA,NA,227794.09,-78682.36,1,"S",1.00793845132743,-0.34815203539823
NA,"Sky-H4-7",223.74453,-89.55136,NA,NA,NA,NA,240.9693238,-22.330087285,NA,NA,NA,NA,NA,NA,NA,NA,NA,NA,NA,NA,NA,"",NA,NA,NA,223744.53,-89551.36,1,"S",0.990020044247788,-0.396244955752212
NA,"Sky-H4-8",219.17732,-100.21161,NA,NA,NA,NA,240.949069,-22.37456323,NA,NA,NA,NA,NA,NA,NA,NA,NA,NA,NA,NA,NA,"",NA,NA,NA,219177.32,-100211.61,1,"S",0.969811150442478,-0.443414203539823
NA,"Sky-H5-1",41.83481,-237.34134,NA,NA,NA,NA,240.1517149,-22.947943531,NA,NA,NA,NA,NA,NA,NA,NA,NA,NA,NA,NA,NA,"",NA,NA,NA,41834.81,-237341.34,1,"S",0.185109778761062,-1.05018292035398
NA,"Sky-H5-2",30.36687,-239.07931,NA,NA,NA,NA,240.0999048,-22.955234955,NA,NA,NA,NA,NA,NA,NA,NA,NA,NA,NA,NA,NA,"",NA,NA,NA,30366.87,-239079.31,1,"S",0.134366681415929,-1.05787305309735
NA,"Sky-H5-3",18.8286,-240.26349,NA,NA,NA,NA,240.0477691,-22.960207246,NA,NA,NA,NA,NA,NA,NA,NA,NA,NA,NA,NA,NA,"",NA,NA,NA,18828.6,-240263.49,1,"S",0.083312389380531,-1.06311278761062
NA,"Sky-H5-4",7.2467,-240.89115,NA,NA,NA,NA,239.9954307,-22.962848618,NA,NA,NA,NA,NA,NA,NA,NA,NA,NA,NA,NA,NA,"",NA,NA,NA,7246.7,-240891.15,1,"S",0.0320650442477876,-1.06589004424779
NA,"Sky-H5-5",-4.35197,-240.96083,NA,NA,NA,NA,239.9430135,-22.963152706,NA,NA,NA,NA,NA,NA,NA,NA,NA,NA,NA,NA,NA,"",NA,NA,NA,-4351.97,-240960.83,1,"S",-0.0192565044247788,-1.06619836283186
NA,"Sky-H5-6",-15.94057,-240.47237,NA,NA,NA,NA,239.8906412,-22.961118692,NA,NA,NA,NA,NA,NA,NA,NA,NA,NA,NA,NA,NA,"",NA,NA,NA,-15940.57,-240472.37,1,"S",-0.0705334955752212,-1.06403703539823
NA,"Sky-H5-7",-27.49224,-239.4269,NA,NA,NA,NA,239.8384377,-22.956751269,NA,NA,NA,NA,NA,NA,NA,NA,NA,NA,NA,NA,NA,"",NA,NA,NA,-27492.24,-239426.9,1,"S",-0.121647079646018,-1.0594110619469
NA,"Sky-H5-8",-38.97879,-237.82707,NA,NA,NA,NA,239.7865329,-22.950061597,NA,NA,NA,NA,NA,NA,NA,NA,NA,NA,NA,NA,NA,"",NA,NA,NA,-38978.79,-237827.07,1,"S",-0.172472522123894,-1.05233216814159
NA,"Sky-H6-1",-58.36925,-233.82492,NA,NA,NA,NA,239.6989292,-22.933317541,NA,NA,NA,NA,NA,NA,NA,NA,NA,NA,NA,NA,NA,"",NA,NA,NA,-58369.25,-233824.92,1,"S",-0.258271017699115,-1.03462353982301
NA,"Sky-H6-2",-69.55194,-230.74573,NA,NA,NA,NA,239.6484212,-22.920431839,NA,NA,NA,NA,NA,NA,NA,NA,NA,NA,NA,NA,NA,"",NA,NA,NA,-69551.94,-230745.73,1,"S",-0.307751946902655,-1.02099880530973
NA,"Sky-H6-3",-80.57354,-227.13205,NA,NA,NA,NA,239.5986538,-22.905308223,NA,NA,NA,NA,NA,NA,NA,NA,NA,NA,NA,NA,NA,"",NA,NA,NA,-80573.54,-227132.05,1,"S",-0.356520088495575,-1.00500907079646
NA,"Sky-H6-4",-91.4085,-222.99226,NA,NA,NA,NA,239.5497446,-22.88798231,NA,NA,NA,NA,NA,NA,NA,NA,NA,NA,NA,NA,NA,"",NA,NA,NA,-91408.5,-222992.26,1,"S",-0.404462389380531,-0.986691415929204
NA,"Sky-H6-5",-102.03172,-218.33596,NA,NA,NA,NA,239.5018087,-22.868494909,NA,NA,NA,NA,NA,NA,NA,NA,NA,NA,NA,NA,NA,"",NA,NA,NA,-102031.72,-218335.96,1,"S",-0.45146778761062,-0.966088318584071
NA,"Sky-H6-6",-112.41861,-213.17391,NA,NA,NA,NA,239.4549588,-22.846891765,NA,NA,NA,NA,NA,NA,NA,NA,NA,NA,NA,NA,NA,"",NA,NA,NA,-112418.61,-213173.91,1,"S",-0.497427477876106,-0.943247389380531
NA,"Sky-H6-7",-122.54511,-207.51809,NA,NA,NA,NA,239.4093049,-22.823223791,NA,NA,NA,NA,NA,NA,NA,NA,NA,NA,NA,NA,NA,"",NA,NA,NA,-122545.11,-207518.09,1,"S",-0.542235,-0.918221637168142
NA,"Sky-H6-8",-132.38652,-201.3824,NA,NA,NA,NA,239.3649597,-22.797550003,NA,NA,NA,NA,NA,NA,NA,NA,NA,NA,NA,NA,NA,"",NA,NA,NA,-132386.52,-201382.4,1,"S",-0.585781061946903,-0.891072566371681
NA,"Sky-H7-1",-207.18967,-123.09956,NA,NA,NA,NA,239.0291783,-22.470268857,NA,NA,NA,NA,NA,NA,NA,NA,NA,NA,NA,NA,NA,"",NA,NA,NA,-207189.67,-123099.56,1,"S",-0.916768451327434,-0.544688318584071
NA,"Sky-H7-2",-212.87255,-112.98823,NA,NA,NA,NA,239.0038354,-22.428037953,NA,NA,NA,NA,NA,NA,NA,NA,NA,NA,NA,NA,NA,"",NA,NA,NA,-212872.55,-112988.23,1,"S",-0.941913938053097,-0.499947920353982
NA,"Sky-H7-3",-218.06235,-102.61518,NA,NA,NA,NA,238.9807341,-22.384724442,NA,NA,NA,NA,NA,NA,NA,NA,NA,NA,NA,NA,NA,"",NA,NA,NA,-218062.35,-102615.18,1,"S",-0.964877654867257,-0.454049469026549
NA,"Sky-H7-4",-222.74704,-92.00444,NA,NA,NA,NA,238.9599264,-22.340429516,NA,NA,NA,NA,NA,NA,NA,NA,NA,NA,NA,NA,NA,"",NA,NA,NA,-222747.04,-92004.44,1,"S",-0.985606371681416,-0.407099292035398
NA,"Sky-H7-5",-226.91579,-81.18059,NA,NA,NA,NA,238.9414588,-22.29525658,NA,NA,NA,NA,NA,NA,NA,NA,NA,NA,NA,NA,NA,"",NA,NA,NA,-226915.79,-81180.59,1,"S",-1.00405216814159,-0.359206150442478
NA,"Sky-H7-6",-230.55892,-70.1687,NA,NA,NA,NA,238.9253724,-22.249310991,NA,NA,NA,NA,NA,NA,NA,NA,NA,NA,NA,NA,NA,"",NA,NA,NA,-230558.92,-70168.7,1,"S",-1.02017221238938,-0.310480973451327
NA,"Sky-H7-7",-233.66801,-58.99428,NA,NA,NA,NA,238.9117026,-22.202699836,NA,NA,NA,NA,NA,NA,NA,NA,NA,NA,NA,NA,NA,"",NA,NA,NA,-233668.01,-58994.28,1,"S",-1.03392924778761,-0.261036637168142
NA,"Sky-H7-8",-236.23556,-47.68464,NA,NA,NA,NA,238.9004801,-22.155537605,NA,NA,NA,NA,NA,NA,NA,NA,NA,NA,NA,NA,NA,"",NA,NA,NA,-236235.56,-47684.64,1,"S",-1.04529008849558,-0.210993982300885
