#OBSTEMP,8
#CONFIGTEMP,19
#EQUINOX,J2000.0
#CENTRE,15 59 37.80,-21 51 30.2 #Field centre
#UTTIME,12 00 00.00 #Target observing time
#UTDATE,2021 07 10 #Target observing date
#PLATEID,a test_plateID
#LABEL,240_m20_comissioning Tile 018
#TILING_DATE,2021 06 07 # Date the tile was created/configured
#PROXIMITY,220 # tiling proximity value in arcseconds
"ID","RA","DEC","g_mag","r_mag","i_mag","z_mag","y_mag","GAIA_g_mag","GAIA_bp_mag","GAIA_rp_mag","pmRA","pmDEC","priority","remaining_observations","Tile_number","COMPLETED","MagnetX_noDC","MagnetY_noDC","type","MagnetX","MagnetY","Position","fibre_type","x","y","grads","gangs","gazAngs","gangs_gazAng"
"6243612104440601600",240.04935,-21.589516,NA,10.8283996582031,NA,NA,NA,NA,NA,NA,-14.5950334169632,-4.69607135305918,NA,NA,NA,NA,32059.5831249958,60764.3551562502,2,30749.36,62670.31,NA,"G",-116.6895,174.14802,209.628176255413,0.658503507879672,-0.980448654877921,1.63895216275759
"6243334237238067456",240.78938,-22.083347,NA,11.6505002975464,NA,NA,NA,NA,NA,NA,-4.6966944236801,-11.8659319612324,NA,NA,NA,NA,199306.363124994,-50841.4508437498,2,194107.28,-53982.49,NA,"G",148.91228,-143.87085,207.05962574708,0.504014851565167,2.37341177944658,4.41378837929817
"6243227172292998528",240.48427,-22.491997,NA,11.87380027771,NA,NA,NA,NA,NA,NA,-5.60784288000512,3.5352576950285,NA,NA,NA,NA,130351.503124997,-143196.35084375,2,126464.01,-150588.39,NA,"G",-111.94772,-28.08687,115.417348260975,3.5715475022714,0.245818710609575,3.32572879166182
"6246530345736828288",239.47615,-21.590834,NA,12.191499710083,NA,NA,NA,NA,NA,NA,-9.03548479081139,-11.5381205272271,NA,NA,NA,NA,-97483.6168750074,60466.4871562499,2,-93830.96,62455.41,NA,"G",38.59186,178.43554,182.561150284915,2.81439230539075,4.49939065265385,4.59818695991649
"6243514557142507520",240.00003,-21.678959,NA,12.245400428772,NA,NA,NA,NA,NA,NA,-11.7798565660068,-16.0499582879932,NA,NA,NA,NA,20913.2631249906,40550.2371562504,2,20007.33,41744.68,NA,"G",194.10728,-53.98249,201.473932248315,4.4239250753259,2.87034068430384,1.55358439102206
"6243641550737362816",240.1756,-21.123062,NA,13.2470998764038,NA,NA,NA,NA,NA,NA,-12.5485376352915,6.88662991664027,NA,NA,NA,NA,60592.0831249955,166182.95915625,2,59156.51,173897.51,NA,"G",122.3932,13.82259,123.171260448808,1.09890389871055,3.25405207792563,4.1280371279645
