#OBSTEMP,8
#CONFIGTEMP,19
#EQUINOX,J2000.0
#CENTRE,15 59 10.92,-22 08 44.7 #Field centre
#UTTIME,12 00 00.00 #Target observing time
#UTDATE,2021 07 10 #Target observing date
#PLATEID,a test_plateID
#LABEL,240_m20_comissioning Tile 025
#TILING_DATE,2021 06 07 # Date the tile was created/configured
#PROXIMITY,220 # tiling proximity value in arcseconds
"probe","ID","x","y","rads","angs","azAngs","angs_azAng","RA","DEC","g_mag","r_mag","i_mag","z_mag","y_mag","GAIA_g_mag","GAIA_bp_mag","GAIA_rp_mag","pmRA","pmDEC","priority","remaining_observations","Tile_number","COMPLETED","MagnetX_noDC","MagnetY_noDC","type","MagnetX","MagnetY","Position","fibre_type","fraction_plate_radius_X","fraction_plate_radius_Y"
1,"6243432261272853888",77.03062,-33.65678,84.0624485579191,4.03199560433685,2.72966301439915,1.30233258993771,240.15204,-22.289532,18.5823001861572,17.9428997039795,17.6387996673584,17.5167007446289,17.417200088501,17.969608,18.403755,17.253353,1.15509507968543,2.54008214121368,1,1,-999,"False",80580.122745091,-32493.6064313724,1,77030.62,-33656.78,NA,"P",0.340843451327434,-0.148923805309735
2,"6243225729183995648",141.86329,-84.19079,164.964487603994,0.785207521021663,2.60599271667089,4.46240011153036,240.44656,-22.501469,17.9216995239258,17.2978992462158,17.024299621582,16.888599395752,16.8031997680664,17.346064,17.732824,16.594791,-0.692001271796614,-0.19742302648041,1,1,-999,"False",147141.642745092,-80391.3684313722,1,141863.29,-84190.79,NA,"P",0.627713672566372,-0.372525619469027
3,"6243504386659868544",19.308,57.35259,60.5154397134161,0.358946838541422,4.38765247765575,2.25447966806526,239.88483,-21.899536,16.5098991394043,15.8217000961304,15.4917001724243,15.3306999206543,15.2065000534058,15.82479,16.385391,15.114516,-4.5598423076037,-5.91175137956617,1,1,-999,"False",20190.6627450897,55645.4895686284,1,19308,57352.59,NA,"P",0.0854336283185841,0.253772522123894
4,"6243469305366549632",-67.98861,-22.38826,71.5799222936132,2.1632023307909,0.318111007338183,1.84509132345271,239.48048,-22.241447,17.5888004302979,16.9757995605469,16.7063999176025,16.5790996551514,16.4902992248535,16.998343,17.486982,16.341528,-2.62646923371518,-7.45592006772136,1,1,-999,"False",-71192.4372549153,-21626.3964313723,1,-67988.61,-22388.26,NA,"P",-0.300834557522124,-0.0990630973451327
5,"6237401959684979200",-136.68746,-139.2407,195.11902587329,2.57602878994526,0.794651177412358,1.7813776125329,239.17078,-22.73146,18.6888999938965,17.4761009216309,16.8675994873047,16.5625,16.3647994995117,17.434322,18.26414,16.469753,-3.2745507148675,-1.12302063112936,1,1,-999,"False",-141184.637254914,-132369.334431373,1,-136687.46,-139240.7,NA,"P",-0.604811769911504,-0.616109292035398
6,"6243470817195833472",-59.13694,-3.4366,59.2367106794731,-0.961674524569208,0.0580472928024331,5.26346348980795,239.52136,-22.160265,16.1231994628906,15.2645998001099,14.8622999191284,14.6442003250122,14.5155000686646,15.273086,15.945271,14.481347,-3.99273335502571,-5.37819725231311,1,1,-999,"False",-61953.5572549054,-3279.2644313719,1,-59136.94,-3436.6,NA,"P",-0.261667876106195,-0.0152061946902655
7,"6237382890029979264",-50.9423,-160.72303,168.603114744867,2.28805587899633,1.26385609686748,1.02419978212885,239.56126,-22.826635,18.0270004272461,17.2898998260498,16.9584999084473,16.8085994720459,16.6870002746582,17.313858,17.87437,16.577297,4.69189106003767,0.742892541649775,1,1,-999,"False",-52936.1572549079,-153878.884431372,1,-50942.3,-160723.03,NA,"P",-0.225408407079646,-0.711163849557522
8,"6243208755472609664",-0.31842,-123.25724,123.257651298871,-0.544839251713459,1.56821295488391,4.17013310058222,239.794,-22.671642,17.2271995544434,16.5769996643066,16.277099609375,16.1361999511719,16.0193996429443,16.590569,17.102928,15.904608,-4.31659481230626,-5.44293227390653,1,1,-999,"False",-336.917254906382,-118850.466431373,1,-318.42,-123257.24,NA,"P",-0.00140893805309735,-0.545386017699115
9,"6237356810988545792",-94.83913,-194.34548,216.251303292228,2.82095181340998,1.11680080596506,1.70415100744492,239.36336,-22.960493,18.3236999511719,17.2844009399414,16.841100692749,16.5958003997803,16.4435005187988,17.299234,18.050394,16.445591,5.82463654522545,-2.38414762834611,1,1,-999,"False",-97661.5572549089,-184130.792431372,1,-94839.13,-194345.48,NA,"P",-0.419642168141593,-0.859935752212389
10,"6246496737614697344",-139.55829,74.31859,158.11315292319,2.22040127238457,-0.48932952935093,2.7097308017355,239.15685,-21.82877,18.3138999938965,17.7313995361328,17.4489994049072,17.315299987793,17.2187995910645,17.736584,18.135977,17.059855,-7.04066634328347,4.12060292935036,1,1,-999,"False",-144332.817254911,71638.6055686274,1,-139558.29,74318.59,NA,"P",-0.617514557522124,0.328843318584071
11,"6243459203603812352",57.36233,43.33758,71.8928559961649,3.60802744078127,3.78860824955484,6.10260449840601,240.06073,-21.95971,15.9582996368408,15.539400100708,15.3543996810913,15.2671003341675,15.2104997634888,15.533947,15.901967,14.9845915,-3.05869828984736,2.28892293757541,1,1,-999,"False",59944.0627450862,42046.1655686276,1,57362.33,43337.58,NA,"P",0.253815619469027,0.191759203539823
12,"6243234593996551680",174.9728,-47.18553,181.223494561883,4.34628664594514,2.87818514557678,1.46810150036836,240.59512,-22.343294,16.757999420166,16.1989002227783,15.9511995315552,15.8562002182007,15.7636003494263,16.216831,16.673286,15.582361,-4.68114802414153,-6.61988559403888,1,1,-999,"False",180716.202745093,-44643.8184313722,1,174972.8,-47185.53,NA,"P",0.77421592920354,-0.208785530973451
13,"6243414398504600064",-52.95613,-75.66303,92.3539160694218,-0.610338742869906,0.96014124713436,4.71270531717532,239.55023,-22.469364,17.9475002288818,17.4477005004883,17.2031002044678,17.1032009124756,17.0209007263184,17.457968,17.853052,16.825935,1.07733114383399,-4.77112251105784,1,1,-999,"False",-55428.9372549155,-73135.6384313727,1,-52956.13,-75663.03,NA,"P",-0.234319159292035,-0.334792168141593
14,"6243345610310491392",180.99636,16.23469,181.722996598245,4.56847163577926,3.23104948415874,1.33742215162052,240.6211,-22.075098,17.7464008331299,16.9972991943359,16.6686992645264,16.5072002410889,16.4053001403809,17.020924,17.613697,16.288559,-9.55628666700618,-9.24393192318092,1,1,-999,"False",186587.682745094,15968.4775686277,1,180996.36,16234.69,NA,"P",0.800868849557522,0.0718349115044248
15,"6243456420465027072",41.68726,42.53952,59.5603761584663,0.233880340864172,3.93710910614744,2.57995654189632,239.98846,-21.963036,17.5252990722656,16.9640998840332,16.716100692749,16.601900100708,16.5160999298096,16.991146,17.437378,16.345747,-2.16440580421476,-4.74763399317977,1,1,-999,"False",43611.0427450919,41294.4895686281,1,41687.26,42539.52,NA,"P",0.184456902654867,0.18822796460177
16,"6243254007248933632",144.49717,3.91655,144.550238678154,4.2995149028266,3.16869070199213,1.13082420083447,240.459,-22.127789,16.551399230957,16.1695995330811,16.0301990509033,15.9800996780396,15.9200000762939,16.182583,16.516901,15.667469,-2.41950521592625,0.122773905426246,1,1,-999,"False",149953.082745092,4060.31156862789,1,144497.17,3916.55,NA,"P",0.639368008849558,0.0173298672566372
17,"6243199890660741248",84.8964,-119.65481,146.712890671188,0.897086886657183,2.18787701046485,4.99239518337192,240.18657,-22.654001,18.7553997039795,17.8467998504639,17.4508991241455,17.2621002197266,17.0879993438721,17.869404,17.938549,16.983498,-3.17659078687209,-0.287431445526779,1,1,-999,"False",88383.902745095,-114863.600431372,1,84896.4,-119654.81,NA,"P",0.375647787610619,-0.529446061946903
18,"6237403883830411904",-144.98384,-114.47046,184.726284198425,-1.35133611965805,0.668329926463071,4.26351926105846,239.13185,-22.627996,15.5560998916626,14.9083003997803,14.6454000473022,14.5235996246338,14.4312000274658,14.939369,15.44198,14.272403,-2.11681062363352,-8.51245829172208,1,1,-999,"False",-149982.817254912,-108986.470431372,1,-144983.84,-114470.46,NA,"P",-0.641521415929204,-0.506506460176991
19,"6243633609333951744",34.81618,212.71854,215.548935626052,0.40824581499009,4.55015493134296,2.14127619082671,239.95238,-21.252462,18.1273994445801,17.3476009368896,17.0316009521484,16.8784008026123,16.7574996948242,17.388689,17.958273,16.644487,-9.81909280565992,3.88277697318184,1,1,-999,"False",35456.9627450858,201884.213568628,1,34816.18,212718.54,NA,"P",0.15405389380531,0.941232477876106
20,"6243610420813575168",99.35829,141.25724,172.701122301338,0.0954701576509698,4.09939450112831,2.27926096370224,239.23572,-21.552135,15.8726997375488,15.6510000228882,15.6122999191284,15.6071996688843,15.5552997589111,15.645408,15.873403,15.24865,-3.11138896781439,-7.05067521964249,1,NA,NA,"",-126508.197254906,134158.115568628,0,-123223.09,140259.75,NA,"P",-0.545234911504425,0.620618362831858
21,"6246510245290334848",-123.22309,140.25975,186.699564485862,0.359650201585842,-0.849967745335586,1.20961794692143,240.24802,-21.54678,16.488000869751,16.5109004974365,16.5930004119873,16.6418991088867,16.574800491333,16.457115,16.547333,16.22686,-6.91910821753063,-4.26861636245365,1,NA,NA,"",102271.602745097,135368.345568628,0,99358.29,141257.24,NA,"P",0.439638451327434,0.62503203539823
NA,"Sky-A1-1",-226.46104,82.44066,NA,NA,NA,NA,238.7794923,-21.799148992,NA,NA,NA,NA,NA,NA,NA,NA,NA,NA,NA,NA,NA,"",NA,NA,NA,-226461.04,82440.66,1,"S",-1.00204,0.364781681415929
NA,"Sky-A1-2",-222.23219,93.24117,NA,NA,NA,NA,238.7987612,-21.754270929,NA,NA,NA,NA,NA,NA,NA,NA,NA,NA,NA,NA,NA,"",NA,NA,NA,-222232.19,93241.17,1,"S",-0.983328274336283,0.412571548672566
NA,"Sky-A1-3",-217.48859,103.8257,NA,NA,NA,NA,238.8203214,-21.710302723,NA,NA,NA,NA,NA,NA,NA,NA,NA,NA,NA,NA,NA,"",NA,NA,NA,-217488.59,103825.7,1,"S",-0.96233889380531,0.459405752212389
NA,"Sky-A1-4",-212.24121,114.16975,NA,NA,NA,NA,238.8441212,-21.667345447,NA,NA,NA,NA,NA,NA,NA,NA,NA,NA,NA,NA,NA,"",NA,NA,NA,-212241.21,114169.75,1,"S",-0.939120398230089,0.505175884955752
NA,"Sky-A1-5",-206.50222,124.24934,NA,NA,NA,NA,238.8701042,-21.625497922,NA,NA,NA,NA,NA,NA,NA,NA,NA,NA,NA,NA,NA,"",NA,NA,NA,-206502.22,124249.34,1,"S",-0.913726637168142,0.549775840707965
NA,"Sky-A1-6",-200.2849,134.04112,NA,NA,NA,NA,238.898209,-21.584856273,NA,NA,NA,NA,NA,NA,NA,NA,NA,NA,NA,NA,NA,"",NA,NA,NA,-200284.9,134041.12,1,"S",-0.886216371681416,0.593102300884956
NA,"Sky-A1-7",-193.60365,143.52243,NA,NA,NA,NA,238.9283696,-21.545513685,NA,NA,NA,NA,NA,NA,NA,NA,NA,NA,NA,NA,NA,"",NA,NA,NA,-193603.65,143522.43,1,"S",-0.856653318584071,0.635055
NA,"Sky-A2-1",-3.01251,240.9813,NA,NA,NA,NA,239.7820686,-21.141849124,NA,NA,NA,NA,NA,NA,NA,NA,NA,NA,NA,NA,NA,"",NA,NA,NA,-3012.51,240981.3,1,"S",-0.0133296902654867,1.0662889380531
NA,"Sky-A2-2",8.5856,240.84715,NA,NA,NA,NA,239.8338695,-21.142422029,NA,NA,NA,NA,NA,NA,NA,NA,NA,NA,NA,NA,NA,"",NA,NA,NA,8585.6,240847.15,1,"S",0.0379893805309735,1.0656953539823
NA,"Sky-A2-3",20.16382,240.15512,NA,NA,NA,NA,239.8855816,-21.145303973,NA,NA,NA,NA,NA,NA,NA,NA,NA,NA,NA,NA,NA,"",NA,NA,NA,20163.82,240155.12,1,"S",0.0892204424778761,1.06263327433628
NA,"Sky-A2-4",31.69534,238.90682,NA,NA,NA,NA,239.9370875,-21.150488265,NA,NA,NA,NA,NA,NA,NA,NA,NA,NA,NA,NA,NA,"",NA,NA,NA,31695.34,238906.82,1,"S",0.140244867256637,1.05710982300885
NA,"Sky-A2-5",43.15344,237.10513,NA,NA,NA,NA,239.98827,-21.157963042,NA,NA,NA,NA,NA,NA,NA,NA,NA,NA,NA,NA,NA,"",NA,NA,NA,43153.44,237105.13,1,"S",0.190944424778761,1.04913774336283
NA,"Sky-A2-6",54.51158,234.75423,NA,NA,NA,NA,240.0390129,-21.167711155,NA,NA,NA,NA,NA,NA,NA,NA,NA,NA,NA,NA,NA,"",NA,NA,NA,54511.58,234754.23,1,"S",0.241201681415929,1.03873553097345
NA,"Sky-A2-7",65.74346,231.85957,NA,NA,NA,NA,240.0892007,-21.179710289,NA,NA,NA,NA,NA,NA,NA,NA,NA,NA,NA,NA,NA,"",NA,NA,NA,65743.46,231859.57,1,"S",0.290900265486726,1.02592730088496
NA,"Sky-A3-1",231.67752,66.38214,NA,NA,NA,NA,240.8347516,-21.866176487,NA,NA,NA,NA,NA,NA,NA,NA,NA,NA,NA,NA,NA,"",NA,NA,NA,231677.52,66382.14,1,"S",1.0251217699115,0.293726283185841
NA,"Sky-A3-2",234.60313,55.15828,NA,NA,NA,NA,240.8481886,-21.912822108,NA,NA,NA,NA,NA,NA,NA,NA,NA,NA,NA,NA,NA,"",NA,NA,NA,234603.13,55158.28,1,"S",1.03806694690265,0.244063185840708
NA,"Sky-A3-3",236.98531,43.80666,NA,NA,NA,NA,240.8591993,-21.960011171,NA,NA,NA,NA,NA,NA,NA,NA,NA,NA,NA,NA,NA,"",NA,NA,NA,236985.31,43806.66,1,"S",1.04860756637168,0.193834778761062
NA,"Sky-A3-4",238.81857,32.35357,NA,NA,NA,NA,240.8677564,-22.007634928,NA,NA,NA,NA,NA,NA,NA,NA,NA,NA,NA,NA,NA,"",NA,NA,NA,238818.57,32353.57,1,"S",1.05671933628319,0.143157389380531
NA,"Sky-A3-5",240.09865,20.82553,NA,NA,NA,NA,240.8738378,-22.055583558,NA,NA,NA,NA,NA,NA,NA,NA,NA,NA,NA,NA,NA,"",NA,NA,NA,240098.65,20825.53,1,"S",1.06238340707965,0.0921483628318584
NA,"Sky-A3-6",240.82258,9.24926,NA,NA,NA,NA,240.8774272,-22.103746292,NA,NA,NA,NA,NA,NA,NA,NA,NA,NA,NA,NA,NA,"",NA,NA,NA,240822.58,9249.26,1,"S",1.06558663716814,0.0409259292035398
NA,"Sky-A3-7",240.98869,2.34844,NA,NA,NA,NA,240.8783759,-22.132463453,NA,NA,NA,NA,NA,NA,NA,NA,NA,NA,NA,NA,NA,"",NA,NA,NA,240988.69,2348.44,1,"S",1.06632163716814,0.0103913274336283
NA,"Sky-A4-1",210.21182,-117.86456,NA,NA,NA,NA,240.7432346,-22.633533684,NA,NA,NA,NA,NA,NA,NA,NA,NA,NA,NA,NA,NA,"",NA,NA,NA,210211.82,-117864.56,1,"S",0.930140796460177,-0.521524601769911
NA,"Sky-A4-2",204.2974,-127.84223,NA,NA,NA,NA,240.7168307,-22.675194968,NA,NA,NA,NA,NA,NA,NA,NA,NA,NA,NA,NA,NA,"",NA,NA,NA,204297.4,-127842.23,1,"S",0.903970796460177,-0.565673584070796
NA,"Sky-A4-3",197.90977,-137.52377,NA,NA,NA,NA,240.6882705,-22.715630988,NA,NA,NA,NA,NA,NA,NA,NA,NA,NA,NA,NA,NA,"",NA,NA,NA,197909.77,-137523.77,1,"S",0.875706946902655,-0.608512256637168
NA,"Sky-A4-4",191.06371,-146.88677,NA,NA,NA,NA,240.6576189,-22.754747253,NA,NA,NA,NA,NA,NA,NA,NA,NA,NA,NA,NA,NA,"",NA,NA,NA,191063.71,-146886.77,1,"S",0.845414646017699,-0.649941460176991
NA,"Sky-A4-5",183.77509,-155.90952,NA,NA,NA,NA,240.6249462,-22.79245212,NA,NA,NA,NA,NA,NA,NA,NA,NA,NA,NA,NA,NA,"",NA,NA,NA,183775.09,-155909.52,1,"S",0.813164115044248,-0.689865132743363
NA,"Sky-A4-6",176.06079,-164.57115,NA,NA,NA,NA,240.5903271,-22.828657387,NA,NA,NA,NA,NA,NA,NA,NA,NA,NA,NA,NA,NA,"",NA,NA,NA,176060.79,-164571.15,1,"S",0.779030044247788,-0.72819092920354
NA,"Sky-A4-7",167.93867,-172.85157,NA,NA,NA,NA,240.5538414,-22.863278066,NA,NA,NA,NA,NA,NA,NA,NA,NA,NA,NA,NA,NA,"",NA,NA,NA,167938.67,-172851.57,1,"S",0.743091460176991,-0.764829955752212
NA,"Sky-A5-1",-148.4702,-189.83588,NA,NA,NA,NA,239.1244055,-22.934548731,NA,NA,NA,NA,NA,NA,NA,NA,NA,NA,NA,NA,NA,"",NA,NA,NA,-148470.2,-189835.88,1,"S",-0.656947787610619,-0.839981769911504
NA,"Sky-A5-2",-157.43205,-182.47249,NA,NA,NA,NA,239.0840403,-22.903746675,NA,NA,NA,NA,NA,NA,NA,NA,NA,NA,NA,NA,NA,"",NA,NA,NA,-157432.05,-182472.49,1,"S",-0.696601991150442,-0.807400398230088
NA,"Sky-A5-3",-166.02924,-174.68645,NA,NA,NA,NA,239.0453476,-22.871181709,NA,NA,NA,NA,NA,NA,NA,NA,NA,NA,NA,NA,NA,"",NA,NA,NA,-166029.24,-174686.45,1,"S",-0.734642654867257,-0.77294889380531
NA,"Sky-A5-4",-174.24185,-166.49577,NA,NA,NA,NA,239.0084174,-22.836930201,NA,NA,NA,NA,NA,NA,NA,NA,NA,NA,NA,NA,NA,"",NA,NA,NA,-174241.85,-166495.77,1,"S",-0.770981637168142,-0.736706946902655
NA,"Sky-A5-5",-182.05086,-157.91943,NA,NA,NA,NA,238.9733352,-22.801072564,NA,NA,NA,NA,NA,NA,NA,NA,NA,NA,NA,NA,NA,"",NA,NA,NA,-182050.86,-157919.43,1,"S",-0.805534778761062,-0.698758539823009
NA,"Sky-A5-6",-189.43818,-148.97731,NA,NA,NA,NA,238.9401822,-22.763692962,NA,NA,NA,NA,NA,NA,NA,NA,NA,NA,NA,NA,NA,"",NA,NA,NA,-189438.18,-148977.31,1,"S",-0.83822203539823,-0.659191637168142
NA,"Sky-A5-7",-196.38671,-139.6901,NA,NA,NA,NA,238.9090346,-22.724878921,NA,NA,NA,NA,NA,NA,NA,NA,NA,NA,NA,NA,NA,"",NA,NA,NA,-196386.71,-139690.1,1,"S",-0.868967743362832,-0.61809778761062
NA,"Sky-H1-1",-181.17025,158.92893,NA,NA,NA,NA,238.9844054,-21.481606867,NA,NA,NA,NA,NA,NA,NA,NA,NA,NA,NA,NA,NA,"",NA,NA,NA,-181170.25,158928.93,1,"S",-0.801638274336283,0.703225353982301
NA,"Sky-H1-2",-173.31368,167.46173,NA,NA,NA,NA,239.0197641,-21.446224576,NA,NA,NA,NA,NA,NA,NA,NA,NA,NA,NA,NA,NA,"",NA,NA,NA,-173313.68,167461.73,1,"S",-0.766874690265487,0.74098110619469
NA,"Sky-H1-3",-165.05567,175.60663,NA,NA,NA,NA,239.0568951,-21.412459044,NA,NA,NA,NA,NA,NA,NA,NA,NA,NA,NA,NA,NA,"",NA,NA,NA,-165055.67,175606.63,1,"S",-0.73033482300885,0.777020486725664
NA,"Sky-H1-4",-156.41534,183.34477,NA,NA,NA,NA,239.0957124,-21.380387481,NA,NA,NA,NA,NA,NA,NA,NA,NA,NA,NA,NA,NA,"",NA,NA,NA,-156415.34,183344.77,1,"S",-0.692103274336283,0.811260044247788
NA,"Sky-H1-5",-147.4127,190.65822,NA,NA,NA,NA,239.1361262,-21.350083218,NA,NA,NA,NA,NA,NA,NA,NA,NA,NA,NA,NA,NA,"",NA,NA,NA,-147412.7,190658.22,1,"S",-0.652268584070796,0.843620442477876
NA,"Sky-H1-6",-138.06861,197.53006,NA,NA,NA,NA,239.1780434,-21.321615401,NA,NA,NA,NA,NA,NA,NA,NA,NA,NA,NA,NA,NA,"",NA,NA,NA,-138068.61,197530.06,1,"S",-0.610923053097345,0.874026814159292
NA,"Sky-H1-7",-128.4047,203.94434,NA,NA,NA,NA,239.2213676,-21.295049148,NA,NA,NA,NA,NA,NA,NA,NA,NA,NA,NA,NA,NA,"",NA,NA,NA,-128404.7,203944.34,1,"S",-0.568162389380531,0.902408584070796
NA,"Sky-H1-8",-118.44464,209.88551,NA,NA,NA,NA,239.2659935,-21.270447944,NA,NA,NA,NA,NA,NA,NA,NA,NA,NA,NA,NA,NA,"",NA,NA,NA,-118444.64,209885.51,1,"S",-0.524091327433628,0.928696946902655
NA,"Sky-H2-1",-100.81652,218.89973,NA,NA,NA,NA,239.344921,-21.233133168,NA,NA,NA,NA,NA,NA,NA,NA,NA,NA,NA,NA,NA,"",NA,NA,NA,-100816.52,218899.73,1,"S",-0.446090796460177,0.968582876106195
NA,"Sky-H2-2",-90.16757,223.49692,NA,NA,NA,NA,239.3925712,-21.214108959,NA,NA,NA,NA,NA,NA,NA,NA,NA,NA,NA,NA,NA,"",NA,NA,NA,-90167.57,223496.92,1,"S",-0.398971548672566,0.988924424778761
NA,"Sky-H2-3",-79.30977,227.57641,NA,NA,NA,NA,239.441137,-21.197231306,NA,NA,NA,NA,NA,NA,NA,NA,NA,NA,NA,NA,NA,"",NA,NA,NA,-79309.77,227576.41,1,"S",-0.350928185840708,1.00697526548673
NA,"Sky-H2-4",-68.26826,231.12877,NA,NA,NA,NA,239.4905076,-21.182538526,NA,NA,NA,NA,NA,NA,NA,NA,NA,NA,NA,NA,NA,"",NA,NA,NA,-68268.26,231128.77,1,"S",-0.302071946902655,1.02269367256637
NA,"Sky-H2-5",-57.06862,234.14576,NA,NA,NA,NA,239.5405705,-21.170064063,NA,NA,NA,NA,NA,NA,NA,NA,NA,NA,NA,NA,NA,"",NA,NA,NA,-57068.62,234145.76,1,"S",-0.252516017699115,1.03604318584071
NA,"Sky-H2-6",-45.73679,236.62039,NA,NA,NA,NA,239.5912116,-21.159836256,NA,NA,NA,NA,NA,NA,NA,NA,NA,NA,NA,NA,NA,"",NA,NA,NA,-45736.79,236620.39,1,"S",-0.20237517699115,1.04699287610619
NA,"Sky-H2-7",-34.29902,238.54693,NA,NA,NA,NA,239.6423156,-21.151878302,NA,NA,NA,NA,NA,NA,NA,NA,NA,NA,NA,NA,NA,"",NA,NA,NA,-34299.02,238546.93,1,"S",-0.151765575221239,1.05551738938053
NA,"Sky-H2-8",-22.78326,239.92079,NA,NA,NA,NA,239.6937598,-21.146208759,NA,NA,NA,NA,NA,NA,NA,NA,NA,NA,NA,NA,NA,"",NA,NA,NA,-22783.26,239920.79,1,"S",-0.100810884955752,1.0615964159292
NA,"Sky-H3-1",184.61356,154.91577,NA,NA,NA,NA,240.6217365,-21.498645654,NA,NA,NA,NA,NA,NA,NA,NA,NA,NA,NA,NA,NA,"",NA,NA,NA,184613.56,154915.77,1,"S",0.816874159292035,0.685468008849557
NA,"Sky-H3-2",191.8534,145.85382,NA,NA,NA,NA,240.6543354,-21.53623303,NA,NA,NA,NA,NA,NA,NA,NA,NA,NA,NA,NA,NA,"",NA,NA,NA,191853.4,145853.82,1,"S",0.848908849557522,0.645370884955752
NA,"Sky-H3-3",198.64884,136.45402,NA,NA,NA,NA,240.6849684,-21.575228963,NA,NA,NA,NA,NA,NA,NA,NA,NA,NA,NA,NA,NA,"",NA,NA,NA,198648.84,136454.02,1,"S",0.878977168141593,0.603778849557522
NA,"Sky-H3-4",204.98415,126.73816,NA,NA,NA,NA,240.713564,-21.615544033,NA,NA,NA,NA,NA,NA,NA,NA,NA,NA,NA,NA,NA,"",NA,NA,NA,204984.15,126738.16,1,"S",0.907009513274336,0.560788318584071
NA,"Sky-H3-5",210.84465,116.72873,NA,NA,NA,NA,240.7400551,-21.657085875,NA,NA,NA,NA,NA,NA,NA,NA,NA,NA,NA,NA,NA,"",NA,NA,NA,210844.65,116728.73,1,"S",0.93294092920354,0.516498805309734
NA,"Sky-H3-6",216.21677,106.44891,NA,NA,NA,NA,240.7643796,-21.699759214,NA,NA,NA,NA,NA,NA,NA,NA,NA,NA,NA,NA,NA,"",NA,NA,NA,216216.77,106448.91,1,"S",0.956711371681416,0.471012876106195
NA,"Sky-H3-7",221.08806,95.92253,NA,NA,NA,NA,240.7864798,-21.74346602,NA,NA,NA,NA,NA,NA,NA,NA,NA,NA,NA,NA,NA,"",NA,NA,NA,221088.06,95922.53,1,"S",0.978265752212389,0.424435973451327
NA,"Sky-H3-8",225.44672,85.17533,NA,NA,NA,NA,240.806301,-21.788100263,NA,NA,NA,NA,NA,NA,NA,NA,NA,NA,NA,NA,NA,"",NA,NA,NA,225446.72,85175.33,1,"S",0.99755185840708,0.376881991150442
NA,"Sky-H4-1",239.9828,-22.12059,NA,NA,NA,NA,240.8745752,-22.234328853,NA,NA,NA,NA,NA,NA,NA,NA,NA,NA,NA,NA,NA,"",NA,NA,NA,239982.8,-22120.59,1,"S",1.06187079646018,-0.0978787168141593
NA,"Sky-H4-2",238.64054,-33.64155,NA,NA,NA,NA,240.8688788,-22.282312715,NA,NA,NA,NA,NA,NA,NA,NA,NA,NA,NA,NA,NA,"",NA,NA,NA,238640.54,-33641.55,1,"S",1.05593159292035,-0.148856415929204
NA,"Sky-H4-3",236.74552,-45.08459,NA,NA,NA,NA,240.8606908,-22.329986014,NA,NA,NA,NA,NA,NA,NA,NA,NA,NA,NA,NA,NA,"",NA,NA,NA,236745.52,-45084.59,1,"S",1.04754654867257,-0.199489336283186
NA,"Sky-H4-4",234.30213,-56.42319,NA,NA,NA,NA,240.8500279,-22.377238079,NA,NA,NA,NA,NA,NA,NA,NA,NA,NA,NA,NA,NA,"",NA,NA,NA,234302.13,-56423.19,1,"S",1.03673508849558,-0.249660132743363
NA,"Sky-H4-5",231.31601,-67.6311,NA,NA,NA,NA,240.8369122,-22.423959238,NA,NA,NA,NA,NA,NA,NA,NA,NA,NA,NA,NA,NA,"",NA,NA,NA,231316.01,-67631.1,1,"S",1.02352216814159,-0.299252654867257
NA,"Sky-H4-6",227.79409,-78.68236,NA,NA,NA,NA,240.8213721,-22.470040897,NA,NA,NA,NA,NA,NA,NA,NA,NA,NA,NA,NA,NA,"",NA,NA,NA,227794.09,-78682.36,1,"S",1.00793845132743,-0.34815203539823
NA,"Sky-H4-7",223.74453,-89.55136,NA,NA,NA,NA,240.8034415,-22.515375797,NA,NA,NA,NA,NA,NA,NA,NA,NA,NA,NA,NA,NA,"",NA,NA,NA,223744.53,-89551.36,1,"S",0.990020044247788,-0.396244955752212
NA,"Sky-H4-8",219.17732,-100.21161,NA,NA,NA,NA,240.7831626,-22.559852888,NA,NA,NA,NA,NA,NA,NA,NA,NA,NA,NA,NA,NA,"",NA,NA,NA,219177.32,-100211.61,1,"S",0.969811150442478,-0.443414203539823
NA,"Sky-H5-1",41.83481,-237.34134,NA,NA,NA,NA,239.9847487,-23.133260194,NA,NA,NA,NA,NA,NA,NA,NA,NA,NA,NA,NA,NA,"",NA,NA,NA,41834.81,-237341.34,1,"S",0.185109778761062,-1.05018292035398
NA,"Sky-H5-2",30.36687,-239.07931,NA,NA,NA,NA,239.9328674,-23.140552137,NA,NA,NA,NA,NA,NA,NA,NA,NA,NA,NA,NA,NA,"",NA,NA,NA,30366.87,-239079.31,1,"S",0.134366681415929,-1.05787305309735
NA,"Sky-H5-3",18.8286,-240.26349,NA,NA,NA,NA,239.8806599,-23.145524798,NA,NA,NA,NA,NA,NA,NA,NA,NA,NA,NA,NA,NA,"",NA,NA,NA,18828.6,-240263.49,1,"S",0.083312389380531,-1.06311278761062
NA,"Sky-H5-4",7.2467,-240.89115,NA,NA,NA,NA,239.8282494,-23.148166387,NA,NA,NA,NA,NA,NA,NA,NA,NA,NA,NA,NA,NA,"",NA,NA,NA,7246.7,-240891.15,1,"S",0.0320650442477876,-1.06589004424779
NA,"Sky-H5-5",-4.35197,-240.96083,NA,NA,NA,NA,239.7757599,-23.148470538,NA,NA,NA,NA,NA,NA,NA,NA,NA,NA,NA,NA,NA,"",NA,NA,NA,-4351.97,-240960.83,1,"S",-0.0192565044247788,-1.06619836283186
NA,"Sky-H5-6",-15.94057,-240.47237,NA,NA,NA,NA,239.7233155,-23.146436433,NA,NA,NA,NA,NA,NA,NA,NA,NA,NA,NA,NA,NA,"",NA,NA,NA,-15940.57,-240472.37,1,"S",-0.0705334955752212,-1.06403703539823
NA,"Sky-H5-7",-27.49224,-239.4269,NA,NA,NA,NA,239.6710401,-23.142068765,NA,NA,NA,NA,NA,NA,NA,NA,NA,NA,NA,NA,NA,"",NA,NA,NA,-27492.24,-239426.9,1,"S",-0.121647079646018,-1.0594110619469
NA,"Sky-H5-8",-38.97879,-237.82707,NA,NA,NA,NA,239.6190639,-23.135378697,NA,NA,NA,NA,NA,NA,NA,NA,NA,NA,NA,NA,NA,"",NA,NA,NA,-38978.79,-237827.07,1,"S",-0.172472522123894,-1.05233216814159
NA,"Sky-H6-1",-58.36925,-233.82492,NA,NA,NA,NA,239.5313399,-23.11863363,NA,NA,NA,NA,NA,NA,NA,NA,NA,NA,NA,NA,NA,"",NA,NA,NA,-58369.25,-233824.92,1,"S",-0.258271017699115,-1.03462353982301
NA,"Sky-H6-2",-69.55194,-230.74573,NA,NA,NA,NA,239.4807626,-23.105747148,NA,NA,NA,NA,NA,NA,NA,NA,NA,NA,NA,NA,NA,"",NA,NA,NA,-69551.94,-230745.73,1,"S",-0.307751946902655,-1.02099880530973
NA,"Sky-H6-3",-80.57354,-227.13205,NA,NA,NA,NA,239.4309272,-23.090622623,NA,NA,NA,NA,NA,NA,NA,NA,NA,NA,NA,NA,NA,"",NA,NA,NA,-80573.54,-227132.05,1,"S",-0.356520088495575,-1.00500907079646
NA,"Sky-H6-4",-91.4085,-222.99226,NA,NA,NA,NA,239.3819512,-23.073295682,NA,NA,NA,NA,NA,NA,NA,NA,NA,NA,NA,NA,NA,"",NA,NA,NA,-91408.5,-222992.26,1,"S",-0.404462389380531,-0.986691415929204
NA,"Sky-H6-5",-102.03172,-218.33596,NA,NA,NA,NA,239.33395,-23.053807142,NA,NA,NA,NA,NA,NA,NA,NA,NA,NA,NA,NA,NA,"",NA,NA,NA,-102031.72,-218335.96,1,"S",-0.45146778761062,-0.966088318584071
NA,"Sky-H6-6",-112.41861,-213.17391,NA,NA,NA,NA,239.2870366,-23.03220276,NA,NA,NA,NA,NA,NA,NA,NA,NA,NA,NA,NA,NA,"",NA,NA,NA,-112418.61,-213173.91,1,"S",-0.497427477876106,-0.943247389380531
NA,"Sky-H6-7",-122.54511,-207.51809,NA,NA,NA,NA,239.241321,-23.008533461,NA,NA,NA,NA,NA,NA,NA,NA,NA,NA,NA,NA,NA,"",NA,NA,NA,-122545.11,-207518.09,1,"S",-0.542235,-0.918221637168142
NA,"Sky-H6-8",-132.38652,-201.3824,NA,NA,NA,NA,239.1969162,-22.982858274,NA,NA,NA,NA,NA,NA,NA,NA,NA,NA,NA,NA,NA,"",NA,NA,NA,-132386.52,-201382.4,1,"S",-0.585781061946903,-0.891072566371681
NA,"Sky-H7-1",-207.18967,-123.09956,NA,NA,NA,NA,238.8606958,-22.655562964,NA,NA,NA,NA,NA,NA,NA,NA,NA,NA,NA,NA,NA,"",NA,NA,NA,-207189.67,-123099.56,1,"S",-0.916768451327434,-0.544688318584071
NA,"Sky-H7-2",-212.87255,-112.98823,NA,NA,NA,NA,238.8353215,-22.613330738,NA,NA,NA,NA,NA,NA,NA,NA,NA,NA,NA,NA,NA,"",NA,NA,NA,-212872.55,-112988.23,1,"S",-0.941913938053097,-0.499947920353982
NA,"Sky-H7-3",-218.06235,-102.61518,NA,NA,NA,NA,238.8121919,-22.57001599,NA,NA,NA,NA,NA,NA,NA,NA,NA,NA,NA,NA,NA,"",NA,NA,NA,-218062.35,-102615.18,1,"S",-0.964877654867257,-0.454049469026549
NA,"Sky-H7-4",-222.74704,-92.00444,NA,NA,NA,NA,238.7913593,-22.525719927,NA,NA,NA,NA,NA,NA,NA,NA,NA,NA,NA,NA,NA,"",NA,NA,NA,-222747.04,-92004.44,1,"S",-0.985606371681416,-0.407099292035398
NA,"Sky-H7-5",-226.91579,-81.18059,NA,NA,NA,NA,238.77287,-22.480545962,NA,NA,NA,NA,NA,NA,NA,NA,NA,NA,NA,NA,NA,"",NA,NA,NA,-226915.79,-81180.59,1,"S",-1.00405216814159,-0.359206150442478
NA,"Sky-H7-6",-230.55892,-70.1687,NA,NA,NA,NA,238.7567653,-22.434599463,NA,NA,NA,NA,NA,NA,NA,NA,NA,NA,NA,NA,NA,"",NA,NA,NA,-230558.92,-70168.7,1,"S",-1.02017221238938,-0.310480973451327
NA,"Sky-H7-7",-231.72873,-58.50467,NA,NA,NA,NA,238.7512547,-22.386135451,NA,NA,NA,NA,NA,NA,NA,NA,NA,NA,NA,NA,NA,"",NA,NA,NA,-231728.73,-58504.67,2,"S",-1.02534836283186,-0.258870221238938
NA,"Sky-H7-8",-236.23556,-47.68464,NA,NA,NA,NA,238.7318464,-22.340824646,NA,NA,NA,NA,NA,NA,NA,NA,NA,NA,NA,NA,NA,"",NA,NA,NA,-236235.56,-47684.64,1,"S",-1.04529008849558,-0.210993982300885
