#OBSTEMP,8
#CONFIGTEMP,19
#EQUINOX,J2000.0
#CENTRE,15 59 56.41,-22 00 53.9 #Field centre
#UTTIME,12 00 00.00 #Target observing time
#UTDATE,2021 07 10 #Target observing date
#PLATEID,a test_plateID
#LABEL,240_m20_comissioning Tile 003
#TILING_DATE,2021 06 07 # Date the tile was created/configured
#PROXIMITY,220 # tiling proximity value in arcseconds
"probe","ID","x","y","rads","angs","azAngs","angs_azAng","RA","DEC","g_mag","r_mag","i_mag","z_mag","y_mag","GAIA_g_mag","GAIA_bp_mag","GAIA_rp_mag","pmRA","pmDEC","priority","remaining_observations","Tile_number","COMPLETED","MagnetX_noDC","MagnetY_noDC","type","MagnetX","MagnetY","Position","fibre_type","fraction_plate_radius_X","fraction_plate_radius_Y"
1,"6243430680719264768",-52.03242,-24.42091,57.478287868416,-0.763103092245454,0.438820385587616,5.08126182934652,239.74387,-22.119629,18.9323997497559,17.7271003723145,17.1275997161865,16.8092002868652,16.6247005462646,17.67472,18.578667,16.723486,3.54205718158833,6.42317281860638,1,1,-999,"False",-54500.944946237,-23653.3981505374,1,-52032.42,-24420.91,NA,"P",-0.230231946902655,-0.108057123893805
2,"6237410201722891136",-101.22716,-111.30826,150.454201223805,2.29391570228864,0.832795203733491,1.46112049855515,239.51918,-22.487553,18.4367008209229,17.7653999328613,17.4608001708984,17.3127994537354,17.198299407959,17.789669,18.276638,17.067396,-1.83744993699338,-0.0581551180835997,1,1,-999,"False",-105280.884946246,-106804.222150537,1,-101227.16,-111308.26,NA,"P",-0.447907787610619,-0.492514424778761
3,"6243450201345813760",0.08347,-19.89593,19.8961050913439,-0.596297426580799,1.57499163258318,4.11189624801561,239.98541,-22.10075,17.9092998504639,17.3348999023438,17.1266994476318,17.0130996704102,16.9356002807617,17.447174,17.785526,16.698057,-5.27325120287165,3.61387456819418,1,1,-999,"False",87.0950537598674,-19386.7441505378,1,83.47,-19895.93,NA,"P",0.000369336283185841,-0.0880350884955752
4,"6237463532336363904",-179.67067,-93.45646,202.523232183324,-1.55832786474949,0.479640691384184,4.24521675104591,239.16672,-22.406387,18.9528007507324,17.7928009033203,17.2621994018555,16.9698009490967,16.7772998809814,17.775991,18.542196,16.826223,0.998387353328904,-7.76022965059154,1,1,-999,"False",-184936.844946235,-88460.7061505372,1,-179670.67,-93456.46,NA,"P",-0.79500296460177,-0.413524159292035
5,"6237406220292643456",-160.2935,-121.8132,201.326753901438,-1.4856472489015,0.649831457280579,4.14770660099751,239.2542,-22.526297,15.164400100708,14.3451995849609,13.9869003295898,13.7992000579834,13.6787996292114,14.360514,14.991911,13.601608,-10.6504657538245,-11.8389022431224,1,1,-999,"False",-165166.364946241,-115560.366150537,1,-160293.5,-121813.2,NA,"P",-0.709263274336283,-0.538996460176991
6,"6243448998761484672",63.5019,27.39752,69.1600708918116,1.32525124970703,3.54890882432771,4.0595277325589,240.27858,-21.89721,18.286600112915,17.7595996856689,17.506799697876,17.4027996063232,17.3320999145508,17.77604,18.185896,17.132935,-0.363925886899602,-5.5259612586968,1,1,-999,"False",66343.5150537542,26613.2958494622,1,63501.9,27397.52,NA,"P",0.28098185840708,0.12122796460177
7,"6243422198166159872",-92.52449,-53.37609,106.816610288139,-1.01560926518126,0.52325056097169,4.74432548102664,239.5575,-22.242664,17.7236003875732,16.86549949646,16.5039005279541,16.3164005279541,16.17919921875,16.902899,17.539452,16.125797,-6.70399993386166,-1.33319422992825,1,1,-999,"False",-96620.5649462395,-51459.3081505378,1,-92524.49,-53376.09,NA,"P",-0.409400398230089,-0.236177389380531
8,"6237414638423644928",-128.2279,-91.83631,157.722231067234,-1.25249851038693,0.62151326719131,4.40917352960135,239.39598,-22.403898,18.2457008361816,17.4953994750977,17.1608009338379,16.9925994873047,16.8752994537354,17.522898,18.093092,16.77146,-3.10072899743784,-4.78563298565537,1,1,-999,"False",-133124.084946245,-87898.1921505379,1,-128227.9,-91836.31,NA,"P",-0.567380088495575,-0.406355353982301
9,"6246528799548604672",-120.96451,95.87684,154.352781406509,-0.225166136695298,-0.670214306534677,0.445048169839379,239.43196,-21.606445,17.2698993682861,16.5951995849609,16.2826995849609,16.1499004364014,16.0380992889404,16.614775,17.149475,15.923554,-0.113478539751206,-4.33171145663891,1,1,-999,"False",-124992.60494624,92326.1858494623,1,-120964.51,95876.84,NA,"P",-0.535241194690265,0.424233805309735
10,"6243410893811507072",-34.00534,-78.55072,85.5954365666418,1.79745726510821,1.16224552034222,0.635211744765986,239.82756,-22.351265,16.8348007202148,16.2378997802734,15.9930000305176,15.8639001846313,15.7829999923706,16.266113,16.724485,15.62041,-1.23706314720755,-2.86638622078635,1,1,-999,"False",-35587.0049462393,-76003.134150537,1,-34005.34,-78550.72,NA,"P",-0.15046610619469,-0.347569557522124
11,"6243183118804521856",163.45256,-99.7491,191.485305758336,4.56185917435901,2.59366076072409,1.96819841363492,240.7308,-22.433998,18.4431991577148,17.8645992279053,17.604700088501,17.4752006530762,17.368200302124,17.886635,18.33105,17.216194,-1.85790967316216,-2.19330264123078,1,1,-999,"False",168545.235053757,-94700.7921505381,1,163452.56,-99749.1,NA,"P",0.723241415929204,-0.441367699115044
12,"6237410755778042240",-140.99239,-133.11937,193.906216267321,2.57705777261421,0.756684123098941,1.82037364951527,239.34119,-22.57496,15.9563999176025,15.2107000350952,14.8906002044678,14.731499671936,14.6205997467041,15.239865,15.813551,14.515673,0.437583993713168,-6.90718345860207,1,1,-999,"False",-145506.624946244,-126558.204150538,1,-140992.39,-133119.37,NA,"P",-0.623860132743363,-0.589023761061947
13,"6237404669804756992",-155.37222,-143.74805,211.669621406878,2.56694022554253,0.746556517127166,1.82038370841537,239.27794,-22.617264,18.6816997528076,17.9883003234863,17.702299118042,17.5671005249023,17.4582996368408,18.030855,18.568775,17.304148,-4.09637787997346,-0.743536354367674,1,1,-999,"False",-159801.12494624,-136118.908150538,1,-155372.22,-143748.05,NA,"P",-0.687487699115044,-0.636053318584071
14,"6243546683498986624",158.98579,51.12614,167.004082624419,1.04994358892814,3.45272526751672,3.880403628591,240.71097,-21.796658,17.5942001342773,16.8052997589111,16.4866008758545,16.3313999176025,16.2325992584229,16.845377,17.424753,16.10605,0.474874721343797,-4.20210387755193,1,1,-999,"False",164063.655053767,49338.0478494631,1,158985.79,51126.14,NA,"P",0.703476946902655,0.22622185840708
15,"6246640881016607872",-41.68107,209.72209,213.823915010256,2.75470817110372,-1.37460846170892,4.12931663281264,239.79732,-21.133755,16.9018993377686,16.4452991485596,16.2493000030518,16.1634998321533,16.0988998413086,16.45652,16.84573,15.891134,-1.0349050961265,-3.65635386903364,1,1,-999,"False",-42421.2449462375,199154.125849463,1,-41681.07,209722.09,NA,"P",-0.184429513274336,0.927973849557522
16,"6243545824505394048",102.03957,65.63174,121.324355103221,3.61173124940735,3.71317192245173,6.18174463413521,240.45396,-21.734158,18.2103996276855,17.5944004058838,17.3229007720947,17.207799911499,17.1100997924805,17.630833,18.12012,16.947039,-3.74889665962107,-7.26725975192095,1,1,-999,"False",105979.395053765,63463.0478494631,1,102039.57,65631.74,NA,"P",0.451502522123894,0.29040592920354
17,"6243544896792447232",96.11718,45.58408,106.37866628511,3.45728561343871,3.58443318901297,6.15603773160533,240.42784,-21.81944,18.1707992553711,17.6686992645264,17.4517002105713,17.3600006103516,17.286600112915,17.695467,18.100145,17.088959,-1.84071018318304,-6.02716826795021,1,1,-999,"False",100076.27505376,44189.3158494625,1,96117.18,45584.08,NA,"P",0.425297256637168,0.201699469026549
18,"6243255690876321536",104.13787,-4.40296,104.230907243958,1.13148252575782,3.09933771575891,4.3153301171785,240.46558,-22.033127,17.395299911499,16.7931003570557,16.5028991699219,16.3488998413086,16.2474002838135,16.806332,17.275032,16.124725,7.57629176816694,-1.08106392458186,1,1,-999,"False",108605.515053757,-4103.94615053758,1,104137.87,-4402.96,NA,"P",0.46078703539823,-0.0194821238938053
19,"6246545086064693376",-79.08701,179.79745,196.422702805054,0.520108824624263,-1.15640067529648,1.67650949992074,239.62709,-21.256119,16.9027004241943,16.288200378418,16.0421009063721,15.9254999160767,15.8569002151489,16.319397,16.795628,15.666778,3.67385293141023,1.27888427526079,1,1,-999,"False",-80893.2249462447,171499.861849462,1,-79087.01,179797.45,NA,"P",-0.349942522123894,0.795563938053097
20,"6243195939290716416",72.49761,-168.19813,183.157075733396,0.673088430022648,1.97775917038102,4.97851456682122,240.49269,-21.251535,16.8605003356934,16.6741008758545,16.6298999786377,16.6438007354736,16.6065006256104,16.665611,16.891891,16.277775,-1.58715918850087,-8.84581604120242,1,NA,NA,"",114732.375053755,172535.845849462,0,112640.12,181576.08,NA,"P",0.498407610619469,0.803433982300885
21,"6243644643113388288",112.64012,181.57608,213.676553373974,2.45155099911965,4.15714286658995,4.57759343970929,240.31705,-22.72523,16.8644008636475,16.8938999176025,16.9888000488281,17.0323009490967,16.9890995025635,16.818382,16.888283,16.603445,-3.6441864790182,-4.52675155852441,1,NA,NA,"",75037.7350537583,-160519.224150537,0,72497.61,-168198.13,NA,"P",0.320785884955752,-0.744239513274336
NA,"Sky-A1-1",-226.46104,82.44066,NA,NA,NA,NA,238.969951,-21.668381458,NA,NA,NA,NA,NA,NA,NA,NA,NA,NA,NA,NA,NA,"",NA,NA,NA,-226461.04,82440.66,1,"S",-1.00204,0.364781681415929
NA,"Sky-A1-2",-222.23219,93.24117,NA,NA,NA,NA,238.9892004,-21.623502633,NA,NA,NA,NA,NA,NA,NA,NA,NA,NA,NA,NA,NA,"",NA,NA,NA,-222232.19,93241.17,1,"S",-0.983328274336283,0.412571548672566
NA,"Sky-A1-3",-217.48859,103.8257,NA,NA,NA,NA,239.010739,-21.579533594,NA,NA,NA,NA,NA,NA,NA,NA,NA,NA,NA,NA,NA,"",NA,NA,NA,-217488.59,103825.7,1,"S",-0.96233889380531,0.459405752212389
NA,"Sky-A1-4",-212.24121,114.16975,NA,NA,NA,NA,239.0345155,-21.536575421,NA,NA,NA,NA,NA,NA,NA,NA,NA,NA,NA,NA,NA,"",NA,NA,NA,-212241.21,114169.75,1,"S",-0.939120398230089,0.505175884955752
NA,"Sky-A1-5",-206.50222,124.24934,NA,NA,NA,NA,239.0604732,-21.494726944,NA,NA,NA,NA,NA,NA,NA,NA,NA,NA,NA,NA,NA,"",NA,NA,NA,-206502.22,124249.34,1,"S",-0.913726637168142,0.549775840707965
NA,"Sky-A1-6",-200.2849,134.04112,NA,NA,NA,NA,239.0885511,-21.454084294,NA,NA,NA,NA,NA,NA,NA,NA,NA,NA,NA,NA,NA,"",NA,NA,NA,-200284.9,134041.12,1,"S",-0.886216371681416,0.593102300884956
NA,"Sky-A1-7",-193.60365,143.52243,NA,NA,NA,NA,239.118683,-21.41474067,NA,NA,NA,NA,NA,NA,NA,NA,NA,NA,NA,NA,NA,"",NA,NA,NA,-193603.65,143522.43,1,"S",-0.856653318584071,0.635055
NA,"Sky-A2-1",-3.01251,240.9813,NA,NA,NA,NA,239.9716154,-21.011061897,NA,NA,NA,NA,NA,NA,NA,NA,NA,NA,NA,NA,NA,"",NA,NA,NA,-3012.51,240981.3,1,"S",-0.0133296902654867,1.0662889380531
NA,"Sky-A2-2",8.5856,240.84715,NA,NA,NA,NA,240.0233707,-21.011634878,NA,NA,NA,NA,NA,NA,NA,NA,NA,NA,NA,NA,NA,"",NA,NA,NA,8585.6,240847.15,1,"S",0.0379893805309735,1.0656953539823
NA,"Sky-A2-3",20.16382,240.15512,NA,NA,NA,NA,240.0750373,-21.014517004,NA,NA,NA,NA,NA,NA,NA,NA,NA,NA,NA,NA,NA,"",NA,NA,NA,20163.82,240155.12,1,"S",0.0892204424778761,1.06263327433628
NA,"Sky-A2-4",31.69534,238.90682,NA,NA,NA,NA,240.1264978,-21.019701584,NA,NA,NA,NA,NA,NA,NA,NA,NA,NA,NA,NA,NA,"",NA,NA,NA,31695.34,238906.82,1,"S",0.140244867256637,1.05710982300885
NA,"Sky-A2-5",43.15344,237.10513,NA,NA,NA,NA,240.1776353,-21.027176752,NA,NA,NA,NA,NA,NA,NA,NA,NA,NA,NA,NA,NA,"",NA,NA,NA,43153.44,237105.13,1,"S",0.190944424778761,1.04913774336283
NA,"Sky-A2-6",54.51158,234.75423,NA,NA,NA,NA,240.2283333,-21.036925357,NA,NA,NA,NA,NA,NA,NA,NA,NA,NA,NA,NA,NA,"",NA,NA,NA,54511.58,234754.23,1,"S",0.241201681415929,1.03873553097345
NA,"Sky-A2-7",65.74346,231.85957,NA,NA,NA,NA,240.2784767,-21.048925078,NA,NA,NA,NA,NA,NA,NA,NA,NA,NA,NA,NA,NA,"",NA,NA,NA,65743.46,231859.57,1,"S",0.290900265486726,1.02592730088496
NA,"Sky-A3-1",231.67752,66.38214,NA,NA,NA,NA,241.023337,-21.735411896,NA,NA,NA,NA,NA,NA,NA,NA,NA,NA,NA,NA,NA,"",NA,NA,NA,231677.52,66382.14,1,"S",1.0251217699115,0.293726283185841
NA,"Sky-A3-2",234.60313,55.15828,NA,NA,NA,NA,241.0367593,-21.782058097,NA,NA,NA,NA,NA,NA,NA,NA,NA,NA,NA,NA,NA,"",NA,NA,NA,234603.13,55158.28,1,"S",1.03806694690265,0.244063185840708
NA,"Sky-A3-3",236.98531,43.80666,NA,NA,NA,NA,241.0477576,-21.829247643,NA,NA,NA,NA,NA,NA,NA,NA,NA,NA,NA,NA,NA,"",NA,NA,NA,236985.31,43806.66,1,"S",1.04860756637168,0.193834778761062
NA,"Sky-A3-4",238.81857,32.35357,NA,NA,NA,NA,241.0563045,-21.876871779,NA,NA,NA,NA,NA,NA,NA,NA,NA,NA,NA,NA,NA,"",NA,NA,NA,238818.57,32353.57,1,"S",1.05671933628319,0.143157389380531
NA,"Sky-A3-5",240.09865,20.82553,NA,NA,NA,NA,241.0623779,-21.924820684,NA,NA,NA,NA,NA,NA,NA,NA,NA,NA,NA,NA,NA,"",NA,NA,NA,240098.65,20825.53,1,"S",1.06238340707965,0.0921483628318584
NA,"Sky-A3-6",240.82258,9.24926,NA,NA,NA,NA,241.0659615,-21.972983585,NA,NA,NA,NA,NA,NA,NA,NA,NA,NA,NA,NA,NA,"",NA,NA,NA,240822.58,9249.26,1,"S",1.06558663716814,0.0409259292035398
NA,"Sky-A3-7",240.98869,2.34844,NA,NA,NA,NA,241.0669078,-22.001700792,NA,NA,NA,NA,NA,NA,NA,NA,NA,NA,NA,NA,NA,"",NA,NA,NA,240988.69,2348.44,1,"S",1.06632163716814,0.0103913274336283
NA,"Sky-A4-1",210.21182,-117.86456,NA,NA,NA,NA,240.9318689,-22.502765516,NA,NA,NA,NA,NA,NA,NA,NA,NA,NA,NA,NA,NA,"",NA,NA,NA,210211.82,-117864.56,1,"S",0.930140796460177,-0.521524601769911
NA,"Sky-A4-2",204.2974,-127.84223,NA,NA,NA,NA,240.9054882,-22.5444258,NA,NA,NA,NA,NA,NA,NA,NA,NA,NA,NA,NA,NA,"",NA,NA,NA,204297.4,-127842.23,1,"S",0.903970796460177,-0.565673584070796
NA,"Sky-A4-3",197.90977,-137.52377,NA,NA,NA,NA,240.8769534,-22.584860769,NA,NA,NA,NA,NA,NA,NA,NA,NA,NA,NA,NA,NA,"",NA,NA,NA,197909.77,-137523.77,1,"S",0.875706946902655,-0.608512256637168
NA,"Sky-A4-4",191.06371,-146.88677,NA,NA,NA,NA,240.8463294,-22.62397594,NA,NA,NA,NA,NA,NA,NA,NA,NA,NA,NA,NA,NA,"",NA,NA,NA,191063.71,-146886.77,1,"S",0.845414646017699,-0.649941460176991
NA,"Sky-A4-5",183.77509,-155.90952,NA,NA,NA,NA,240.8136863,-22.661679682,NA,NA,NA,NA,NA,NA,NA,NA,NA,NA,NA,NA,NA,"",NA,NA,NA,183775.09,-155909.52,1,"S",0.813164115044248,-0.689865132743363
NA,"Sky-A4-6",176.06079,-164.57115,NA,NA,NA,NA,240.7790989,-22.697883803,NA,NA,NA,NA,NA,NA,NA,NA,NA,NA,NA,NA,NA,"",NA,NA,NA,176060.79,-164571.15,1,"S",0.779030044247788,-0.72819092920354
NA,"Sky-A4-7",167.93867,-172.85157,NA,NA,NA,NA,240.742647,-22.732503324,NA,NA,NA,NA,NA,NA,NA,NA,NA,NA,NA,NA,NA,"",NA,NA,NA,167938.67,-172851.57,1,"S",0.743091460176991,-0.764829955752212
NA,"Sky-A5-1",-148.4702,-189.83588,NA,NA,NA,NA,239.3145845,-22.803770144,NA,NA,NA,NA,NA,NA,NA,NA,NA,NA,NA,NA,NA,"",NA,NA,NA,-148470.2,-189835.88,1,"S",-0.656947787610619,-0.839981769911504
NA,"Sky-A5-2",-157.43205,-182.47249,NA,NA,NA,NA,239.2742571,-22.772969154,NA,NA,NA,NA,NA,NA,NA,NA,NA,NA,NA,NA,NA,"",NA,NA,NA,-157432.05,-182472.49,1,"S",-0.696601991150442,-0.807400398230088
NA,"Sky-A5-3",-166.02924,-174.68645,NA,NA,NA,NA,239.2356005,-22.740405271,NA,NA,NA,NA,NA,NA,NA,NA,NA,NA,NA,NA,NA,"",NA,NA,NA,-166029.24,-174686.45,1,"S",-0.734642654867257,-0.77294889380531
NA,"Sky-A5-4",-174.24185,-166.49577,NA,NA,NA,NA,239.1987046,-22.706154851,NA,NA,NA,NA,NA,NA,NA,NA,NA,NA,NA,NA,NA,"",NA,NA,NA,-174241.85,-166495.77,1,"S",-0.770981637168142,-0.736706946902655
NA,"Sky-A5-5",-182.05086,-157.91943,NA,NA,NA,NA,239.1636547,-22.670298298,NA,NA,NA,NA,NA,NA,NA,NA,NA,NA,NA,NA,NA,"",NA,NA,NA,-182050.86,-157919.43,1,"S",-0.805534778761062,-0.698758539823009
NA,"Sky-A5-6",-189.43818,-148.97731,NA,NA,NA,NA,239.1305319,-22.632919765,NA,NA,NA,NA,NA,NA,NA,NA,NA,NA,NA,NA,NA,"",NA,NA,NA,-189438.18,-148977.31,1,"S",-0.83822203539823,-0.659191637168142
NA,"Sky-A5-7",-196.38671,-139.6901,NA,NA,NA,NA,239.0994124,-22.594106767,NA,NA,NA,NA,NA,NA,NA,NA,NA,NA,NA,NA,NA,"",NA,NA,NA,-196386.71,-139690.1,1,"S",-0.868967743362832,-0.61809778761062
NA,"Sky-H1-1",-181.17025,158.92893,NA,NA,NA,NA,239.1746661,-21.350832022,NA,NA,NA,NA,NA,NA,NA,NA,NA,NA,NA,NA,NA,"",NA,NA,NA,-181170.25,158928.93,1,"S",-0.801638274336283,0.703225353982301
NA,"Sky-H1-2",-173.31368,167.46173,NA,NA,NA,NA,239.209992,-21.315448642,NA,NA,NA,NA,NA,NA,NA,NA,NA,NA,NA,NA,NA,"",NA,NA,NA,-173313.68,167461.73,1,"S",-0.766874690265487,0.74098110619469
NA,"Sky-H1-3",-165.05567,175.60663,NA,NA,NA,NA,239.2470887,-21.281682022,NA,NA,NA,NA,NA,NA,NA,NA,NA,NA,NA,NA,NA,"",NA,NA,NA,-165055.67,175606.63,1,"S",-0.73033482300885,0.777020486725664
NA,"Sky-H1-4",-156.41534,183.34477,NA,NA,NA,NA,239.2858703,-21.249609378,NA,NA,NA,NA,NA,NA,NA,NA,NA,NA,NA,NA,NA,"",NA,NA,NA,-156415.34,183344.77,1,"S",-0.692103274336283,0.811260044247788
NA,"Sky-H1-5",-147.4127,190.65822,NA,NA,NA,NA,239.3262473,-21.219304055,NA,NA,NA,NA,NA,NA,NA,NA,NA,NA,NA,NA,NA,"",NA,NA,NA,-147412.7,190658.22,1,"S",-0.652268584070796,0.843620442477876
NA,"Sky-H1-6",-138.06861,197.53006,NA,NA,NA,NA,239.3681264,-21.190835209,NA,NA,NA,NA,NA,NA,NA,NA,NA,NA,NA,NA,NA,"",NA,NA,NA,-138068.61,197530.06,1,"S",-0.610923053097345,0.874026814159292
NA,"Sky-H1-7",-128.4047,203.94434,NA,NA,NA,NA,239.4114115,-21.164267966,NA,NA,NA,NA,NA,NA,NA,NA,NA,NA,NA,NA,NA,"",NA,NA,NA,-128404.7,203944.34,1,"S",-0.568162389380531,0.902408584070796
NA,"Sky-H1-8",-118.44464,209.88551,NA,NA,NA,NA,239.4559973,-21.139665819,NA,NA,NA,NA,NA,NA,NA,NA,NA,NA,NA,NA,NA,"",NA,NA,NA,-118444.64,209885.51,1,"S",-0.524091327433628,0.928696946902655
NA,"Sky-H2-1",-100.81652,218.89973,NA,NA,NA,NA,239.5348541,-21.102349574,NA,NA,NA,NA,NA,NA,NA,NA,NA,NA,NA,NA,NA,"",NA,NA,NA,-100816.52,218899.73,1,"S",-0.446090796460177,0.968582876106195
NA,"Sky-H2-2",-90.16757,223.49692,NA,NA,NA,NA,239.5824619,-21.083324598,NA,NA,NA,NA,NA,NA,NA,NA,NA,NA,NA,NA,NA,"",NA,NA,NA,-90167.57,223496.92,1,"S",-0.398971548672566,0.988924424778761
NA,"Sky-H2-3",-79.30977,227.57641,NA,NA,NA,NA,239.6309846,-21.066446256,NA,NA,NA,NA,NA,NA,NA,NA,NA,NA,NA,NA,NA,"",NA,NA,NA,-79309.77,227576.41,1,"S",-0.350928185840708,1.00697526548673
NA,"Sky-H2-4",-68.26826,231.12877,NA,NA,NA,NA,239.6803114,-21.051752873,NA,NA,NA,NA,NA,NA,NA,NA,NA,NA,NA,NA,NA,"",NA,NA,NA,-68268.26,231128.77,1,"S",-0.302071946902655,1.02269367256637
NA,"Sky-H2-5",-57.06862,234.14576,NA,NA,NA,NA,239.73033,-21.039277898,NA,NA,NA,NA,NA,NA,NA,NA,NA,NA,NA,NA,NA,"",NA,NA,NA,-57068.62,234145.76,1,"S",-0.252516017699115,1.03604318584071
NA,"Sky-H2-6",-45.73679,236.62039,NA,NA,NA,NA,239.7809264,-21.029049675,NA,NA,NA,NA,NA,NA,NA,NA,NA,NA,NA,NA,NA,"",NA,NA,NA,-45736.79,236620.39,1,"S",-0.20237517699115,1.04699287610619
NA,"Sky-H2-7",-34.29902,238.54693,NA,NA,NA,NA,239.8319854,-21.021091406,NA,NA,NA,NA,NA,NA,NA,NA,NA,NA,NA,NA,NA,"",NA,NA,NA,-34299.02,238546.93,1,"S",-0.151765575221239,1.05551738938053
NA,"Sky-H2-8",-22.78326,239.92079,NA,NA,NA,NA,239.8833843,-21.01542165,NA,NA,NA,NA,NA,NA,NA,NA,NA,NA,NA,NA,NA,"",NA,NA,NA,-22783.26,239920.79,1,"S",-0.100810884955752,1.0615964159292
NA,"Sky-H3-1",184.61356,154.91577,NA,NA,NA,NA,240.8105307,-21.367872884,NA,NA,NA,NA,NA,NA,NA,NA,NA,NA,NA,NA,NA,"",NA,NA,NA,184613.56,154915.77,1,"S",0.816874159292035,0.685468008849557
NA,"Sky-H3-2",191.8534,145.85382,NA,NA,NA,NA,240.8430989,-21.405461391,NA,NA,NA,NA,NA,NA,NA,NA,NA,NA,NA,NA,NA,"",NA,NA,NA,191853.4,145853.82,1,"S",0.848908849557522,0.645370884955752
NA,"Sky-H3-3",198.64884,136.45402,NA,NA,NA,NA,240.8737027,-21.444458426,NA,NA,NA,NA,NA,NA,NA,NA,NA,NA,NA,NA,NA,"",NA,NA,NA,198648.84,136454.02,1,"S",0.878977168141593,0.603778849557522
NA,"Sky-H3-4",204.98415,126.73816,NA,NA,NA,NA,240.9022708,-21.48477456,NA,NA,NA,NA,NA,NA,NA,NA,NA,NA,NA,NA,NA,"",NA,NA,NA,204984.15,126738.16,1,"S",0.907009513274336,0.560788318584071
NA,"Sky-H3-5",210.84465,116.72873,NA,NA,NA,NA,240.9287363,-21.526317417,NA,NA,NA,NA,NA,NA,NA,NA,NA,NA,NA,NA,NA,"",NA,NA,NA,210844.65,116728.73,1,"S",0.93294092920354,0.516498805309734
NA,"Sky-H3-6",216.21677,106.44891,NA,NA,NA,NA,240.9530368,-21.568991713,NA,NA,NA,NA,NA,NA,NA,NA,NA,NA,NA,NA,NA,"",NA,NA,NA,216216.77,106448.91,1,"S",0.956711371681416,0.471012876106195
NA,"Sky-H3-7",221.08806,95.92253,NA,NA,NA,NA,240.975115,-21.61269941,NA,NA,NA,NA,NA,NA,NA,NA,NA,NA,NA,NA,NA,"",NA,NA,NA,221088.06,95922.53,1,"S",0.978265752212389,0.424435973451327
NA,"Sky-H3-8",225.44672,85.17533,NA,NA,NA,NA,240.994916,-21.657334469,NA,NA,NA,NA,NA,NA,NA,NA,NA,NA,NA,NA,NA,"",NA,NA,NA,225446.72,85175.33,1,"S",0.99755185840708,0.376881991150442
NA,"Sky-H4-1",239.9828,-22.12059,NA,NA,NA,NA,241.0631054,-22.103566042,NA,NA,NA,NA,NA,NA,NA,NA,NA,NA,NA,NA,NA,"",NA,NA,NA,239982.8,-22120.59,1,"S",1.06187079646018,-0.0978787168141593
NA,"Sky-H4-2",238.64054,-33.64155,NA,NA,NA,NA,241.0574119,-22.151549663,NA,NA,NA,NA,NA,NA,NA,NA,NA,NA,NA,NA,NA,"",NA,NA,NA,238640.54,-33641.55,1,"S",1.05593159292035,-0.148856415929204
NA,"Sky-H4-3",236.74552,-45.08459,NA,NA,NA,NA,241.0492291,-22.199222614,NA,NA,NA,NA,NA,NA,NA,NA,NA,NA,NA,NA,NA,"",NA,NA,NA,236745.52,-45084.59,1,"S",1.04754654867257,-0.199489336283186
NA,"Sky-H4-4",234.30213,-56.42319,NA,NA,NA,NA,241.0385737,-22.246474227,NA,NA,NA,NA,NA,NA,NA,NA,NA,NA,NA,NA,NA,"",NA,NA,NA,234302.13,-56423.19,1,"S",1.03673508849558,-0.249660132743363
NA,"Sky-H4-5",231.31601,-67.6311,NA,NA,NA,NA,241.025468,-22.293194834,NA,NA,NA,NA,NA,NA,NA,NA,NA,NA,NA,NA,NA,"",NA,NA,NA,231316.01,-67631.1,1,"S",1.02352216814159,-0.299252654867257
NA,"Sky-H4-6",227.79409,-78.68236,NA,NA,NA,NA,241.0099403,-22.339275846,NA,NA,NA,NA,NA,NA,NA,NA,NA,NA,NA,NA,NA,"",NA,NA,NA,227794.09,-78682.36,1,"S",1.00793845132743,-0.34815203539823
NA,"Sky-H4-7",223.74453,-89.55136,NA,NA,NA,NA,240.9920243,-22.384610011,NA,NA,NA,NA,NA,NA,NA,NA,NA,NA,NA,NA,NA,"",NA,NA,NA,223744.53,-89551.36,1,"S",0.990020044247788,-0.396244955752212
NA,"Sky-H4-8",219.17732,-100.21161,NA,NA,NA,NA,240.9717625,-22.429086285,NA,NA,NA,NA,NA,NA,NA,NA,NA,NA,NA,NA,NA,"",NA,NA,NA,219177.32,-100211.61,1,"S",0.969811150442478,-0.443414203539823
NA,"Sky-H5-1",41.83481,-237.34134,NA,NA,NA,NA,240.1740975,-23.002474218,NA,NA,NA,NA,NA,NA,NA,NA,NA,NA,NA,NA,NA,"",NA,NA,NA,41834.81,-237341.34,1,"S",0.185109778761062,-1.05018292035398
NA,"Sky-H5-2",30.36687,-239.07931,NA,NA,NA,NA,240.1222665,-23.009765775,NA,NA,NA,NA,NA,NA,NA,NA,NA,NA,NA,NA,NA,"",NA,NA,NA,30366.87,-239079.31,1,"S",0.134366681415929,-1.05787305309735
NA,"Sky-H5-3",18.8286,-240.26349,NA,NA,NA,NA,240.0701098,-23.014738155,NA,NA,NA,NA,NA,NA,NA,NA,NA,NA,NA,NA,NA,"",NA,NA,NA,18828.6,-240263.49,1,"S",0.083312389380531,-1.06311278761062
NA,"Sky-H5-4",7.2467,-240.89115,NA,NA,NA,NA,240.0177502,-23.017379571,NA,NA,NA,NA,NA,NA,NA,NA,NA,NA,NA,NA,NA,"",NA,NA,NA,7246.7,-240891.15,1,"S",0.0320650442477876,-1.06589004424779
NA,"Sky-H5-5",-4.35197,-240.96083,NA,NA,NA,NA,239.9653118,-23.017683658,NA,NA,NA,NA,NA,NA,NA,NA,NA,NA,NA,NA,NA,"",NA,NA,NA,-4351.97,-240960.83,1,"S",-0.0192565044247788,-1.06619836283186
NA,"Sky-H5-6",-15.94057,-240.47237,NA,NA,NA,NA,239.9129184,-23.015649599,NA,NA,NA,NA,NA,NA,NA,NA,NA,NA,NA,NA,NA,"",NA,NA,NA,-15940.57,-240472.37,1,"S",-0.0705334955752212,-1.06403703539823
NA,"Sky-H5-7",-27.49224,-239.4269,NA,NA,NA,NA,239.8606939,-23.011282084,NA,NA,NA,NA,NA,NA,NA,NA,NA,NA,NA,NA,NA,"",NA,NA,NA,-27492.24,-239426.9,1,"S",-0.121647079646018,-1.0594110619469
NA,"Sky-H5-8",-38.97879,-237.82707,NA,NA,NA,NA,239.8087681,-23.004592276,NA,NA,NA,NA,NA,NA,NA,NA,NA,NA,NA,NA,NA,"",NA,NA,NA,-38978.79,-237827.07,1,"S",-0.172472522123894,-1.05233216814159
NA,"Sky-H6-1",-58.36925,-233.82492,NA,NA,NA,NA,239.7211292,-22.987847891,NA,NA,NA,NA,NA,NA,NA,NA,NA,NA,NA,NA,NA,"",NA,NA,NA,-58369.25,-233824.92,1,"S",-0.258271017699115,-1.03462353982301
NA,"Sky-H6-2",-69.55194,-230.74573,NA,NA,NA,NA,239.6706009,-22.97496194,NA,NA,NA,NA,NA,NA,NA,NA,NA,NA,NA,NA,NA,"",NA,NA,NA,-69551.94,-230745.73,1,"S",-0.307751946902655,-1.02099880530973
NA,"Sky-H6-3",-80.57354,-227.13205,NA,NA,NA,NA,239.6208136,-22.959838039,NA,NA,NA,NA,NA,NA,NA,NA,NA,NA,NA,NA,NA,"",NA,NA,NA,-80573.54,-227132.05,1,"S",-0.356520088495575,-1.00500907079646
NA,"Sky-H6-4",-91.4085,-222.99226,NA,NA,NA,NA,239.5718848,-22.942511806,NA,NA,NA,NA,NA,NA,NA,NA,NA,NA,NA,NA,NA,"",NA,NA,NA,-91408.5,-222992.26,1,"S",-0.404462389380531,-0.986691415929204
NA,"Sky-H6-5",-102.03172,-218.33596,NA,NA,NA,NA,239.5239298,-22.923024052,NA,NA,NA,NA,NA,NA,NA,NA,NA,NA,NA,NA,NA,"",NA,NA,NA,-102031.72,-218335.96,1,"S",-0.45146778761062,-0.966088318584071
NA,"Sky-H6-6",-112.41861,-213.17391,NA,NA,NA,NA,239.4770612,-22.901420528,NA,NA,NA,NA,NA,NA,NA,NA,NA,NA,NA,NA,NA,"",NA,NA,NA,-112418.61,-213173.91,1,"S",-0.497427477876106,-0.943247389380531
NA,"Sky-H6-7",-122.54511,-207.51809,NA,NA,NA,NA,239.4313893,-22.877752148,NA,NA,NA,NA,NA,NA,NA,NA,NA,NA,NA,NA,NA,"",NA,NA,NA,-122545.11,-207518.09,1,"S",-0.542235,-0.918221637168142
NA,"Sky-H6-8",-132.38652,-201.3824,NA,NA,NA,NA,239.3870267,-22.852077933,NA,NA,NA,NA,NA,NA,NA,NA,NA,NA,NA,NA,NA,"",NA,NA,NA,-132386.52,-201382.4,1,"S",-0.585781061946903,-0.891072566371681
NA,"Sky-H7-1",-207.18967,-123.09956,NA,NA,NA,NA,239.0511168,-22.524792504,NA,NA,NA,NA,NA,NA,NA,NA,NA,NA,NA,NA,NA,"",NA,NA,NA,-207189.67,-123099.56,1,"S",-0.916768451327434,-0.544688318584071
NA,"Sky-H7-2",-212.87255,-112.98823,NA,NA,NA,NA,239.0257647,-22.482561203,NA,NA,NA,NA,NA,NA,NA,NA,NA,NA,NA,NA,NA,"",NA,NA,NA,-212872.55,-112988.23,1,"S",-0.941913938053097,-0.499947920353982
NA,"Sky-H7-3",-218.06235,-102.61518,NA,NA,NA,NA,239.0026552,-22.43924732,NA,NA,NA,NA,NA,NA,NA,NA,NA,NA,NA,NA,NA,"",NA,NA,NA,-218062.35,-102615.18,1,"S",-0.964877654867257,-0.454049469026549
NA,"Sky-H7-4",-222.74704,-92.00444,NA,NA,NA,NA,238.9818402,-22.394952053,NA,NA,NA,NA,NA,NA,NA,NA,NA,NA,NA,NA,NA,"",NA,NA,NA,-222747.04,-92004.44,1,"S",-0.985606371681416,-0.407099292035398
NA,"Sky-H7-5",-226.91579,-81.18059,NA,NA,NA,NA,238.9633663,-22.349778808,NA,NA,NA,NA,NA,NA,NA,NA,NA,NA,NA,NA,NA,"",NA,NA,NA,-226915.79,-81180.59,1,"S",-1.00405216814159,-0.359206150442478
NA,"Sky-H7-6",-230.55892,-70.1687,NA,NA,NA,NA,238.9472746,-22.303832947,NA,NA,NA,NA,NA,NA,NA,NA,NA,NA,NA,NA,NA,"",NA,NA,NA,-230558.92,-70168.7,1,"S",-1.02017221238938,-0.310480973451327
NA,"Sky-H7-7",-233.66801,-58.99428,NA,NA,NA,NA,238.9336003,-22.257221558,NA,NA,NA,NA,NA,NA,NA,NA,NA,NA,NA,NA,NA,"",NA,NA,NA,-233668.01,-58994.28,1,"S",-1.03392924778761,-0.261036637168142
NA,"Sky-H7-8",-236.23556,-47.68464,NA,NA,NA,NA,238.9223745,-22.210059132,NA,NA,NA,NA,NA,NA,NA,NA,NA,NA,NA,NA,NA,"",NA,NA,NA,-236235.56,-47684.64,1,"S",-1.04529008849558,-0.210993982300885
