#OBSTEMP,8
#CONFIGTEMP,19
#EQUINOX,J2000.0
#CENTRE,15 59 56.41,-22 00 53.9 #Field centre
#UTTIME,12 00 00.00 #Target observing time
#UTDATE,2021 07 10 #Target observing date
#PLATEID,a test_plateID
#LABEL,240_m20_comissioning Tile 003
#TILING_DATE,2021 06 07 # Date the tile was created/configured
#PROXIMITY,220 # tiling proximity value in arcseconds
"ID","RA","DEC","g_mag","r_mag","i_mag","z_mag","y_mag","GAIA_g_mag","GAIA_bp_mag","GAIA_rp_mag","pmRA","pmDEC","priority","remaining_observations","Tile_number","COMPLETED","MagnetX_noDC","MagnetY_noDC","type","MagnetX","MagnetY","Position","fibre_type","x","y","grads","gangs","gazAngs","gangs_gazAng"
"6243612104440601600",240.04935,-21.589516,NA,10.8283996582031,NA,NA,NA,NA,NA,NA,-14.5950334169632,-4.69607135305918,NA,NA,NA,NA,14537.5350537604,96152.1398494626,2,13969.07,99383.91,NA,"G",-86.22178,133.47311,158.900177594113,0.115517061066273,-0.997247973018603,1.11276503408488
"6243569876323017088",240.40779,-21.490728,NA,11.5790996551514,NA,NA,NA,NA,NA,NA,-41.5046450094698,15.2672698429117,NA,NA,NA,NA,95544.9750537543,118478.227849462,2,92547.55,123219.19,NA,"G",158.05534,119.19813,197.963846946892,0.0175180820957865,3.78774728030847,2.5129561089669
"6243203120476661376",239.97186,-22.79337,NA,11.6497001647949,NA,NA,NA,NA,NA,NA,-6.36343137848489,-10.2514756752206,NA,NA,NA,NA,-2975.20494623581,-175918.864150537,2,-2867.16,-184285.65,NA,"G",30.95017,-163.62242,166.523900235628,3.99790387189397,1.75774359859294,2.24016027330103
"6243227172292998528",240.48427,-22.491997,NA,11.87380027771,NA,NA,NA,NA,NA,NA,-5.60784288000512,3.5352576950285,NA,NA,NA,NA,112829.455053762,-107808.566150538,2,108626.47,-112506.31,NA,"G",44.70199,-85.76452,96.715152901655,1.07201385012261,2.0512736959784,5.3039254613238
"6243232081430715392",240.7765,-22.371107,NA,12.2285995483398,NA,NA,NA,NA,NA,NA,-17.3132852790657,-9.67093476320869,NA,NA,NA,NA,178873.435053759,-80487.426150538,2,173609.67,-84917.9,NA,"G",-74.72061,-49.15366,89.4385367175006,5.29848411964329,0.581861814238615,4.71662230540467
"6246531136010824192",239.54382,-21.518038,NA,12.8070001602173,NA,NA,NA,NA,NA,NA,41.8750318719462,-29.4161833239491,NA,NA,NA,NA,-99712.2449462381,112306.167849462,2,-96510.04,116694.68,NA,"G",-9.63537,-205.1973,205.423397601945,5.24156778020074,1.52387418111784,3.71769359908291
