#OBSTEMP,8
#CONFIGTEMP,19
#EQUINOX,J2000.0
#CENTRE,17 59 50.53,-21 56 46.8 #Field centre
#UTTIME,14 00 00.00 #Target observing time
#UTDATE,2021 07 10 #Target observing date
#PLATEID,a test_plateID
#LABEL,270_m20_comissioning Tile 000
#TILING_DATE,2021 06 10 # Date the tile was created/configured
#PROXIMITY,220 # tiling proximity value in arcseconds
probe,ID,RA,DEC,g_mag,r_mag,i_mag,z_mag,y_mag,GAIA_g_mag,GAIA_bp_mag,GAIA_rp_mag,pmRA,pmDEC,Re,GAL_MU_E_R,Mstar,priority,remaining_observations,Tile_number,COMPLETED,MagnetX_noDC,MagnetY_noDC,type,MagnetX,MagnetY,Position,fibre_type,x,y,grads,gangs,gazAngs,gangs_gazAng
21,4069976464991195136,270.5328,-21.684666,NA,11.4086999893188,NA,NA,NA,NA,NA,NA,-3.2654640843057203,-7.415709419425781,NA,NA,NA,NA,NA,NA,NA,129330.437142855,59139.5785306128,2,124888.6,61234.03,NA,G,-204.15597,18.02521,204.950160483433,4.623816408546401,-0.0880630145475187,4.71187942309392
22,4069926815170942336,270.56815,-22.088623000000002,NA,11.425900459289599,NA,NA,NA,NA,NA,NA,-22.8226772463412,-7.172102010912661,NA,NA,NA,NA,NA,NA,NA,137319.537142854,-32154.703469387598,2,132203.79,-33664.03,NA,G,163.05168,97.60427,190.032744212821,5.95183198687453,3.6809890340516502,2.2708429528228797
23,4070368376505816064,269.03455,-21.867829999999998,NA,11.5804996490479,NA,NA,NA,NA,NA,NA,0.8017742879701341,0.329035572537338,NA,NA,NA,NA,NA,NA,NA,-209274.06285714102,17744.5145306133,2,-204155.97,18025.21,NA,G,133.39487,-52.042359999999995,143.18728496862602,0.9166146041076751,2.7696171150147597,4.4301827962725
24,4070297316229990912,269.2731,-22.209093,NA,11.681400299072301,NA,NA,NA,NA,NA,NA,0.41975269870747706,0.26229035280156,NA,NA,NA,NA,NA,NA,NA,-155361.762857147,-59380.9234693871,2,-149969.17,-62260.82,NA,G,-27.227829999999997,-34.33293,43.8190005464958,1.7119100795655102,0.900305794249485,0.8116042853160229
25,4070769865709852288,269.6652,-21.428143,NA,11.9498996734619,NA,NA,NA,NA,NA,NA,-2.2870388474542405,-7.06313497192834,NA,NA,NA,NA,NA,NA,NA,-66747.1628571407,117113.776530613,2,-64538.59,121574.43,NA,G,-56.80911999999999,187.32683,195.751417243971,0.32337502022486997,-1.2763495118804198,1.5997245321052802
26,4069985226725356160,270.70035,-21.532795,NA,12.6087999343872,NA,NA,NA,NA,NA,NA,-4.714457905872731,-2.73456157274179,NA,NA,NA,NA,NA,NA,NA,167196.737142856,93462.4245306128,2,163051.68,97604.27,NA,G,124.82476000000001,-18.40746,126.17470147659999,4.217627255969529,2.99518145484161,1.2224458011279198
