#OBSTEMP,8
#CONFIGTEMP,19
#EQUINOX,J2000.0
#CENTRE,17 59 50.53,-21 56 46.8 #Field centre
#UTTIME,14 00 00.00 #Target observing time
#UTDATE,2021 07 10 #Target observing date
#PLATEID,a test_plateID
#LABEL,270_m20_comissioning Tile 000
#TILING_DATE,2021 06 10 # Date the tile was created/configured
#PROXIMITY,220 # tiling proximity value in arcseconds
probe,ID,x,y,rads,angs,azAngs,angs_azAng,RA,DEC,g_mag,r_mag,i_mag,z_mag,y_mag,GAIA_g_mag,GAIA_bp_mag,GAIA_rp_mag,pmRA,pmDEC,Re,GAL_MU_E_R,Mstar,priority,remaining_observations,Tile_number,COMPLETED,MagnetX_noDC,MagnetY_noDC,type,MagnetX,MagnetY,Position,fibre_type,fraction_plate_radius_X,fraction_plate_radius_Y,grads,gangs,gazAngs,gangs_gazAng,Magnet,Label,order,Pickup_option,Index,Hexabundle,probe_orientation,rectMag_inputOrientati,Magnet_C,Label_C,order_C,Pickup_option_C,offset_P,offset_Q
1.0,4069907165716436736,193.07416408794958,-8.214134012760956,193.25555289008,4.69059979131739,3.09889153851384,1.59170825280355,270.83847000000003,-21.978844,18.6025009155273,16.6081008911133,15.4555997848511,14.756799697876,14.293499946594201,16.15022,17.77402,14.839895,-3.5701403734039503,-5.52114722175475,1.0,19.0,-99.0,1.0,1.0,-999.0,False,198411.85714286,-7344.649469386909,1.0,193079.39,-8249.72,NA,P,0.854333584070797,-0.036503185840708,NA,NA,NA,NA,rectangular_magnet,R01,1.0,I,1.0,A,1.2484285725686275,1.59170825280355,circular_magnet,Yel,1.0,TL,0.03546368063999998,0.006
2.0,4070293918948068224,-180.6150484336118,-79.50758001613512,197.348138872178,-1.49245250650045,0.414881881330677,4.37585091934846,269.13773,-22.27959,19.4407005310059,17.8134994506836,16.8166999816895,16.2143993377686,15.8732004165649,17.465778,18.88841,16.281036,-3.2666062786111096,1.92820134313699,1.0,19.0,-99.0,1.0,1.0,-999.0,False,-185955.382857152,-75313.24546938691,1.0,-180605.9,-79547.45,NA,P,-0.799141150442478,-0.351979867256637,NA,NA,NA,NA,rectangular_magnet,R02,1.0,I,2.0,B,-4.488770253803239,4.37585091934846,circular_magnet,Mag,1.0,TR,0.04046368063999998,0.006
3.0,4070718811468706816,1.0673542008285253,76.01252922175826,76.0232938080198,-0.185757379991728,4.698134182329951,1.39929374485791,269.96555,-21.620447,18.1250991821289,16.5076007843018,15.5573997497559,14.9518003463745,14.5500001907349,16.197395,17.535055,15.009998,-0.6831622317781579,-1.50893584027996,1.0,19.0,-99.0,1.0,1.0,-999.0,False,1131.93714285489,73653.07253061309,1.0,1083.66,76015.57,NA,P,0.00479495575221239,0.336352079646018,NA,NA,NA,NA,rectangular_magnet,R03,1.0,I,3.0,C,-79.35688611306598,1.39929374485791,circular_magnet,Blu,1.0,RO,0.015463680639999975,0.006
4.0,4069546457180880384,53.91677762697257,-68.92388463827078,87.470441643426,1.29121556752194,2.23509343337984,5.339307441321691,270.20996,-22.241018,18.8383007049561,17.5846996307373,16.886400222778303,16.4624004364014,16.1042995452881,17.428407999999994,18.47096,16.391941,-1.04929432703394,-1.08416799206183,1.0,19.0,-99.0,1.0,1.0,-999.0,False,56368.597142858605,-66595.9734693873,1.0,53926.04,-68869.88,NA,P,0.238610796460177,-0.304733982300885,NA,NA,NA,NA,rectangular_magnet,R04,1.0,I,4.0,D,-163.98120246059705,5.339307441321691,circular_magnet,Blu,1.0,TR,0.05446368063999998,0.006
5.0,4069475156410965376,123.42486266451151,-164.20288386691715,205.410624273763,0.464239826272938,2.21534298052963,4.5320821529229,270.52286000000004,-22.63595,19.3745002746582,17.8264007568359,16.9123001098633,16.3516998291016,15.9371004104614,17.533884,18.744305,16.396152,-0.128861506001999,-1.6188117745454895,1.0,19.0,-99.0,1.0,1.0,-999.0,False,127083.99714286199,-155850.605469387,1.0,123418.12,-164199.55,NA,P,0.546097876106195,-0.726546681415929,NA,NA,NA,NA,rectangular_magnet,R05,1.0,I,5.0,I,-116.59898272732613,4.5320821529229,circular_magnet,Mag,1.0,TR,-0.004536319360000025,0.006
6.0,4069874970620283136,168.93923653250764,-64.45896797842606,180.825431874034,4.5625860660915,2.77686988363697,1.78571618245453,270.7319,-22.217226,17.2931003570557,16.2129001617432,15.604000091552699,15.215100288391099,14.943699836731,16.094732,16.963793,15.103232,-1.72252593383802,1.5384914919158,1.0,19.0,-99.0,1.0,1.0,-999.0,False,174327.037142852,-61218.981469387196,1.0,168931.22,-64498.68,NA,P,0.7474832743362829,-0.285392389380531,NA,NA,NA,NA,rectangular_magnet,R06,1.0,I,6.0,J,8.583074747759667,1.78571618245453,circular_magnet,Yel,1.0,TL,0.04046368063999998,-0.002
7.0,4070317180492258048,-6.445334307642863,-4.643283549880456,7.9454786432159015,1.5998829339374798,0.625743913677662,0.9741390202598128,269.9304,-21.96654,16.7903003692627,15.8814001083374,15.3625001907349,15.001199722289998,14.862099647522,15.826381,16.548323,14.848427,3.242242256322509,-0.645292846994966,1.0,19.0,-99.0,1.0,1.0,-999.0,False,-6811.96285714225,-4563.945469386839,1.0,-6440.03,-4653.67,NA,P,-0.0284957079646018,-0.0205914601769911,NA,NA,NA,NA,rectangular_magnet,R07,1.0,I,7.0,K,178.33346017037516,0.9741390202598128,circular_magnet,Blu,1.0,TL,-0.010536319360000025,-0.005
8.0,4070402014674835072,-157.97645264589437,69.35892932140771,172.55867200502,2.06196143591695,-0.413785471723576,2.47574690764053,269.24033,-21.65078,18.961799621582,17.8125991821289,17.3234996795654,17.039400100708,16.886400222778303,17.798437,18.598528,16.764295999999998,-2.17647633164429,-0.454937463459862,1.0,19.0,-99.0,1.0,1.0,-999.0,False,-162767.782857153,66797.8145306126,1.0,-157995.64,69382.08,NA,P,-0.6990957522123891,0.307000353982301,NA,NA,NA,NA,rectangular_magnet,R08,1.0,I,8.0,L,151.85831220322362,2.47574690764053,circular_magnet,Yel,1.0,TR,0.029463680639999976,0.006
9.0,4069932415807915392,105.05581643420766,-3.091919711550134,105.103183746751,1.1303983289656698,3.1123537880985404,4.30122984804672,270.44504,-21.958803,19.3582992553711,17.436599731445302,16.318799972534197,15.569700241088901,15.032899856567399,16.955769,18.614338,15.656460999999998,-2.27108173235892,-4.20174327280999,1.0,19.0,-99.0,1.0,1.0,-999.0,False,109496.677142855,-2815.38346938711,1.0,105058.26,-3072.66,NA,P,0.464859557522124,-0.0135958407079646,NA,NA,NA,NA,rectangular_magnet,R09,1.0,I,9.0,M,-154.76705341837396,4.30122984804672,circular_magnet,Gre,1.0,TR,0.018463680639999976,0.006
10.0,4069979905285916416,161.9652900246844,77.06047412918248,179.379885100804,1.08000129657292,3.5857915900969703,3.7773950136555294,270.69748,-21.6187,15.911399841308599,15.301899909973097,15.0183000564575,14.8713998794556,14.7937002182007,15.309728,15.809101,14.644895000000002,2.3715009598158,1.8187116628424296,1.0,19.0,-99.0,1.0,1.0,-999.0,False,166548.11714285,74047.8945306127,1.0,161972.0,77085.76,NA,P,0.716690265486726,0.341087433628319,NA,NA,NA,NA,rectangular_magnet,R10,1.0,I,10.0,N,-151.87951616228486,3.7773950136555294,circular_magnet,Yel,1.0,TL,0.025463680639999976,0.006
11.0,4070310269852200960,-81.5394293209547,-48.217230391374244,94.73199888243731,2.00084797914623,0.533719415346931,1.4671285637993,269.5834,-22.1523,15.9807996749878,15.270899772644,14.945300102233901,14.785499572753901,14.672599792480499,15.285328,15.852201999999998,14.5758915,-0.101218364630811,-8.22537711052089,1.0,19.0,-99.0,1.0,1.0,-999.0,False,-85233.96285715059,-46545.705469387314,1.0,-81556.75,-48193.86,NA,P,-0.3608705752212391,-0.213247168141593,NA,NA,NA,NA,rectangular_magnet,R11,1.0,I,11.0,O,155.35985534764126,1.4671285637993001,circular_magnet,Gre,1.0,TL,0.028463680639999975,0.006
12.0,4070786019119677696,-115.62890629434727,142.87247435101608,183.789762127754,0.35701589105879605,-0.890608014184338,1.24762390524313,269.43588,-21.341381,19.1966991424561,16.9062995910645,15.5346002578735,14.7211999893188,14.204199790954599,16.18158,18.092968,14.840357,-0.544367744841586,-2.7381211830061503,1.0,19.0,-99.0,1.0,1.0,-999.0,False,-118573.482857147,136721.98853061302,1.0,-115592.63,142888.14,NA,P,-0.5114718141592921,0.632248407079646,NA,NA,NA,NA,rectangular_magnet,R12,1.0,I,12.0,P,-110.45550377677118,1.24762390524313,circular_magnet,Yel,1.0,TL,0.03946368063999998,0.002
13.0,4070803366455413120,7.870015276642187,179.20162748654116,179.381339628083,2.80279376811001,4.66872402180796,4.41725505348163,269.9961,-21.188047,16.805400848388697,15.7791004180908,15.2138004302979,14.8505001068115,14.6316003799438,15.678346,16.52134,14.720115,-0.0769731097264878,0.7362187368019331,1.0,19.0,-99.0,1.0,1.0,-999.0,False,8036.237142856071,171375.472530613,1.0,7830.19,179210.36,NA,P,0.0346468584070796,0.7929661946902651,NA,NA,NA,NA,rectangular_magnet,R13,1.0,I,13.0,Q,109.41174624172797,4.41725505348163,circular_magnet,Yel,1.0,TR,0.04046368063999998,0.005
14.0,4070374733059043328,-149.2203998350083,-12.658672500027308,149.747591653481,-1.2163331284569,0.0847411440280905,4.98211103469459,269.27603,-21.998802,17.3047008514404,15.392200469970698,14.332900047302198,13.6753997802734,13.2862997055054,14.971991,16.493714999999998,13.741746,-0.7801035475207759,2.32074228863185,1.0,19.0,-99.0,1.0,1.0,-999.0,False,-154699.582857149,-11855.1574693875,1.0,-149210.24,-12674.6,NA,P,-0.660222300884956,-0.0560823008849557,NA,NA,NA,NA,rectangular_magnet,R14,1.0,I,14.0,R,-20.30924525747548,4.98211103469459,circular_magnet,Yel,1.0,TR,0.018463680639999976,0.004
15.0,4069517281448887296,-123.60519660457885,-176.57189799473664,215.550252257965,2.76120629435278,0.959836139501754,1.80137015485103,269.39813,-22.686243,19.172800064086896,17.614000320434602,16.665899276733402,16.0573997497559,15.6326999664307,17.271176999999998,18.575903,16.08504,-1.04601631773509,-2.85883998054595,1.0,19.0,-99.0,1.0,1.0,-999.0,False,-127104.982857151,-167216.823469387,1.0,-123651.31,-176556.69,NA,P,-0.5471296902654871,-0.7812242920353979,NA,NA,NA,NA,rectangular_magnet,R15,1.0,I,15.0,S,111.79453296862778,1.8013701548510301,circular_magnet,Mag,1.0,TL,0.04846368063999998,0.003
16.0,4070741969933367808,122.19813535658548,140.1142684539702,185.89180403714695,2.7883600291328,3.99542281979473,5.07612251651766,270.51465,-21.35345,19.7812995910645,17.9543991088867,16.887300491333,16.2089004516602,15.7676000595093,17.563288,19.180916,16.324425,-2.40453034965252,-5.4702641698194014,1.0,19.0,-99.0,1.0,1.0,-999.0,False,125228.53714285699,133994.394530613,1.0,122149.65,140125.75,NA,P,0.54048517699115,0.6200254424778759,NA,NA,NA,NA,rectangular_magnet,R16,1.0,I,16.0,T,110.2387385677149,5.07612251651766,circular_magnet,Yel,1.0,TR,0.04946368063999998,0.006
17.0,4069530892218830976,15.2725137774722,-151.05603684083638,151.816260796169,1.3660423464420102,1.67153795120421,5.977689702417378,270.0308,-22.588282,18.0126991271973,16.817699432373,16.1051998138428,15.6646995544434,15.3379001617432,16.661917000000006,17.689332999999994,15.651695000000002,0.6955421991138271,-1.34664146885152,1.0,19.0,-99.0,1.0,1.0,-999.0,False,15878.437142853001,-145077.637469387,1.0,15268.36,-151046.53,NA,P,0.0675591150442478,-0.6683474778761059,NA,NA,NA,NA,rectangular_magnet,R17,1.0,I,17.0,E,-168.26846108727474,5.977689702417378,circular_magnet,Yel,1.0,TR,0.008463680639999974,0.006
18.0,4070797009903609728,0.5678950481935201,141.86613962724354,141.87806506637898,0.146042582510976,4.70816604584943,1.72106184384114,269.9633,-21.342342,17.4881992340088,16.1422996520996,15.3149003982544,14.767200469970698,14.4310998916626,15.872929999999998,17.041113,14.7696295,0.21057655797091504,0.8595809679786851,1.0,19.0,-99.0,1.0,1.0,-999.0,False,623.437142854073,136504.802530613,1.0,599.14,141876.8,NA,P,0.00265106194690265,0.627773451327434,NA,NA,NA,NA,rectangular_magnet,R18,1.0,I,18.0,F,-98.36762360707024,1.72106184384114,circular_magnet,Gre,1.0,TL,0.03246368063999998,0.006
19.0,4069560269795495680,27.080902924253028,-51.94551695504288,58.54548692121021,1.4164792956746497,2.05168144739237,5.64798315546187,270.08606000000003,-22.16911,16.8967990875244,16.670799255371097,16.6462001800537,16.6203002929688,16.5793991088867,16.647326,16.822784,16.25248,-10.2662045716186,-1.53193570940034,NA,NA,NA,1.0,NA,NA,NA,28367.1971428604,-50344.765469387195,0.0,27081.04,-51905.6,NA,P,0.119827610619469,-0.22967079646017705,NA,NA,NA,NA,rectangular_magnet,R19,1.0,I,19.0,H,-171.15828540982105,5.64798315546187,circular_magnet,Blu,1.0,TR,0.03946368063999998,0.006
20.0,4070718497904347904,22.666807839603262,80.29955164642614,83.4255982316279,3.32838464684842,4.43739216459886,5.174177789429139,270.06494,-21.60233,16.5198993682861,16.2612991333008,16.1679992675781,16.1026992797852,16.064800262451197,16.190025,16.426561,15.75585,-9.853357510547973,-5.682016407290679,NA,NA,NA,1.0,NA,NA,NA,23594.077142848397,77747.5145306132,0.0,22653.71,80290.97,NA,P,0.100237654867257,0.355269778761062,NA,NA,NA,NA,rectangular_magnet,R20,1.0,I,20.0,U,79.29760713944472,5.174177789429139,circular_magnet,Blu,1.0,RO,0.014463680639999974,0.006
21.0,4069976464991195136,-204.16004787142214,18.04712028414422,NA,NA,NA,NA,270.5328,-21.684666,NA,11.4086999893188,NA,NA,NA,NA,NA,NA,-3.2654640843057203,-7.415709419425781,NA,NA,NA,NA,NA,NA,NA,129330.437142855,59139.5785306128,2.0,124888.6,61234.03,NA,G,NA,NA,204.950160483433,4.623816408546401,-0.0880630145475187,4.71187942309392,rectangular_magnet,R21,1.0,I,21.0,GS1,5.074834546953298,4.71187942309392,circular_magnet,Mag,1.0,TR,0.021463680639999975,0.006
22.0,4069926815170942336,163.02092151574482,97.60850691921797,NA,NA,NA,NA,270.56815,-22.088623,NA,11.425900459289599,NA,NA,NA,NA,NA,NA,-22.8226772463412,-7.172102010912662,NA,NA,NA,NA,NA,NA,NA,137319.537142854,-32154.703469387598,2.0,132203.79,-33664.03,NA,G,NA,NA,190.032744212821,5.95183198687453,3.68098903405165,2.27084295282288,rectangular_magnet,R22,1.0,I,22.0,GS2,-71.01485321887394,2.27084295282288,circular_magnet,Yel,1.0,RO,0.030463680639999977,0.006
23.0,4070368376505816064,133.37805126866513,-52.07415312694311,NA,NA,NA,NA,269.03455,-21.86783,NA,11.5804996490479,NA,NA,NA,NA,NA,NA,0.8017742879701341,0.329035572537338,NA,NA,NA,NA,NA,NA,NA,-209274.06285714105,17744.5145306133,2.0,-204155.97,18025.21,NA,G,NA,NA,143.18728496862602,0.9166146041076751,2.76961711501476,4.4301827962725,rectangular_magnet,R23,1.0,I,23.0,GS3,-142.5181482554243,4.4301827962725,circular_magnet,Gre,1.0,TR,0.03546368063999998,0.006
24.0,4070297316229990912,-27.241490517640617,-34.343419239618115,NA,NA,NA,NA,269.2731,-22.209093,NA,11.681400299072301,NA,NA,NA,NA,NA,NA,0.41975269870747706,0.26229035280156,NA,NA,NA,NA,NA,NA,NA,-155361.762857147,-59380.9234693871,2.0,-149969.17,-62260.82,NA,G,NA,NA,43.8190005464958,1.7119100795655102,0.900305794249485,0.8116042853160229,rectangular_magnet,R24,1.0,I,24.0,GS4,171.91477753499146,0.8116042853160229,circular_magnet,Blu,1.0,TL,0.008463680639999974,-0.015
25.0,4070769865709852288,-56.83075253038362,187.3301267397922,NA,NA,NA,NA,269.6652,-21.428143,NA,11.9498996734619,NA,NA,NA,NA,NA,NA,-2.2870388474542405,-7.06313497192834,NA,NA,NA,NA,NA,NA,NA,-66747.1628571407,117113.776530613,2.0,-64538.59,121574.43,NA,G,NA,NA,195.751417243971,0.32337502022487,-1.2763495118804198,1.5997245321052802,rectangular_magnet,R25,1.0,I,25.0,GS5,-108.52802385884243,1.5997245321052802,circular_magnet,Yel,1.0,TL,0.019463680639999974,-0.01
26.0,4069985226725356160,124.84344077264822,-18.36019889763239,NA,NA,NA,NA,270.70035,-21.532795,NA,12.6087999343872,NA,NA,NA,NA,NA,NA,-4.714457905872731,-2.73456157274179,NA,NA,NA,NA,NA,NA,NA,167196.737142856,93462.4245306128,2.0,163051.68,97604.27,NA,G,NA,NA,126.17470147659999,4.2176272559695285,2.99518145484161,1.2224458011279198,rectangular_magnet,R26,1.0,I,26.0,GS6,28.34775867360344,1.2224458011279198,circular_magnet,Gre,1.0,TL,0.05046368063999998,0.006
NA,Sky-A1-1,-226.46104,82.44066,NA,NA,NA,NA,268.94594920000003,-21.599770342,NA,NA,NA,NA,NA,NA,NA,NA,NA,NA,NA,NA,NA,NA,NA,NA,NA,NA,NA,NA,-226461.04,82440.66,1.0,S,-1.00204,0.364781681415929,NA,NA,NA,NA,NA,NA,NA,NA,NA,NA,NA,NA,NA,NA,NA,NA,NA,NA
NA,Sky-A1-2,-222.23219,93.24117,NA,NA,NA,NA,268.9651884,-21.554891095,NA,NA,NA,NA,NA,NA,NA,NA,NA,NA,NA,NA,NA,NA,NA,NA,NA,NA,NA,NA,-222232.19,93241.17,1.0,S,-0.9833282743362829,0.41257154867256607,NA,NA,NA,NA,NA,NA,NA,NA,NA,NA,NA,NA,NA,NA,NA,NA,NA,NA
NA,Sky-A1-3,-217.48859,103.8257,NA,NA,NA,NA,268.9867157,-21.510921595,NA,NA,NA,NA,NA,NA,NA,NA,NA,NA,NA,NA,NA,NA,NA,NA,NA,NA,NA,NA,-217488.59,103825.7,1.0,S,-0.9623388938053101,0.45940575221238894,NA,NA,NA,NA,NA,NA,NA,NA,NA,NA,NA,NA,NA,NA,NA,NA,NA,NA
NA,Sky-A1-4,-212.24121,114.16975,NA,NA,NA,NA,269.01047989999995,-21.467962924000002,NA,NA,NA,NA,NA,NA,NA,NA,NA,NA,NA,NA,NA,NA,NA,NA,NA,NA,NA,NA,-212241.21,114169.75,1.0,S,-0.9391203982300891,0.505175884955752,NA,NA,NA,NA,NA,NA,NA,NA,NA,NA,NA,NA,NA,NA,NA,NA,NA,NA
NA,Sky-A1-5,-206.50222,124.24933999999999,NA,NA,NA,NA,269.0364244,-21.426113918,NA,NA,NA,NA,NA,NA,NA,NA,NA,NA,NA,NA,NA,NA,NA,NA,NA,NA,NA,NA,-206502.22,124249.34,1.0,S,-0.9137266371681421,0.5497758407079649,NA,NA,NA,NA,NA,NA,NA,NA,NA,NA,NA,NA,NA,NA,NA,NA,NA,NA
NA,Sky-A1-6,-200.2849,134.04112,NA,NA,NA,NA,269.0644881,-21.385470713,NA,NA,NA,NA,NA,NA,NA,NA,NA,NA,NA,NA,NA,NA,NA,NA,NA,NA,NA,NA,-200284.9,134041.12,1.0,S,-0.8862163716814159,0.5931023008849561,NA,NA,NA,NA,NA,NA,NA,NA,NA,NA,NA,NA,NA,NA,NA,NA,NA,NA
NA,Sky-A1-7,-193.60365,143.52243,NA,NA,NA,NA,269.094605,-21.346126510999998,NA,NA,NA,NA,NA,NA,NA,NA,NA,NA,NA,NA,NA,NA,NA,NA,NA,NA,NA,NA,-193603.65,143522.43,1.0,S,-0.8566533185840709,0.635055,NA,NA,NA,NA,NA,NA,NA,NA,NA,NA,NA,NA,NA,NA,NA,NA,NA,NA
NA,Sky-A2-1,-3.01251,240.9813,NA,NA,NA,NA,269.9471373,-20.942439366,NA,NA,NA,NA,NA,NA,NA,NA,NA,NA,NA,NA,NA,NA,NA,NA,NA,NA,NA,NA,-3012.51,240981.3,1.0,S,-0.0133296902654867,1.0662889380531,NA,NA,NA,NA,NA,NA,NA,NA,NA,NA,NA,NA,NA,NA,NA,NA,NA,NA
NA,Sky-A2-2,8.5856,240.84715,NA,NA,NA,NA,269.9988688,-20.943012331,NA,NA,NA,NA,NA,NA,NA,NA,NA,NA,NA,NA,NA,NA,NA,NA,NA,NA,NA,NA,8585.6,240847.15,1.0,S,0.0379893805309735,1.0656953539823,NA,NA,NA,NA,NA,NA,NA,NA,NA,NA,NA,NA,NA,NA,NA,NA,NA,NA
NA,Sky-A2-3,20.16382,240.15512,NA,NA,NA,NA,270.05051180000004,-20.945894499,NA,NA,NA,NA,NA,NA,NA,NA,NA,NA,NA,NA,NA,NA,NA,NA,NA,NA,NA,NA,20163.82,240155.12,1.0,S,0.0892204424778761,1.06263327433628,NA,NA,NA,NA,NA,NA,NA,NA,NA,NA,NA,NA,NA,NA,NA,NA,NA,NA
NA,Sky-A2-4,31.69534,238.90682,NA,NA,NA,NA,270.1019486,-20.951079175,NA,NA,NA,NA,NA,NA,NA,NA,NA,NA,NA,NA,NA,NA,NA,NA,NA,NA,NA,NA,31695.34,238906.82,1.0,S,0.14024486725663698,1.0571098230088498,NA,NA,NA,NA,NA,NA,NA,NA,NA,NA,NA,NA,NA,NA,NA,NA,NA,NA
NA,Sky-A2-5,43.15344,237.10512999999997,NA,NA,NA,NA,270.1530626,-20.958554494,NA,NA,NA,NA,NA,NA,NA,NA,NA,NA,NA,NA,NA,NA,NA,NA,NA,NA,NA,NA,43153.44,237105.13,1.0,S,0.190944424778761,1.04913774336283,NA,NA,NA,NA,NA,NA,NA,NA,NA,NA,NA,NA,NA,NA,NA,NA,NA,NA
NA,Sky-A2-6,54.51158,234.75422999999998,NA,NA,NA,NA,270.2037373,-20.968303303,NA,NA,NA,NA,NA,NA,NA,NA,NA,NA,NA,NA,NA,NA,NA,NA,NA,NA,NA,NA,54511.58,234754.23,1.0,S,0.241201681415929,1.0387355309734498,NA,NA,NA,NA,NA,NA,NA,NA,NA,NA,NA,NA,NA,NA,NA,NA,NA,NA
NA,Sky-A2-7,65.74346,231.85957000000002,NA,NA,NA,NA,270.25385760000006,-20.980303278,NA,NA,NA,NA,NA,NA,NA,NA,NA,NA,NA,NA,NA,NA,NA,NA,NA,NA,NA,NA,65743.46,231859.57,1.0,S,0.29090026548672604,1.02592730088496,NA,NA,NA,NA,NA,NA,NA,NA,NA,NA,NA,NA,NA,NA,NA,NA,NA,NA
NA,Sky-A3-1,231.67752000000002,66.38214,NA,NA,NA,NA,270.998359,-21.666800131,NA,NA,NA,NA,NA,NA,NA,NA,NA,NA,NA,NA,NA,NA,NA,NA,NA,NA,NA,NA,231677.52,66382.14,1.0,S,1.0251217699115,0.293726283185841,NA,NA,NA,NA,NA,NA,NA,NA,NA,NA,NA,NA,NA,NA,NA,NA,NA,NA
NA,Sky-A3-2,234.60313,55.158280000000005,NA,NA,NA,NA,271.0117738,-21.713446624,NA,NA,NA,NA,NA,NA,NA,NA,NA,NA,NA,NA,NA,NA,NA,NA,NA,NA,NA,NA,234603.13,55158.28,1.0,S,1.03806694690265,0.24406318584070802,NA,NA,NA,NA,NA,NA,NA,NA,NA,NA,NA,NA,NA,NA,NA,NA,NA,NA
NA,Sky-A3-3,236.98531,43.80666,NA,NA,NA,NA,271.0227657,-21.760636411999997,NA,NA,NA,NA,NA,NA,NA,NA,NA,NA,NA,NA,NA,NA,NA,NA,NA,NA,NA,NA,236985.31,43806.66,1.0,S,1.04860756637168,0.19383477876106198,NA,NA,NA,NA,NA,NA,NA,NA,NA,NA,NA,NA,NA,NA,NA,NA,NA,NA
NA,Sky-A3-4,238.81857000000002,32.35357,NA,NA,NA,NA,271.03130719999996,-21.808260740999998,NA,NA,NA,NA,NA,NA,NA,NA,NA,NA,NA,NA,NA,NA,NA,NA,NA,NA,NA,NA,238818.57,32353.57,1.0,S,1.05671933628319,0.14315738938053102,NA,NA,NA,NA,NA,NA,NA,NA,NA,NA,NA,NA,NA,NA,NA,NA,NA,NA
NA,Sky-A3-5,240.09865,20.82553,NA,NA,NA,NA,271.0373765,-21.856209784,NA,NA,NA,NA,NA,NA,NA,NA,NA,NA,NA,NA,NA,NA,NA,NA,NA,NA,NA,NA,240098.65,20825.53,1.0,S,1.06238340707965,0.0921483628318584,NA,NA,NA,NA,NA,NA,NA,NA,NA,NA,NA,NA,NA,NA,NA,NA,NA,NA
NA,Sky-A3-6,240.82258,9.249260000000001,NA,NA,NA,NA,271.0409572,-21.90437277,NA,NA,NA,NA,NA,NA,NA,NA,NA,NA,NA,NA,NA,NA,NA,NA,NA,NA,NA,NA,240822.58,9249.26,1.0,S,1.06558663716814,0.0409259292035398,NA,NA,NA,NA,NA,NA,NA,NA,NA,NA,NA,NA,NA,NA,NA,NA,NA,NA
NA,Sky-A3-7,240.98869,2.34844,NA,NA,NA,NA,271.04190239999997,-21.933090003,NA,NA,NA,NA,NA,NA,NA,NA,NA,NA,NA,NA,NA,NA,NA,NA,NA,NA,NA,NA,240988.69,2348.44,1.0,S,1.0663216371681399,0.0103913274336283,NA,NA,NA,NA,NA,NA,NA,NA,NA,NA,NA,NA,NA,NA,NA,NA,NA,NA
NA,Sky-A4-1,210.21182000000002,-117.86456000000001,NA,NA,NA,NA,270.90691760000004,-22.434152008,NA,NA,NA,NA,NA,NA,NA,NA,NA,NA,NA,NA,NA,NA,NA,NA,NA,NA,NA,NA,210211.82,-117864.56,1.0,S,0.930140796460177,-0.521524601769911,NA,NA,NA,NA,NA,NA,NA,NA,NA,NA,NA,NA,NA,NA,NA,NA,NA,NA
NA,Sky-A4-2,204.2974,-127.84223,NA,NA,NA,NA,270.88054900000003,-22.475811798000002,NA,NA,NA,NA,NA,NA,NA,NA,NA,NA,NA,NA,NA,NA,NA,NA,NA,NA,NA,NA,204297.4,-127842.23,1.0,S,0.903970796460177,-0.565673584070796,NA,NA,NA,NA,NA,NA,NA,NA,NA,NA,NA,NA,NA,NA,NA,NA,NA,NA
NA,Sky-A4-3,197.90977,-137.52376999999998,NA,NA,NA,NA,270.85202749999996,-22.516246248,NA,NA,NA,NA,NA,NA,NA,NA,NA,NA,NA,NA,NA,NA,NA,NA,NA,NA,NA,NA,197909.77,-137523.77,1.0,S,0.875706946902655,-0.608512256637168,NA,NA,NA,NA,NA,NA,NA,NA,NA,NA,NA,NA,NA,NA,NA,NA,NA,NA
NA,Sky-A4-4,191.06371000000001,-146.88676999999998,NA,NA,NA,NA,270.821418,-22.555360882,NA,NA,NA,NA,NA,NA,NA,NA,NA,NA,NA,NA,NA,NA,NA,NA,NA,NA,NA,NA,191063.71,-146886.77,1.0,S,0.8454146460176991,-0.649941460176991,NA,NA,NA,NA,NA,NA,NA,NA,NA,NA,NA,NA,NA,NA,NA,NA,NA,NA
NA,Sky-A4-5,183.77508999999998,-155.90952,NA,NA,NA,NA,270.7887904,-22.593064071,NA,NA,NA,NA,NA,NA,NA,NA,NA,NA,NA,NA,NA,NA,NA,NA,NA,NA,NA,NA,183775.09,-155909.52,1.0,S,0.8131641150442479,-0.6898651327433629,NA,NA,NA,NA,NA,NA,NA,NA,NA,NA,NA,NA,NA,NA,NA,NA,NA,NA
NA,Sky-A4-6,176.06079,-164.57115,NA,NA,NA,NA,270.75421960000006,-22.62926763,NA,NA,NA,NA,NA,NA,NA,NA,NA,NA,NA,NA,NA,NA,NA,NA,NA,NA,NA,NA,176060.79,-164571.15,1.0,S,0.7790300442477879,-0.7281909292035401,NA,NA,NA,NA,NA,NA,NA,NA,NA,NA,NA,NA,NA,NA,NA,NA,NA,NA
NA,Sky-A4-7,167.93867,-172.85157,NA,NA,NA,NA,270.7177853,-22.663886586,NA,NA,NA,NA,NA,NA,NA,NA,NA,NA,NA,NA,NA,NA,NA,NA,NA,NA,NA,NA,167938.67,-172851.57,1.0,S,0.7430914601769909,-0.7648299557522121,NA,NA,NA,NA,NA,NA,NA,NA,NA,NA,NA,NA,NA,NA,NA,NA,NA,NA
NA,Sky-A5-1,-148.4702,-189.83588,NA,NA,NA,NA,269.29043889999997,-22.735152925,NA,NA,NA,NA,NA,NA,NA,NA,NA,NA,NA,NA,NA,NA,NA,NA,NA,NA,NA,NA,-148470.2,-189835.88,1.0,S,-0.656947787610619,-0.8399817699115041,NA,NA,NA,NA,NA,NA,NA,NA,NA,NA,NA,NA,NA,NA,NA,NA,NA,NA
NA,Sky-A5-2,-157.43205,-182.47249,NA,NA,NA,NA,269.2501312,-22.704352536,NA,NA,NA,NA,NA,NA,NA,NA,NA,NA,NA,NA,NA,NA,NA,NA,NA,NA,NA,NA,-157432.05,-182472.49,1.0,S,-0.6966019911504421,-0.807400398230088,NA,NA,NA,NA,NA,NA,NA,NA,NA,NA,NA,NA,NA,NA,NA,NA,NA,NA
NA,Sky-A5-3,-166.02924,-174.68645,NA,NA,NA,NA,269.2114934,-22.671789259,NA,NA,NA,NA,NA,NA,NA,NA,NA,NA,NA,NA,NA,NA,NA,NA,NA,NA,NA,NA,-166029.24,-174686.45,1.0,S,-0.734642654867257,-0.7729488938053102,NA,NA,NA,NA,NA,NA,NA,NA,NA,NA,NA,NA,NA,NA,NA,NA,NA,NA
NA,Sky-A5-4,-174.24185,-166.49577,NA,NA,NA,NA,269.1746152,-22.637539448000002,NA,NA,NA,NA,NA,NA,NA,NA,NA,NA,NA,NA,NA,NA,NA,NA,NA,NA,NA,NA,-174241.85,-166495.77,1.0,S,-0.770981637168142,-0.736706946902655,NA,NA,NA,NA,NA,NA,NA,NA,NA,NA,NA,NA,NA,NA,NA,NA,NA,NA
NA,Sky-A5-5,-182.05086,-157.91943,NA,NA,NA,NA,269.13958210000004,-22.601683498000003,NA,NA,NA,NA,NA,NA,NA,NA,NA,NA,NA,NA,NA,NA,NA,NA,NA,NA,NA,NA,-182050.86,-157919.43,1.0,S,-0.805534778761062,-0.6987585398230091,NA,NA,NA,NA,NA,NA,NA,NA,NA,NA,NA,NA,NA,NA,NA,NA,NA,NA
NA,Sky-A5-6,-189.43818000000002,-148.97731000000002,NA,NA,NA,NA,269.106475,-22.564305558,NA,NA,NA,NA,NA,NA,NA,NA,NA,NA,NA,NA,NA,NA,NA,NA,NA,NA,NA,NA,-189438.18,-148977.31,1.0,S,-0.8382220353982299,-0.6591916371681421,NA,NA,NA,NA,NA,NA,NA,NA,NA,NA,NA,NA,NA,NA,NA,NA,NA,NA
NA,Sky-A5-7,-196.38671000000002,-139.6901,NA,NA,NA,NA,269.07537010000004,-22.525493138,NA,NA,NA,NA,NA,NA,NA,NA,NA,NA,NA,NA,NA,NA,NA,NA,NA,NA,NA,NA,-196386.71,-139690.1,1.0,S,-0.8689677433628321,-0.61809778761062,NA,NA,NA,NA,NA,NA,NA,NA,NA,NA,NA,NA,NA,NA,NA,NA,NA,NA
NA,Sky-H1-1,-181.17025,158.92893,NA,NA,NA,NA,269.15056069999997,-21.282216843,NA,NA,NA,NA,NA,NA,NA,NA,NA,NA,NA,NA,NA,NA,NA,NA,NA,NA,NA,NA,-181170.25,158928.93,1.0,S,-0.8016382743362829,0.703225353982301,NA,NA,NA,NA,NA,NA,NA,NA,NA,NA,NA,NA,NA,NA,NA,NA,NA,NA
NA,Sky-H1-2,-173.31368,167.46173000000002,NA,NA,NA,NA,269.1858693,-21.246832853,NA,NA,NA,NA,NA,NA,NA,NA,NA,NA,NA,NA,NA,NA,NA,NA,NA,NA,NA,NA,-173313.68,167461.73,1.0,S,-0.7668746902654872,0.7409811061946898,NA,NA,NA,NA,NA,NA,NA,NA,NA,NA,NA,NA,NA,NA,NA,NA,NA,NA
NA,Sky-H1-3,-165.05567,175.60663,NA,NA,NA,NA,269.2229481,-21.213065621,NA,NA,NA,NA,NA,NA,NA,NA,NA,NA,NA,NA,NA,NA,NA,NA,NA,NA,NA,NA,-165055.67,175606.63,1.0,S,-0.7303348230088499,0.777020486725664,NA,NA,NA,NA,NA,NA,NA,NA,NA,NA,NA,NA,NA,NA,NA,NA,NA,NA
NA,Sky-H1-4,-156.41534,183.34476999999998,NA,NA,NA,NA,269.2617111,-21.180992369000002,NA,NA,NA,NA,NA,NA,NA,NA,NA,NA,NA,NA,NA,NA,NA,NA,NA,NA,NA,NA,-156415.34,183344.77,1.0,S,-0.6921032743362829,0.8112600442477879,NA,NA,NA,NA,NA,NA,NA,NA,NA,NA,NA,NA,NA,NA,NA,NA,NA,NA
NA,Sky-H1-5,-147.4127,190.65822,NA,NA,NA,NA,269.30206880000003,-21.150686447000002,NA,NA,NA,NA,NA,NA,NA,NA,NA,NA,NA,NA,NA,NA,NA,NA,NA,NA,NA,NA,-147412.7,190658.22,1.0,S,-0.652268584070796,0.8436204424778759,NA,NA,NA,NA,NA,NA,NA,NA,NA,NA,NA,NA,NA,NA,NA,NA,NA,NA
NA,Sky-H1-6,-138.06861,197.53006000000002,NA,NA,NA,NA,269.3439281,-21.122217014,NA,NA,NA,NA,NA,NA,NA,NA,NA,NA,NA,NA,NA,NA,NA,NA,NA,NA,NA,NA,-138068.61,197530.06,1.0,S,-0.610923053097345,0.874026814159292,NA,NA,NA,NA,NA,NA,NA,NA,NA,NA,NA,NA,NA,NA,NA,NA,NA,NA
NA,Sky-H1-7,-128.4047,203.94433999999998,NA,NA,NA,NA,269.38719269999996,-21.095649205,NA,NA,NA,NA,NA,NA,NA,NA,NA,NA,NA,NA,NA,NA,NA,NA,NA,NA,NA,NA,-128404.7,203944.34,1.0,S,-0.568162389380531,0.9024085840707959,NA,NA,NA,NA,NA,NA,NA,NA,NA,NA,NA,NA,NA,NA,NA,NA,NA,NA
NA,Sky-H1-8,-118.44463999999999,209.88551,NA,NA,NA,NA,269.4317575,-21.071046517,NA,NA,NA,NA,NA,NA,NA,NA,NA,NA,NA,NA,NA,NA,NA,NA,NA,NA,NA,NA,-118444.64,209885.51,1.0,S,-0.524091327433628,0.928696946902655,NA,NA,NA,NA,NA,NA,NA,NA,NA,NA,NA,NA,NA,NA,NA,NA,NA,NA
NA,Sky-H2-1,-100.81652,218.89972999999998,NA,NA,NA,NA,269.5105775,-21.033729415,NA,NA,NA,NA,NA,NA,NA,NA,NA,NA,NA,NA,NA,NA,NA,NA,NA,NA,NA,NA,-100816.52,218899.73,1.0,S,-0.446090796460177,0.968582876106195,NA,NA,NA,NA,NA,NA,NA,NA,NA,NA,NA,NA,NA,NA,NA,NA,NA,NA
NA,Sky-H2-2,-90.16757,223.49692000000002,NA,NA,NA,NA,269.5581631,-21.014703986,NA,NA,NA,NA,NA,NA,NA,NA,NA,NA,NA,NA,NA,NA,NA,NA,NA,NA,NA,NA,-90167.57,223496.92,1.0,S,-0.39897154867256607,0.988924424778761,NA,NA,NA,NA,NA,NA,NA,NA,NA,NA,NA,NA,NA,NA,NA,NA,NA,NA
NA,Sky-H2-3,-79.30977,227.57641,NA,NA,NA,NA,269.6066633,-20.997825231,NA,NA,NA,NA,NA,NA,NA,NA,NA,NA,NA,NA,NA,NA,NA,NA,NA,NA,NA,NA,-79309.77,227576.41,1.0,S,-0.350928185840708,1.00697526548673,NA,NA,NA,NA,NA,NA,NA,NA,NA,NA,NA,NA,NA,NA,NA,NA,NA,NA
NA,Sky-H2-4,-68.26826,231.12877000000003,NA,NA,NA,NA,269.6559673,-20.983131479,NA,NA,NA,NA,NA,NA,NA,NA,NA,NA,NA,NA,NA,NA,NA,NA,NA,NA,NA,NA,-68268.26,231128.77,1.0,S,-0.30207194690265504,1.02269367256637,NA,NA,NA,NA,NA,NA,NA,NA,NA,NA,NA,NA,NA,NA,NA,NA,NA,NA
NA,Sky-H2-5,-57.068619999999996,234.14576,NA,NA,NA,NA,269.7059629,-20.970656182,NA,NA,NA,NA,NA,NA,NA,NA,NA,NA,NA,NA,NA,NA,NA,NA,NA,NA,NA,NA,-57068.62,234145.76,1.0,S,-0.25251601769911497,1.03604318584071,NA,NA,NA,NA,NA,NA,NA,NA,NA,NA,NA,NA,NA,NA,NA,NA,NA,NA
NA,Sky-H2-6,-45.73679,236.62039,NA,NA,NA,NA,269.75653589999996,-20.960427687,NA,NA,NA,NA,NA,NA,NA,NA,NA,NA,NA,NA,NA,NA,NA,NA,NA,NA,NA,NA,-45736.79,236620.39,1.0,S,-0.20237517699115,1.04699287610619,NA,NA,NA,NA,NA,NA,NA,NA,NA,NA,NA,NA,NA,NA,NA,NA,NA,NA
NA,Sky-H2-7,-34.29902,238.54692999999997,NA,NA,NA,NA,269.8075714,-20.952469197,NA,NA,NA,NA,NA,NA,NA,NA,NA,NA,NA,NA,NA,NA,NA,NA,NA,NA,NA,NA,-34299.02,238546.93,1.0,S,-0.151765575221239,1.05551738938053,NA,NA,NA,NA,NA,NA,NA,NA,NA,NA,NA,NA,NA,NA,NA,NA,NA,NA
NA,Sky-H2-8,-22.783260000000002,239.92078999999998,NA,NA,NA,NA,269.8589467,-20.946799275,NA,NA,NA,NA,NA,NA,NA,NA,NA,NA,NA,NA,NA,NA,NA,NA,NA,NA,NA,NA,-22783.26,239920.79,1.0,S,-0.10081088495575201,1.0615964159292,NA,NA,NA,NA,NA,NA,NA,NA,NA,NA,NA,NA,NA,NA,NA,NA,NA,NA
NA,Sky-H3-1,184.61356,154.91577,NA,NA,NA,NA,270.785661,-21.299257047,NA,NA,NA,NA,NA,NA,NA,NA,NA,NA,NA,NA,NA,NA,NA,NA,NA,NA,NA,NA,184613.56,154915.77,1.0,S,0.8168741592920351,0.685468008849557,NA,NA,NA,NA,NA,NA,NA,NA,NA,NA,NA,NA,NA,NA,NA,NA,NA,NA
NA,Sky-H3-2,191.8534,145.85381999999998,NA,NA,NA,NA,270.8182132,-21.336846113,NA,NA,NA,NA,NA,NA,NA,NA,NA,NA,NA,NA,NA,NA,NA,NA,NA,NA,NA,NA,191853.4,145853.82,1.0,S,0.848908849557522,0.645370884955752,NA,NA,NA,NA,NA,NA,NA,NA,NA,NA,NA,NA,NA,NA,NA,NA,NA,NA
NA,Sky-H3-3,198.64883999999998,136.45401999999999,NA,NA,NA,NA,270.8488019,-21.375843695,NA,NA,NA,NA,NA,NA,NA,NA,NA,NA,NA,NA,NA,NA,NA,NA,NA,NA,NA,NA,198648.84,136454.02,1.0,S,0.878977168141593,0.6037788495575219,NA,NA,NA,NA,NA,NA,NA,NA,NA,NA,NA,NA,NA,NA,NA,NA,NA,NA
NA,Sky-H3-4,204.98415,126.73816000000001,NA,NA,NA,NA,270.87735580000003,-21.416160357,NA,NA,NA,NA,NA,NA,NA,NA,NA,NA,NA,NA,NA,NA,NA,NA,NA,NA,NA,NA,204984.15,126738.16,1.0,S,0.907009513274336,0.5607883185840711,NA,NA,NA,NA,NA,NA,NA,NA,NA,NA,NA,NA,NA,NA,NA,NA,NA,NA
NA,Sky-H3-5,210.84465,116.72873,NA,NA,NA,NA,270.9038079,-21.457703719,NA,NA,NA,NA,NA,NA,NA,NA,NA,NA,NA,NA,NA,NA,NA,NA,NA,NA,NA,NA,210844.65,116728.73,1.0,S,0.9329409292035401,0.516498805309734,NA,NA,NA,NA,NA,NA,NA,NA,NA,NA,NA,NA,NA,NA,NA,NA,NA,NA
NA,Sky-H3-6,216.21677000000003,106.44891000000001,NA,NA,NA,NA,270.928096,-21.500378492,NA,NA,NA,NA,NA,NA,NA,NA,NA,NA,NA,NA,NA,NA,NA,NA,NA,NA,NA,NA,216216.77,106448.91,1.0,S,0.9567113716814158,0.471012876106195,NA,NA,NA,NA,NA,NA,NA,NA,NA,NA,NA,NA,NA,NA,NA,NA,NA,NA
NA,Sky-H3-7,221.08806,95.92253000000001,NA,NA,NA,NA,270.9501628,-21.544086634,NA,NA,NA,NA,NA,NA,NA,NA,NA,NA,NA,NA,NA,NA,NA,NA,NA,NA,NA,NA,221088.06,95922.53,1.0,S,0.9782657522123891,0.424435973451327,NA,NA,NA,NA,NA,NA,NA,NA,NA,NA,NA,NA,NA,NA,NA,NA,NA,NA
NA,Sky-H3-8,225.44672000000003,85.17533,NA,NA,NA,NA,270.9699534,-21.588722102,NA,NA,NA,NA,NA,NA,NA,NA,NA,NA,NA,NA,NA,NA,NA,NA,NA,NA,NA,NA,225446.72,85175.33,1.0,S,0.99755185840708,0.37688199115044196,NA,NA,NA,NA,NA,NA,NA,NA,NA,NA,NA,NA,NA,NA,NA,NA,NA,NA
NA,Sky-H4-1,239.9828,-22.12059,NA,NA,NA,NA,271.03809920000003,-22.034955181999997,NA,NA,NA,NA,NA,NA,NA,NA,NA,NA,NA,NA,NA,NA,NA,NA,NA,NA,NA,NA,239982.8,-22120.59,1.0,S,1.06187079646018,-0.0978787168141593,NA,NA,NA,NA,NA,NA,NA,NA,NA,NA,NA,NA,NA,NA,NA,NA,NA,NA
NA,Sky-H4-2,238.64054,-33.64155,NA,NA,NA,NA,271.03240719999997,-22.082938685,NA,NA,NA,NA,NA,NA,NA,NA,NA,NA,NA,NA,NA,NA,NA,NA,NA,NA,NA,NA,238640.54,-33641.55,1.0,S,1.0559315929203499,-0.148856415929204,NA,NA,NA,NA,NA,NA,NA,NA,NA,NA,NA,NA,NA,NA,NA,NA,NA,NA
NA,Sky-H4-3,236.74552000000003,-45.084590000000006,NA,NA,NA,NA,271.0242273,-22.130611464,NA,NA,NA,NA,NA,NA,NA,NA,NA,NA,NA,NA,NA,NA,NA,NA,NA,NA,NA,NA,236745.52,-45084.59,1.0,S,1.04754654867257,-0.199489336283186,NA,NA,NA,NA,NA,NA,NA,NA,NA,NA,NA,NA,NA,NA,NA,NA,NA,NA
NA,Sky-H4-4,234.30212999999998,-56.423190000000005,NA,NA,NA,NA,271.0135759,-22.177862854,NA,NA,NA,NA,NA,NA,NA,NA,NA,NA,NA,NA,NA,NA,NA,NA,NA,NA,NA,NA,234302.13,-56423.19,1.0,S,1.03673508849558,-0.24966013274336302,NA,NA,NA,NA,NA,NA,NA,NA,NA,NA,NA,NA,NA,NA,NA,NA,NA,NA
NA,Sky-H4-5,231.31601,-67.6311,NA,NA,NA,NA,271.0004755,-22.224583188,NA,NA,NA,NA,NA,NA,NA,NA,NA,NA,NA,NA,NA,NA,NA,NA,NA,NA,NA,NA,231316.01,-67631.1,1.0,S,1.0235221681415898,-0.29925265486725705,NA,NA,NA,NA,NA,NA,NA,NA,NA,NA,NA,NA,NA,NA,NA,NA,NA,NA
NA,Sky-H4-6,227.79408999999998,-78.68236,NA,NA,NA,NA,270.9849542,-22.27066388,NA,NA,NA,NA,NA,NA,NA,NA,NA,NA,NA,NA,NA,NA,NA,NA,NA,NA,NA,NA,227794.09,-78682.36,1.0,S,1.00793845132743,-0.34815203539823,NA,NA,NA,NA,NA,NA,NA,NA,NA,NA,NA,NA,NA,NA,NA,NA,NA,NA
NA,Sky-H4-7,223.74452999999997,-89.55136,NA,NA,NA,NA,270.967046,-22.315997681,NA,NA,NA,NA,NA,NA,NA,NA,NA,NA,NA,NA,NA,NA,NA,NA,NA,NA,NA,NA,223744.53,-89551.36,1.0,S,0.9900200442477879,-0.396244955752212,NA,NA,NA,NA,NA,NA,NA,NA,NA,NA,NA,NA,NA,NA,NA,NA,NA,NA
NA,Sky-H4-8,219.17732,-100.21161,NA,NA,NA,NA,270.94679310000004,-22.36047355,NA,NA,NA,NA,NA,NA,NA,NA,NA,NA,NA,NA,NA,NA,NA,NA,NA,NA,NA,NA,219177.32,-100211.61,1.0,S,0.969811150442478,-0.44341420353982297,NA,NA,NA,NA,NA,NA,NA,NA,NA,NA,NA,NA,NA,NA,NA,NA,NA,NA
NA,Sky-H5-1,41.83481,-237.34134,NA,NA,NA,NA,270.1495194,-22.933852217,NA,NA,NA,NA,NA,NA,NA,NA,NA,NA,NA,NA,NA,NA,NA,NA,NA,NA,NA,NA,41834.81,-237341.34,1.0,S,0.185109778761062,-1.0501829203539799,NA,NA,NA,NA,NA,NA,NA,NA,NA,NA,NA,NA,NA,NA,NA,NA,NA,NA
NA,Sky-H5-2,30.366870000000002,-239.07931000000002,NA,NA,NA,NA,270.0977148,-22.941143627,NA,NA,NA,NA,NA,NA,NA,NA,NA,NA,NA,NA,NA,NA,NA,NA,NA,NA,NA,NA,30366.87,-239079.31,1.0,S,0.134366681415929,-1.05787305309735,NA,NA,NA,NA,NA,NA,NA,NA,NA,NA,NA,NA,NA,NA,NA,NA,NA,NA
NA,Sky-H5-3,18.8286,-240.26349,NA,NA,NA,NA,270.04558439999994,-22.946115916999997,NA,NA,NA,NA,NA,NA,NA,NA,NA,NA,NA,NA,NA,NA,NA,NA,NA,NA,NA,NA,18828.6,-240263.49,1.0,S,0.083312389380531,-1.06311278761062,NA,NA,NA,NA,NA,NA,NA,NA,NA,NA,NA,NA,NA,NA,NA,NA,NA,NA
NA,Sky-H5-4,7.2467,-240.89115,NA,NA,NA,NA,269.9932515,-22.948757299,NA,NA,NA,NA,NA,NA,NA,NA,NA,NA,NA,NA,NA,NA,NA,NA,NA,NA,NA,NA,7246.7,-240891.15,1.0,S,0.0320650442477876,-1.0658900442477899,NA,NA,NA,NA,NA,NA,NA,NA,NA,NA,NA,NA,NA,NA,NA,NA,NA,NA
NA,Sky-H5-5,-4.35197,-240.96083,NA,NA,NA,NA,269.94083969999997,-22.949061409000002,NA,NA,NA,NA,NA,NA,NA,NA,NA,NA,NA,NA,NA,NA,NA,NA,NA,NA,NA,NA,-4351.97,-240960.83,1.0,S,-0.0192565044247788,-1.06619836283186,NA,NA,NA,NA,NA,NA,NA,NA,NA,NA,NA,NA,NA,NA,NA,NA,NA,NA
NA,Sky-H5-6,-15.940570000000001,-240.47237,NA,NA,NA,NA,269.88847289999995,-22.947027429000002,NA,NA,NA,NA,NA,NA,NA,NA,NA,NA,NA,NA,NA,NA,NA,NA,NA,NA,NA,NA,-15940.57,-240472.37,1.0,S,-0.0705334955752212,-1.06403703539823,NA,NA,NA,NA,NA,NA,NA,NA,NA,NA,NA,NA,NA,NA,NA,NA,NA,NA
NA,Sky-H5-7,-27.492240000000002,-239.4269,NA,NA,NA,NA,269.8362748,-22.94266005,NA,NA,NA,NA,NA,NA,NA,NA,NA,NA,NA,NA,NA,NA,NA,NA,NA,NA,NA,NA,-27492.24,-239426.9,1.0,S,-0.121647079646018,-1.0594110619469,NA,NA,NA,NA,NA,NA,NA,NA,NA,NA,NA,NA,NA,NA,NA,NA,NA,NA
NA,Sky-H5-8,-38.978790000000004,-237.82707000000002,NA,NA,NA,NA,269.7843754,-22.935970434,NA,NA,NA,NA,NA,NA,NA,NA,NA,NA,NA,NA,NA,NA,NA,NA,NA,NA,NA,NA,-38978.79,-237827.07,1.0,S,-0.17247252212389402,-1.0523321681415898,NA,NA,NA,NA,NA,NA,NA,NA,NA,NA,NA,NA,NA,NA,NA,NA,NA,NA
NA,Sky-H6-1,-58.36925,-233.82492000000002,NA,NA,NA,NA,269.6967808,-22.919226499,NA,NA,NA,NA,NA,NA,NA,NA,NA,NA,NA,NA,NA,NA,NA,NA,NA,NA,NA,NA,-58369.25,-233824.92,1.0,S,-0.258271017699115,-1.03462353982301,NA,NA,NA,NA,NA,NA,NA,NA,NA,NA,NA,NA,NA,NA,NA,NA,NA,NA
NA,Sky-H6-2,-69.55194,-230.74572999999998,NA,NA,NA,NA,269.646278,-22.906340881,NA,NA,NA,NA,NA,NA,NA,NA,NA,NA,NA,NA,NA,NA,NA,NA,NA,NA,NA,NA,-69551.94,-230745.73,1.0,S,-0.307751946902655,-1.02099880530973,NA,NA,NA,NA,NA,NA,NA,NA,NA,NA,NA,NA,NA,NA,NA,NA,NA,NA
NA,Sky-H6-3,-80.57354000000001,-227.13205,NA,NA,NA,NA,269.59651569999994,-22.891217359000002,NA,NA,NA,NA,NA,NA,NA,NA,NA,NA,NA,NA,NA,NA,NA,NA,NA,NA,NA,NA,-80573.54,-227132.05,1.0,S,-0.35652008849557504,-1.0050090707964598,NA,NA,NA,NA,NA,NA,NA,NA,NA,NA,NA,NA,NA,NA,NA,NA,NA,NA
NA,Sky-H6-4,-91.4085,-222.99226000000002,NA,NA,NA,NA,269.5476115,-22.873891549,NA,NA,NA,NA,NA,NA,NA,NA,NA,NA,NA,NA,NA,NA,NA,NA,NA,NA,NA,NA,-91408.5,-222992.26,1.0,S,-0.40446238938053103,-0.9866914159292041,NA,NA,NA,NA,NA,NA,NA,NA,NA,NA,NA,NA,NA,NA,NA,NA,NA,NA
NA,Sky-H6-5,-102.03171999999999,-218.33596,NA,NA,NA,NA,269.4996805,-22.854404257,NA,NA,NA,NA,NA,NA,NA,NA,NA,NA,NA,NA,NA,NA,NA,NA,NA,NA,NA,NA,-102031.72,-218335.96,1.0,S,-0.45146778761061995,-0.966088318584071,NA,NA,NA,NA,NA,NA,NA,NA,NA,NA,NA,NA,NA,NA,NA,NA,NA,NA
NA,Sky-H6-6,-112.41861000000002,-213.17391,NA,NA,NA,NA,269.45283539999997,-22.83280123,NA,NA,NA,NA,NA,NA,NA,NA,NA,NA,NA,NA,NA,NA,NA,NA,NA,NA,NA,NA,-112418.61,-213173.91,1.0,S,-0.49742747787610603,-0.9432473893805309,NA,NA,NA,NA,NA,NA,NA,NA,NA,NA,NA,NA,NA,NA,NA,NA,NA,NA
NA,Sky-H6-7,-122.54511000000001,-207.51809,NA,NA,NA,NA,269.4071861,-22.809133379000002,NA,NA,NA,NA,NA,NA,NA,NA,NA,NA,NA,NA,NA,NA,NA,NA,NA,NA,NA,NA,-122545.11,-207518.09,1.0,S,-0.542235,-0.9182216371681421,NA,NA,NA,NA,NA,NA,NA,NA,NA,NA,NA,NA,NA,NA,NA,NA,NA,NA
NA,Sky-H6-8,-132.38652,-201.3824,NA,NA,NA,NA,269.3628455,-22.78345972,NA,NA,NA,NA,NA,NA,NA,NA,NA,NA,NA,NA,NA,NA,NA,NA,NA,NA,NA,NA,-132386.52,-201382.4,1.0,S,-0.5857810619469029,-0.891072566371681,NA,NA,NA,NA,NA,NA,NA,NA,NA,NA,NA,NA,NA,NA,NA,NA,NA,NA
NA,Sky-H7-1,-207.18967,-123.09956000000001,NA,NA,NA,NA,269.02709689999995,-22.45617981,NA,NA,NA,NA,NA,NA,NA,NA,NA,NA,NA,NA,NA,NA,NA,NA,NA,NA,NA,NA,-207189.67,-123099.56,1.0,S,-0.916768451327434,-0.5446883185840711,NA,NA,NA,NA,NA,NA,NA,NA,NA,NA,NA,NA,NA,NA,NA,NA,NA,NA
NA,Sky-H7-2,-212.87255,-112.98823,NA,NA,NA,NA,269.0017563,-22.413949019,NA,NA,NA,NA,NA,NA,NA,NA,NA,NA,NA,NA,NA,NA,NA,NA,NA,NA,NA,NA,-212872.55,-112988.23,1.0,S,-0.941913938053097,-0.49994792035398206,NA,NA,NA,NA,NA,NA,NA,NA,NA,NA,NA,NA,NA,NA,NA,NA,NA,NA
NA,Sky-H7-3,-218.06235,-102.61518000000001,NA,NA,NA,NA,268.9786571,-22.370635610999997,NA,NA,NA,NA,NA,NA,NA,NA,NA,NA,NA,NA,NA,NA,NA,NA,NA,NA,NA,NA,-218062.35,-102615.18,1.0,S,-0.9648776548672571,-0.454049469026549,NA,NA,NA,NA,NA,NA,NA,NA,NA,NA,NA,NA,NA,NA,NA,NA,NA,NA
NA,Sky-H7-4,-222.74704,-92.00444,NA,NA,NA,NA,268.9578512,-22.326340782,NA,NA,NA,NA,NA,NA,NA,NA,NA,NA,NA,NA,NA,NA,NA,NA,NA,NA,NA,NA,-222747.04,-92004.44,1.0,S,-0.9856063716814158,-0.40709929203539796,NA,NA,NA,NA,NA,NA,NA,NA,NA,NA,NA,NA,NA,NA,NA,NA,NA,NA
NA,Sky-H7-5,-226.91579,-81.18059000000001,NA,NA,NA,NA,268.9393852,-22.281167932,NA,NA,NA,NA,NA,NA,NA,NA,NA,NA,NA,NA,NA,NA,NA,NA,NA,NA,NA,NA,-226915.79,-81180.59,1.0,S,-1.00405216814159,-0.359206150442478,NA,NA,NA,NA,NA,NA,NA,NA,NA,NA,NA,NA,NA,NA,NA,NA,NA,NA
NA,Sky-H7-6,-230.55892000000003,-70.1687,NA,NA,NA,NA,268.92330019999997,-22.235222419,NA,NA,NA,NA,NA,NA,NA,NA,NA,NA,NA,NA,NA,NA,NA,NA,NA,NA,NA,NA,-230558.92,-70168.7,1.0,S,-1.02017221238938,-0.31048097345132697,NA,NA,NA,NA,NA,NA,NA,NA,NA,NA,NA,NA,NA,NA,NA,NA,NA,NA
NA,Sky-H7-7,-233.66801,-58.99428,NA,NA,NA,NA,268.9096315,-22.18861133,NA,NA,NA,NA,NA,NA,NA,NA,NA,NA,NA,NA,NA,NA,NA,NA,NA,NA,NA,NA,-233668.01,-58994.28,1.0,S,-1.03392924778761,-0.261036637168142,NA,NA,NA,NA,NA,NA,NA,NA,NA,NA,NA,NA,NA,NA,NA,NA,NA,NA
NA,Sky-H7-8,-236.23556000000002,-47.68464,NA,NA,NA,NA,268.8984099,-22.141449152,NA,NA,NA,NA,NA,NA,NA,NA,NA,NA,NA,NA,NA,NA,NA,NA,NA,NA,NA,NA,-236235.56,-47684.64,1.0,S,-1.04529008849558,-0.210993982300885,NA,NA,NA,NA,NA,NA,NA,NA,NA,NA,NA,NA,NA,NA,NA,NA,NA,NA
