#OBSTEMP,8
#CONFIGTEMP,19
#EQUINOX,J2000.0
#CENTRE,16 00 17.45,-21 52 19.9 #Field centre
#UTTIME,14 00 00.00 #Target observing time
#UTDATE,2021 07 10 #Target observing date
#PLATEID,a test_plateID
#LABEL,240_m20_comissioning_within_half_radius Tile 006
#TILING_DATE,2021 06 16 # Date the tile was created/configured
#PROXIMITY,220 # tiling proximity value in arcseconds
"ID","RA","DEC","g_mag","r_mag","i_mag","z_mag","y_mag","GAIA_g_mag","GAIA_bp_mag","GAIA_rp_mag","pmRA","pmDEC","Re","GAL_MU_E_R","Mstar","priority","remaining_observations","Tile_number","COMPLETED","MagnetX_noDC","MagnetY_noDC","type","MagnetX","MagnetY","SkyFibrePosition","fibre_type","x","y","grads","gangs","gazAngs","gangs_gazAng"
"6243564481837370624",240.48537,-21.617958,NA,10.6978998184204,NA,NA,NA,NA,NA,NA,-11.7230724170359,-23.547779629735,NA,NA,NA,NA,NA,NA,NA,93263.8812244879,57457.3083265301,2,89708.92,59324.61,NA,"G",-151.05068,-105.76421,184.397331990966,2.46929773335612,0.610853622473054,1.85844411088306
"6243203120476661376",239.97186,-22.79337,NA,11.6497001647949,NA,NA,NA,NA,NA,NA,-6.3634313784849,-10.2514756752206,NA,NA,NA,NA,NA,NA,NA,-22789.3787755114,-208185.803673469,2,-22231.27,-219871.58,NA,"G",2.18515,181.67478,181.687920810853,2.80061137943322,4.70036174889331,4.38343493771949
"6243227172292998528",240.48427,-22.491997,NA,11.87380027771,NA,NA,NA,NA,NA,NA,-5.60784288000512,3.53525769502851,NA,NA,NA,NA,NA,NA,NA,93015.2812244925,-140075.50567347,2,89761.12,-146498.75,NA,"G",157.61099,-135.61159,207.922407429089,0.520699132197995,2.43108047292446,4.37280396645312
"6243232081430715392",240.7765,-22.371107,NA,12.2285995483398,NA,NA,NA,NA,NA,NA,-17.3132852790657,-9.67093476320869,NA,NA,NA,NA,NA,NA,NA,159059.26122449,-112754.365673469,2,154385.98,-118748.48,NA,"G",-145.96392,133.46726,197.785174959283,3.08176329789106,-0.740706161882791,3.82246945977385
"6243410511552109568",239.88884,-22.353481,NA,12.4773998260498,NA,NA,NA,NA,NA,NA,0.79299492387791,-5.12680770111516,NA,NA,NA,NA,NA,NA,NA,-41551.8987755124,-108770.889673469,2,-39848.87,-112759.87,NA,"G",154.38598,-118.74848,194.772257580156,4.53588041668192,2.48593758452369,2.04994283215823
"6246531136010824192",239.54382,-21.518038,NA,12.8070001602173,NA,NA,NA,NA,NA,NA,41.8750318719462,-29.4161833239491,NA,NA,NA,NA,NA,NA,NA,-119526.418775507,80039.2283265303,2,-115539.07,82999.05,NA,"G",-39.84887,-112.75987,119.59398280304,5.31666766028572,1.2310994611805,4.08556819910522
