#OBSTEMP,8
#CONFIGTEMP,19
#EQUINOX,J2000.0
#CENTRE,15 59 33.84,-22 01 08.6 #Field centre
#UTTIME,12 00 00.00 #Target observing time
#UTDATE,2021 07 10 #Target observing date
#PLATEID,a test_plateID
#LABEL,240_m20_comissioning_within_half_radius Tile 002
#TILING_DATE,2021 06 09 # Date the tile was created/configured
#PROXIMITY,220 # tiling proximity value in arcseconds
"probe","ID","x","y","rads","angs","azAngs","angs_azAng","RA","DEC","g_mag","r_mag","i_mag","z_mag","y_mag","GAIA_g_mag","GAIA_bp_mag","GAIA_rp_mag","pmRA","pmDEC","Re","GAL_MU_E_R","Mstar","priority","remaining_observations","Tile_number","COMPLETED","MagnetX_noDC","MagnetY_noDC","type","MagnetX","MagnetY","Position","fibre_type","fraction_plate_radius_X","fraction_plate_radius_Y"
1,"6243440924222820352",84.5884,-23.23704,87.7220465021285,1.17556894750938,2.87349870454766,4.5852555501413,240.28192,-22.11811,17.486499786377,16.9447002410889,16.7061004638672,16.5909004211426,16.5116996765137,16.963907,17.400488,16.332142,-5.64665440367947,-5.45440223745613,1,19,-99,1,1,-999,"False",88348.3351020402,-22383.6949387754,1,84588.4,-23237.04,NA,"P",0.374284955752212,-0.102818761061947
2,"6243633647996786560",17.66653,180.97099,181.83125557456,0.308370725589922,4.61507653757278,1.97647949519673,239.97119,-21.25369,16.9297008514404,16.2870998382568,16.0198001861572,15.8882999420166,15.8044004440308,16.31948,16.831734,15.6430645,-0.333299871284292,-4.49494608069899,1,19,-99,1,1,-999,"False",18123.3551020387,172975.225061225,1,17666.53,180970.99,NA,"P",0.0781704867256637,0.800756592920354
3,"6243528404117269504",-26.94179,74.15718,78.8996032560145,-0.170925483964822,-1.22231664006738,1.05139115610255,239.76672,-21.701157,18.1322994232178,17.5802993774414,17.3227005004883,17.1996994018555,17.1082992553711,17.602058,18.07819,16.94344,-5.13346087766198,-3.2942647513206,1,19,-99,1,1,-999,"False",-28086.8648979647,71847.6830612253,1,-26941.79,74157.18,NA,"P",-0.119211460176991,0.328129115044248
4,"6243537853046052736",135.14604,13.02509,135.772254519065,4.16763592580165,3.23767378607051,0.929962139731141,240.5117,-21.962452,17.0140991210938,16.2898006439209,15.9841003417969,15.8407001495361,15.7334003448486,16.323088,16.878595,15.612473,-2.49429683685455,-3.40557088650095,1,19,-99,1,1,-999,"False",140278.615102035,12795.0130612251,1,135146.04,13025.09,NA,"P",0.597991327433628,0.0576331415929204
5,"6243627394524198144",33.95994,136.49474,140.655933299919,-0.100686656788874,4.46853971161561,1.71395893877511,240.04636,-21.43783,17.608699798584,17.0235004425049,16.7763996124268,16.6742992401123,16.5944004058838,17.056477,17.531431,16.396591,-5.712905102726,2.05227397878439,1,19,-99,1,1,-999,"False",35111.7751020354,131359.585061225,1,33959.94,136494.74,NA,"P",0.150265221238938,0.603959026548673
6,"6237410274742148224",-82.42711,-107.93727,135.811202476103,2.18028879787236,0.918611539482769,1.26167725838959,239.51102,-22.47836,18.9309997558594,17.7763996124268,17.2535991668701,17.0000991821289,16.8325996398926,17.752108,18.522379,16.847973,-8.97888294836625,-5.65130195980158,1,19,-99,1,1,-999,"False",-85875.0648979561,-103800.194938775,1,-82427.11,-107937.27,NA,"P",-0.364721725663717,-0.477598539823009
7,"6243210095503164160",20.46581,-139.28755,140.783063484066,1.33901864990579,1.71668452562281,5.90551943146256,239.98532,-22.611778,18.2404003143311,17.5811004638672,17.2817001342773,17.1429004669189,17.0475006103516,17.621658,17.757349,16.851812,-2.77031219424669,-6.02745275042852,1,19,-99,1,1,-999,"False",21316.7351020438,-133952.662938775,1,20465.81,-139287.55,NA,"P",0.0905566814159292,-0.616316592920354
8,"6243201746086603136",99.77543,-131.66317,165.197841287754,0.757387683410262,2.21927598367996,4.82129700690989,240.3491,-22.576662,15.0583000183105,14.2716999053955,13.9519996643066,13.8145999908447,13.6795997619629,14.298462,14.88413,13.57147,-8.1310837940541,-5.79027069757404,1,19,-99,1,1,-999,"False",103531.015102035,-126016.446938775,1,99775.43,-131663.17,NA,"P",0.441484203539823,-0.582580398230089
9,"6243621519009819392",79.89608,151.09932,170.922169725957,-0.0461113614387358,4.22599481077791,2.01107913496294,240.25461,-21.378372,18.2394008636475,17.6296997070313,17.347900390625,17.2129993438721,17.1077995300293,17.651533,18.14631,16.967838,-0.579902384846629,-3.74608555922052,1,19,-99,1,1,-999,"False",82176.2751020402,144797.093061225,1,79896.08,151099.32,NA,"P",0.353522477876106,0.668581061946903
10,"6243520741895485952",-73.14435,51.43262,89.4170584228026,-0.465464784931797,-0.612847637565145,0.147382852633348,239.55368,-21.798471,18.5860996246338,17.9769992828369,17.6853008270264,17.5030994415283,17.3684997558594,18.005518,18.44432,17.27196,-14.2734365956204,-0.640897062599648,1,19,-99,1,1,-999,"False",-76233.9048979597,49854.7190612251,1,-73144.35,51432.62,NA,"P",-0.323647566371681,0.22757796460177
11,"6243451610101573632",37.33779,-9.45886,38.5172765727758,-0.294515323029261,2.89348038232468,3.09518960182565,240.06424,-22.05966,18.1802997589111,17.6669998168945,17.4178009033203,17.3118991851807,17.2089004516602,17.702003,18.117908,17.056767,-3.57858653423707,-7.37701611920123,1,19,-99,1,1,-999,"False",39152.6551020398,-9173.9949387753,1,37337.79,-9458.86,NA,"P",0.165211460176991,-0.0418533628318584
12,"6243616914804845952",97.27116,124.97815,158.370504025112,3.02052108612586,4.05101719133377,5.25268920197168,240.335,-21.487692,17.5713996887207,16.8955993652344,16.5860996246338,16.4302005767822,16.3094997406006,16.976677,17.450983,16.177185,-1.83303567230798,1.85356781817616,1,19,-99,1,1,-999,"False",100344.415102039,120090.773061224,1,97271.16,124978.15,NA,"P",0.430403362831858,0.553000663716814
13,"6243462257319635968",62.28263,48.42896,78.8954381849705,3.59227661769982,3.80250490089976,6.07295702397965,240.17851,-21.811283,17.770299911499,17.1825008392334,16.9158000946045,16.7765007019043,16.6783008575439,17.19894,17.67535,16.530663,-7.41378690097584,-0.622595841635268,1,19,-99,1,1,-999,"False",64977.6751020345,46959.207061225,1,62282.63,48428.96,NA,"P",0.27558685840708,0.214287433628319
14,"6237414638423644928",-107.51227,-90.58885,140.588861382669,-1.16193962721686,0.700176886336494,4.42106879362623,239.39598,-22.403898,18.2457008361816,17.4953994750977,17.1608009338379,16.9925994873047,16.8752994537354,17.522898,18.093092,16.77146,-3.10072899743784,-4.78563298565537,1,19,-99,1,1,-999,"False",-111874.104897961,-86971.7829387755,1,-107512.27,-90588.85,NA,"P",-0.475718008849558,-0.400835619469027
15,"6243214253031454464",66.31073,-124.75568,141.283730858848,0.990943912841423,2.05934451901928,5.21478470100173,240.19649,-22.549639,17.4589004516602,16.9388008117676,16.706600189209,16.5984001159668,16.5084991455078,16.959915,17.285378,16.30366,0.569698626258001,-11.5668414542546,1,19,-99,1,1,-999,"False",69041.1551020396,-119909.248938777,1,66310.73,-124755.68,NA,"P",0.293410309734513,-0.552016283185841
16,"6243608049991464448",45.25689,88.11695,99.0594920730699,-0.102893665975042,4.23792044086588,1.94237120033866,240.09946,-21.641699,18.181999206543,17.7957000732422,17.6103000640869,17.540599822998,17.502799987793,17.794044,18.1244,17.238352,-3.54886330054785,-7.95002536747002,1,19,-99,1,1,-999,"False",47112.3751020356,85285.1910612251,1,45256.89,88116.95,NA,"P",0.200251725663717,0.389898008849558
17,"6243420475876600832",-89.36851,-63.56643,109.669601998754,-1.02865715079001,0.618259328895105,4.63626882749447,239.47807,-22.29028,18.6179008483887,17.8983001708984,17.5862998962402,17.4248008728027,17.2966003417969,17.937092,18.48392,17.204891,-5.11388643762431,5.03743428435213,1,19,-99,1,1,-999,"False",-93321.764897956,-61294.1149387749,1,-89368.51,-63566.43,NA,"P",-0.395435884955752,-0.281267389380531
18,"6243438519041179264",45.53209,-31.85686,55.5700526257417,-0.20923024483883,2.53109671374014,3.54285834860061,240.10208,-22.155725,17.9353008270264,17.2080001831055,16.9249992370605,16.7877006530762,16.6940002441406,17.257805,17.776033,16.55828,-12.6807880539382,-5.02731465642069,1,19,-99,1,1,-999,"False",47704.4951020372,-30884.6849387752,1,45532.09,-31856.86,NA,"P",0.201469424778761,-0.140959557522124
19,"6243464185765969408",27.80891,43.10954,51.3007593939866,-0.160004382224898,4.13948338466798,1.98369754028671,240.0197,-21.833832,18.7196998596191,17.4706993103027,16.8414001464844,16.5331993103027,16.3253002166748,17.419062,18.311693,16.435865,2.71297074405551,-2.15657830165924,1,19,-99,1,1,-999,"False",29086.6151020371,41863.1330612247,1,27808.91,43109.54,NA,"P",0.123048274336283,0.19075017699115
20,"6243232841650263296",175.73886,-77.83296,192.203320929846,4.60805521921402,2.72466722656894,1.88338799264508,240.50769,-22.314741,18.0125007629395,17.7985000610352,17.7339992523193,17.7360000610352,17.6746006011963,17.791971,18.015156,17.34382,-3.91842931313532,-2.81161550834129,NA,NA,NA,1,NA,NA,"",139372.355102036,-66822.3009387754,0,134222.96,-69826.56,NA,"P",0.593906902654867,-0.308967079646018
21,"6243235345607037184",134.22296,-69.82656,151.299542208809,0.860842685844919,2.66189380197675,4.48213419104776,240.69223,-22.34537,16.3421001434326,16.3966999053955,16.4997997283936,16.5643005371094,16.5316009521484,16.317966,16.38202,16.131584,-2.05610272542268,-0.0857020415833202,NA,NA,NA,1,NA,NA,"",181078.395102036,-73744.4549387757,0,175738.86,-77832.96,NA,"P",0.777605575221239,-0.344393628318584
NA,"Sky-A1-1",-226.46104,82.44066,NA,NA,NA,NA,238.8758952,-21.672480458,NA,NA,NA,NA,NA,NA,NA,NA,NA,NA,NA,NA,NA,NA,NA,NA,"",NA,NA,NA,-226461.04,82440.66,1,"S",-1.00204,0.364781681415929
NA,"Sky-A1-2",-222.23219,93.24117,NA,NA,NA,NA,238.8951452,-21.627601647,NA,NA,NA,NA,NA,NA,NA,NA,NA,NA,NA,NA,NA,NA,NA,NA,"",NA,NA,NA,-222232.19,93241.17,1,"S",-0.983328274336283,0.412571548672566
NA,"Sky-A1-3",-217.48859,103.8257,NA,NA,NA,NA,238.9166844,-21.583632623,NA,NA,NA,NA,NA,NA,NA,NA,NA,NA,NA,NA,NA,NA,NA,NA,"",NA,NA,NA,-217488.59,103825.7,1,"S",-0.96233889380531,0.459405752212389
NA,"Sky-A1-4",-212.24121,114.16975,NA,NA,NA,NA,238.9404616,-21.540674466,NA,NA,NA,NA,NA,NA,NA,NA,NA,NA,NA,NA,NA,NA,NA,NA,"",NA,NA,NA,-212241.21,114169.75,1,"S",-0.939120398230089,0.505175884955752
NA,"Sky-A1-5",-206.50222,124.24934,NA,NA,NA,NA,238.9664201,-21.498826007,NA,NA,NA,NA,NA,NA,NA,NA,NA,NA,NA,NA,NA,NA,NA,NA,"",NA,NA,NA,-206502.22,124249.34,1,"S",-0.913726637168142,0.549775840707965
NA,"Sky-A1-6",-200.2849,134.04112,NA,NA,NA,NA,238.9944988,-21.458183375,NA,NA,NA,NA,NA,NA,NA,NA,NA,NA,NA,NA,NA,NA,NA,NA,"",NA,NA,NA,-200284.9,134041.12,1,"S",-0.886216371681416,0.593102300884956
NA,"Sky-A1-7",-193.60365,143.52243,NA,NA,NA,NA,239.0246316,-21.418839768,NA,NA,NA,NA,NA,NA,NA,NA,NA,NA,NA,NA,NA,NA,NA,NA,"",NA,NA,NA,-193603.65,143522.43,1,"S",-0.856653318584071,0.635055
NA,"Sky-A2-1",-3.01251,240.9813,NA,NA,NA,NA,239.8775878,-21.015161045,NA,NA,NA,NA,NA,NA,NA,NA,NA,NA,NA,NA,NA,NA,NA,NA,"",NA,NA,NA,-3012.51,240981.3,1,"S",-0.0133296902654867,1.0662889380531
NA,"Sky-A2-2",8.5856,240.84715,NA,NA,NA,NA,239.9293446,-21.015733999,NA,NA,NA,NA,NA,NA,NA,NA,NA,NA,NA,NA,NA,NA,NA,NA,"",NA,NA,NA,8585.6,240847.15,1,"S",0.0379893805309735,1.0656953539823
NA,"Sky-A2-3",20.16382,240.15512,NA,NA,NA,NA,239.9810126,-21.018616097,NA,NA,NA,NA,NA,NA,NA,NA,NA,NA,NA,NA,NA,NA,NA,NA,"",NA,NA,NA,20163.82,240155.12,1,"S",0.0892204424778761,1.06263327433628
NA,"Sky-A2-4",31.69534,238.90682,NA,NA,NA,NA,240.0324746,-21.023800644,NA,NA,NA,NA,NA,NA,NA,NA,NA,NA,NA,NA,NA,NA,NA,NA,"",NA,NA,NA,31695.34,238906.82,1,"S",0.140244867256637,1.05710982300885
NA,"Sky-A2-5",43.15344,237.10513,NA,NA,NA,NA,240.0836134,-21.031275777,NA,NA,NA,NA,NA,NA,NA,NA,NA,NA,NA,NA,NA,NA,NA,NA,"",NA,NA,NA,43153.44,237105.13,1,"S",0.190944424778761,1.04913774336283
NA,"Sky-A2-6",54.51158,234.75423,NA,NA,NA,NA,240.1343129,-21.041024344,NA,NA,NA,NA,NA,NA,NA,NA,NA,NA,NA,NA,NA,NA,NA,NA,"",NA,NA,NA,54511.58,234754.23,1,"S",0.241201681415929,1.03873553097345
NA,"Sky-A2-7",65.74346,231.85957,NA,NA,NA,NA,240.1844577,-21.053024024,NA,NA,NA,NA,NA,NA,NA,NA,NA,NA,NA,NA,NA,NA,NA,NA,"",NA,NA,NA,65743.46,231859.57,1,"S",0.290900265486726,1.02592730088496
NA,"Sky-A3-1",231.67752,66.38214,NA,NA,NA,NA,240.9293402,-21.739509866,NA,NA,NA,NA,NA,NA,NA,NA,NA,NA,NA,NA,NA,NA,NA,NA,"",NA,NA,NA,231677.52,66382.14,1,"S",1.0251217699115,0.293726283185841
NA,"Sky-A3-2",234.60313,55.15828,NA,NA,NA,NA,240.942763,-21.786156044,NA,NA,NA,NA,NA,NA,NA,NA,NA,NA,NA,NA,NA,NA,NA,NA,"",NA,NA,NA,234603.13,55158.28,1,"S",1.03806694690265,0.244063185840708
NA,"Sky-A3-3",236.98531,43.80666,NA,NA,NA,NA,240.9537617,-21.83334557,NA,NA,NA,NA,NA,NA,NA,NA,NA,NA,NA,NA,NA,NA,NA,NA,"",NA,NA,NA,236985.31,43806.66,1,"S",1.04860756637168,0.193834778761062
NA,"Sky-A3-4",238.81857,32.35357,NA,NA,NA,NA,240.9623089,-21.880969692,NA,NA,NA,NA,NA,NA,NA,NA,NA,NA,NA,NA,NA,NA,NA,NA,"",NA,NA,NA,238818.57,32353.57,1,"S",1.05671933628319,0.143157389380531
NA,"Sky-A3-5",240.09865,20.82553,NA,NA,NA,NA,240.9683826,-21.928918586,NA,NA,NA,NA,NA,NA,NA,NA,NA,NA,NA,NA,NA,NA,NA,NA,"",NA,NA,NA,240098.65,20825.53,1,"S",1.06238340707965,0.0921483628318584
NA,"Sky-A3-6",240.82258,9.24926,NA,NA,NA,NA,240.9719664,-21.97708148,NA,NA,NA,NA,NA,NA,NA,NA,NA,NA,NA,NA,NA,NA,NA,NA,"",NA,NA,NA,240822.58,9249.26,1,"S",1.06558663716814,0.0409259292035398
NA,"Sky-A3-7",240.98869,2.34844,NA,NA,NA,NA,240.9729128,-22.005798686,NA,NA,NA,NA,NA,NA,NA,NA,NA,NA,NA,NA,NA,NA,NA,NA,"",NA,NA,NA,240988.69,2348.44,1,"S",1.06632163716814,0.0103913274336283
NA,"Sky-A4-1",210.21182,-117.86456,NA,NA,NA,NA,240.837871,-22.506863654,NA,NA,NA,NA,NA,NA,NA,NA,NA,NA,NA,NA,NA,NA,NA,NA,"",NA,NA,NA,210211.82,-117864.56,1,"S",0.930140796460177,-0.521524601769911
NA,"Sky-A4-2",204.2974,-127.84223,NA,NA,NA,NA,240.8114896,-22.548523982,NA,NA,NA,NA,NA,NA,NA,NA,NA,NA,NA,NA,NA,NA,NA,NA,"",NA,NA,NA,204297.4,-127842.23,1,"S",0.903970796460177,-0.565673584070796
NA,"Sky-A4-3",197.90977,-137.52377,NA,NA,NA,NA,240.7829541,-22.588958998,NA,NA,NA,NA,NA,NA,NA,NA,NA,NA,NA,NA,NA,NA,NA,NA,"",NA,NA,NA,197909.77,-137523.77,1,"S",0.875706946902655,-0.608512256637168
NA,"Sky-A4-4",191.06371,-146.88677,NA,NA,NA,NA,240.7523292,-22.628074218,NA,NA,NA,NA,NA,NA,NA,NA,NA,NA,NA,NA,NA,NA,NA,NA,"",NA,NA,NA,191063.71,-146886.77,1,"S",0.845414646017699,-0.649941460176991
NA,"Sky-A4-5",183.77509,-155.90952,NA,NA,NA,NA,240.7196852,-22.665778011,NA,NA,NA,NA,NA,NA,NA,NA,NA,NA,NA,NA,NA,NA,NA,NA,"",NA,NA,NA,183775.09,-155909.52,1,"S",0.813164115044248,-0.689865132743363
NA,"Sky-A4-6",176.06079,-164.57115,NA,NA,NA,NA,240.6850969,-22.701982184,NA,NA,NA,NA,NA,NA,NA,NA,NA,NA,NA,NA,NA,NA,NA,NA,"",NA,NA,NA,176060.79,-164571.15,1,"S",0.779030044247788,-0.72819092920354
NA,"Sky-A4-7",167.93867,-172.85157,NA,NA,NA,NA,240.6486439,-22.736601759,NA,NA,NA,NA,NA,NA,NA,NA,NA,NA,NA,NA,NA,NA,NA,NA,"",NA,NA,NA,167938.67,-172851.57,1,"S",0.743091460176991,-0.764829955752212
NA,"Sky-A5-1",-148.4702,-189.83588,NA,NA,NA,NA,239.2205383,-22.807869356,NA,NA,NA,NA,NA,NA,NA,NA,NA,NA,NA,NA,NA,NA,NA,NA,"",NA,NA,NA,-148470.2,-189835.88,1,"S",-0.656947787610619,-0.839981769911504
NA,"Sky-A5-2",-157.43205,-182.47249,NA,NA,NA,NA,239.1802097,-22.777068351,NA,NA,NA,NA,NA,NA,NA,NA,NA,NA,NA,NA,NA,NA,NA,NA,"",NA,NA,NA,-157432.05,-182472.49,1,"S",-0.696601991150442,-0.807400398230088
NA,"Sky-A5-3",-166.02924,-174.68645,NA,NA,NA,NA,239.141552,-22.744504451,NA,NA,NA,NA,NA,NA,NA,NA,NA,NA,NA,NA,NA,NA,NA,NA,"",NA,NA,NA,-166029.24,-174686.45,1,"S",-0.734642654867257,-0.77294889380531
NA,"Sky-A5-4",-174.24185,-166.49577,NA,NA,NA,NA,239.1046549,-22.710254013,NA,NA,NA,NA,NA,NA,NA,NA,NA,NA,NA,NA,NA,NA,NA,NA,"",NA,NA,NA,-174241.85,-166495.77,1,"S",-0.770981637168142,-0.736706946902655
NA,"Sky-A5-5",-182.05086,-157.91943,NA,NA,NA,NA,239.069604,-22.674397441,NA,NA,NA,NA,NA,NA,NA,NA,NA,NA,NA,NA,NA,NA,NA,NA,"",NA,NA,NA,-182050.86,-157919.43,1,"S",-0.805534778761062,-0.698758539823009
NA,"Sky-A5-6",-189.43818,-148.97731,NA,NA,NA,NA,239.0364802,-22.637018889,NA,NA,NA,NA,NA,NA,NA,NA,NA,NA,NA,NA,NA,NA,NA,NA,"",NA,NA,NA,-189438.18,-148977.31,1,"S",-0.83822203539823,-0.659191637168142
NA,"Sky-A5-7",-196.38671,-139.6901,NA,NA,NA,NA,239.0053598,-22.598205871,NA,NA,NA,NA,NA,NA,NA,NA,NA,NA,NA,NA,NA,NA,NA,NA,"",NA,NA,NA,-196386.71,-139690.1,1,"S",-0.868967743362832,-0.61809778761062
NA,"Sky-H1-1",-181.17025,158.92893,NA,NA,NA,NA,239.0806163,-21.354931151,NA,NA,NA,NA,NA,NA,NA,NA,NA,NA,NA,NA,NA,NA,NA,NA,"",NA,NA,NA,-181170.25,158928.93,1,"S",-0.801638274336283,0.703225353982301
NA,"Sky-H1-2",-173.31368,167.46173,NA,NA,NA,NA,239.1159432,-21.319547789,NA,NA,NA,NA,NA,NA,NA,NA,NA,NA,NA,NA,NA,NA,NA,NA,"",NA,NA,NA,-173313.68,167461.73,1,"S",-0.766874690265487,0.74098110619469
NA,"Sky-H1-3",-165.05567,175.60663,NA,NA,NA,NA,239.153041,-21.285781185,NA,NA,NA,NA,NA,NA,NA,NA,NA,NA,NA,NA,NA,NA,NA,NA,"",NA,NA,NA,-165055.67,175606.63,1,"S",-0.73033482300885,0.777020486725664
NA,"Sky-H1-4",-156.41534,183.34477,NA,NA,NA,NA,239.1918237,-21.253708557,NA,NA,NA,NA,NA,NA,NA,NA,NA,NA,NA,NA,NA,NA,NA,NA,"",NA,NA,NA,-156415.34,183344.77,1,"S",-0.692103274336283,0.811260044247788
NA,"Sky-H1-5",-147.4127,190.65822,NA,NA,NA,NA,239.2322018,-21.223403248,NA,NA,NA,NA,NA,NA,NA,NA,NA,NA,NA,NA,NA,NA,NA,NA,"",NA,NA,NA,-147412.7,190658.22,1,"S",-0.652268584070796,0.843620442477876
NA,"Sky-H1-6",-138.06861,197.53006,NA,NA,NA,NA,239.2740821,-21.194934414,NA,NA,NA,NA,NA,NA,NA,NA,NA,NA,NA,NA,NA,NA,NA,NA,"",NA,NA,NA,-138068.61,197530.06,1,"S",-0.610923053097345,0.874026814159292
NA,"Sky-H1-7",-128.4047,203.94434,NA,NA,NA,NA,239.3173684,-21.168367182,NA,NA,NA,NA,NA,NA,NA,NA,NA,NA,NA,NA,NA,NA,NA,NA,"",NA,NA,NA,-128404.7,203944.34,1,"S",-0.568162389380531,0.902408584070796
NA,"Sky-H1-8",-118.44464,209.88551,NA,NA,NA,NA,239.3619554,-21.143765044,NA,NA,NA,NA,NA,NA,NA,NA,NA,NA,NA,NA,NA,NA,NA,NA,"",NA,NA,NA,-118444.64,209885.51,1,"S",-0.524091327433628,0.928696946902655
NA,"Sky-H2-1",-100.81652,218.89973,NA,NA,NA,NA,239.4408144,-21.106448808,NA,NA,NA,NA,NA,NA,NA,NA,NA,NA,NA,NA,NA,NA,NA,NA,"",NA,NA,NA,-100816.52,218899.73,1,"S",-0.446090796460177,0.968582876106195
NA,"Sky-H2-2",-90.16757,223.49692,NA,NA,NA,NA,239.4884235,-21.087423834,NA,NA,NA,NA,NA,NA,NA,NA,NA,NA,NA,NA,NA,NA,NA,NA,"",NA,NA,NA,-90167.57,223496.92,1,"S",-0.398971548672566,0.988924424778761
NA,"Sky-H2-3",-79.30977,227.57641,NA,NA,NA,NA,239.5369476,-21.070545492,NA,NA,NA,NA,NA,NA,NA,NA,NA,NA,NA,NA,NA,NA,NA,NA,"",NA,NA,NA,-79309.77,227576.41,1,"S",-0.350928185840708,1.00697526548673
NA,"Sky-H2-4",-68.26826,231.12877,NA,NA,NA,NA,239.5862758,-21.055852105,NA,NA,NA,NA,NA,NA,NA,NA,NA,NA,NA,NA,NA,NA,NA,NA,"",NA,NA,NA,-68268.26,231128.77,1,"S",-0.302071946902655,1.02269367256637
NA,"Sky-H2-5",-57.06862,234.14576,NA,NA,NA,NA,239.6362958,-21.043377123,NA,NA,NA,NA,NA,NA,NA,NA,NA,NA,NA,NA,NA,NA,NA,NA,"",NA,NA,NA,-57068.62,234145.76,1,"S",-0.252516017699115,1.03604318584071
NA,"Sky-H2-6",-45.73679,236.62039,NA,NA,NA,NA,239.6868936,-21.03314889,NA,NA,NA,NA,NA,NA,NA,NA,NA,NA,NA,NA,NA,NA,NA,NA,"",NA,NA,NA,-45736.79,236620.39,1,"S",-0.20237517699115,1.04699287610619
NA,"Sky-H2-7",-34.29902,238.54693,NA,NA,NA,NA,239.737954,-21.025190607,NA,NA,NA,NA,NA,NA,NA,NA,NA,NA,NA,NA,NA,NA,NA,NA,"",NA,NA,NA,-34299.02,238546.93,1,"S",-0.151765575221239,1.05551738938053
NA,"Sky-H2-8",-22.78326,239.92079,NA,NA,NA,NA,239.7893543,-21.019520835,NA,NA,NA,NA,NA,NA,NA,NA,NA,NA,NA,NA,NA,NA,NA,NA,"",NA,NA,NA,-22783.26,239920.79,1,"S",-0.100810884955752,1.0615964159292
NA,"Sky-H3-1",184.61356,154.91577,NA,NA,NA,NA,240.7165271,-21.371971202,NA,NA,NA,NA,NA,NA,NA,NA,NA,NA,NA,NA,NA,NA,NA,NA,"",NA,NA,NA,184613.56,154915.77,1,"S",0.816874159292035,0.685468008849557
NA,"Sky-H3-2",191.8534,145.85382,NA,NA,NA,NA,240.7490962,-21.409559659,NA,NA,NA,NA,NA,NA,NA,NA,NA,NA,NA,NA,NA,NA,NA,NA,"",NA,NA,NA,191853.4,145853.82,1,"S",0.848908849557522,0.645370884955752
NA,"Sky-H3-3",198.64884,136.45402,NA,NA,NA,NA,240.779701,-21.448556646,NA,NA,NA,NA,NA,NA,NA,NA,NA,NA,NA,NA,NA,NA,NA,NA,"",NA,NA,NA,198648.84,136454.02,1,"S",0.878977168141593,0.603778849557522
NA,"Sky-H3-4",204.98415,126.73816,NA,NA,NA,NA,240.80827,-21.488872734,NA,NA,NA,NA,NA,NA,NA,NA,NA,NA,NA,NA,NA,NA,NA,NA,"",NA,NA,NA,204984.15,126738.16,1,"S",0.907009513274336,0.560788318584071
NA,"Sky-H3-5",210.84465,116.72873,NA,NA,NA,NA,240.8347363,-21.530415548,NA,NA,NA,NA,NA,NA,NA,NA,NA,NA,NA,NA,NA,NA,NA,NA,"",NA,NA,NA,210844.65,116728.73,1,"S",0.93294092920354,0.516498805309734
NA,"Sky-H3-6",216.21677,106.44891,NA,NA,NA,NA,240.8590376,-21.573089803,NA,NA,NA,NA,NA,NA,NA,NA,NA,NA,NA,NA,NA,NA,NA,NA,"",NA,NA,NA,216216.77,106448.91,1,"S",0.956711371681416,0.471012876106195
NA,"Sky-H3-7",221.08806,95.92253,NA,NA,NA,NA,240.8811165,-21.616797463,NA,NA,NA,NA,NA,NA,NA,NA,NA,NA,NA,NA,NA,NA,NA,NA,"",NA,NA,NA,221088.06,95922.53,1,"S",0.978265752212389,0.424435973451327
NA,"Sky-H3-8",225.44672,85.17533,NA,NA,NA,NA,240.9009182,-21.661432489,NA,NA,NA,NA,NA,NA,NA,NA,NA,NA,NA,NA,NA,NA,NA,NA,"",NA,NA,NA,225446.72,85175.33,1,"S",0.99755185840708,0.376881991150442
NA,"Sky-H4-1",239.9828,-22.12059,NA,NA,NA,NA,240.9691105,-22.107663944,NA,NA,NA,NA,NA,NA,NA,NA,NA,NA,NA,NA,NA,NA,NA,NA,"",NA,NA,NA,239982.8,-22120.59,1,"S",1.06187079646018,-0.0978787168141593
NA,"Sky-H4-2",238.64054,-33.64155,NA,NA,NA,NA,240.963417,-22.155647577,NA,NA,NA,NA,NA,NA,NA,NA,NA,NA,NA,NA,NA,NA,NA,NA,"",NA,NA,NA,238640.54,-33641.55,1,"S",1.05593159292035,-0.148856415929204
NA,"Sky-H4-3",236.74552,-45.08459,NA,NA,NA,NA,240.9552341,-22.203320543,NA,NA,NA,NA,NA,NA,NA,NA,NA,NA,NA,NA,NA,NA,NA,NA,"",NA,NA,NA,236745.52,-45084.59,1,"S",1.04754654867257,-0.199489336283186
NA,"Sky-H4-4",234.30213,-56.42319,NA,NA,NA,NA,240.9445785,-22.250572176,NA,NA,NA,NA,NA,NA,NA,NA,NA,NA,NA,NA,NA,NA,NA,NA,"",NA,NA,NA,234302.13,-56423.19,1,"S",1.03673508849558,-0.249660132743363
NA,"Sky-H4-5",231.31601,-67.6311,NA,NA,NA,NA,240.9314725,-22.297292807,NA,NA,NA,NA,NA,NA,NA,NA,NA,NA,NA,NA,NA,NA,NA,NA,"",NA,NA,NA,231316.01,-67631.1,1,"S",1.02352216814159,-0.299252654867257
NA,"Sky-H4-6",227.79409,-78.68236,NA,NA,NA,NA,240.9159444,-22.343373847,NA,NA,NA,NA,NA,NA,NA,NA,NA,NA,NA,NA,NA,NA,NA,NA,"",NA,NA,NA,227794.09,-78682.36,1,"S",1.00793845132743,-0.34815203539823
NA,"Sky-H4-7",223.74453,-89.55136,NA,NA,NA,NA,240.898028,-22.388708044,NA,NA,NA,NA,NA,NA,NA,NA,NA,NA,NA,NA,NA,NA,NA,NA,"",NA,NA,NA,223744.53,-89551.36,1,"S",0.990020044247788,-0.396244955752212
NA,"Sky-H4-8",219.17732,-100.21161,NA,NA,NA,NA,240.8777657,-22.433184354,NA,NA,NA,NA,NA,NA,NA,NA,NA,NA,NA,NA,NA,NA,NA,NA,"",NA,NA,NA,219177.32,-100211.61,1,"S",0.969811150442478,-0.443414203539823
NA,"Sky-H5-1",41.83481,-237.34134,NA,NA,NA,NA,240.0800775,-23.006573272,NA,NA,NA,NA,NA,NA,NA,NA,NA,NA,NA,NA,NA,NA,NA,NA,"",NA,NA,NA,41834.81,-237341.34,1,"S",0.185109778761062,-1.05018292035398
NA,"Sky-H5-2",30.36687,-239.07931,NA,NA,NA,NA,240.028245,-23.013864864,NA,NA,NA,NA,NA,NA,NA,NA,NA,NA,NA,NA,NA,NA,NA,NA,"",NA,NA,NA,30366.87,-239079.31,1,"S",0.134366681415929,-1.05787305309735
NA,"Sky-H5-3",18.8286,-240.26349,NA,NA,NA,NA,239.9760866,-23.018837278,NA,NA,NA,NA,NA,NA,NA,NA,NA,NA,NA,NA,NA,NA,NA,NA,"",NA,NA,NA,18828.6,-240263.49,1,"S",0.083312389380531,-1.06311278761062
NA,"Sky-H5-4",7.2467,-240.89115,NA,NA,NA,NA,239.9237255,-23.021478723,NA,NA,NA,NA,NA,NA,NA,NA,NA,NA,NA,NA,NA,NA,NA,NA,"",NA,NA,NA,7246.7,-240891.15,1,"S",0.0320650442477876,-1.06589004424779
NA,"Sky-H5-5",-4.35197,-240.96083,NA,NA,NA,NA,239.8712855,-23.021782836,NA,NA,NA,NA,NA,NA,NA,NA,NA,NA,NA,NA,NA,NA,NA,NA,"",NA,NA,NA,-4351.97,-240960.83,1,"S",-0.0192565044247788,-1.06619836283186
NA,"Sky-H5-6",-15.94057,-240.47237,NA,NA,NA,NA,239.8188905,-23.019748799,NA,NA,NA,NA,NA,NA,NA,NA,NA,NA,NA,NA,NA,NA,NA,NA,"",NA,NA,NA,-15940.57,-240472.37,1,"S",-0.0705334955752212,-1.06403703539823
NA,"Sky-H5-7",-27.49224,-239.4269,NA,NA,NA,NA,239.7666643,-23.015381303,NA,NA,NA,NA,NA,NA,NA,NA,NA,NA,NA,NA,NA,NA,NA,NA,"",NA,NA,NA,-27492.24,-239426.9,1,"S",-0.121647079646018,-1.0594110619469
NA,"Sky-H5-8",-38.97879,-237.82707,NA,NA,NA,NA,239.714737,-23.008691512,NA,NA,NA,NA,NA,NA,NA,NA,NA,NA,NA,NA,NA,NA,NA,NA,"",NA,NA,NA,-38978.79,-237827.07,1,"S",-0.172472522123894,-1.05233216814159
NA,"Sky-H6-1",-58.36925,-233.82492,NA,NA,NA,NA,239.6270954,-22.991947144,NA,NA,NA,NA,NA,NA,NA,NA,NA,NA,NA,NA,NA,NA,NA,NA,"",NA,NA,NA,-58369.25,-233824.92,1,"S",-0.258271017699115,-1.03462353982301
NA,"Sky-H6-2",-69.55194,-230.74573,NA,NA,NA,NA,239.5765655,-22.979061201,NA,NA,NA,NA,NA,NA,NA,NA,NA,NA,NA,NA,NA,NA,NA,NA,"",NA,NA,NA,-69551.94,-230745.73,1,"S",-0.307751946902655,-1.02099880530973
NA,"Sky-H6-3",-80.57354,-227.13205,NA,NA,NA,NA,239.5267767,-22.963937302,NA,NA,NA,NA,NA,NA,NA,NA,NA,NA,NA,NA,NA,NA,NA,NA,"",NA,NA,NA,-80573.54,-227132.05,1,"S",-0.356520088495575,-1.00500907079646
NA,"Sky-H6-4",-91.4085,-222.99226,NA,NA,NA,NA,239.4778464,-22.946611069,NA,NA,NA,NA,NA,NA,NA,NA,NA,NA,NA,NA,NA,NA,NA,NA,"",NA,NA,NA,-91408.5,-222992.26,1,"S",-0.404462389380531,-0.986691415929204
NA,"Sky-H6-5",-102.03172,-218.33596,NA,NA,NA,NA,239.4298899,-22.927123312,NA,NA,NA,NA,NA,NA,NA,NA,NA,NA,NA,NA,NA,NA,NA,NA,"",NA,NA,NA,-102031.72,-218335.96,1,"S",-0.45146778761062,-0.966088318584071
NA,"Sky-H6-6",-112.41861,-213.17391,NA,NA,NA,NA,239.38302,-22.905519782,NA,NA,NA,NA,NA,NA,NA,NA,NA,NA,NA,NA,NA,NA,NA,NA,"",NA,NA,NA,-112418.61,-213173.91,1,"S",-0.497427477876106,-0.943247389380531
NA,"Sky-H6-7",-122.54511,-207.51809,NA,NA,NA,NA,239.3373466,-22.881851393,NA,NA,NA,NA,NA,NA,NA,NA,NA,NA,NA,NA,NA,NA,NA,NA,"",NA,NA,NA,-122545.11,-207518.09,1,"S",-0.542235,-0.918221637168142
NA,"Sky-H6-8",-132.38652,-201.3824,NA,NA,NA,NA,239.2929827,-22.856177168,NA,NA,NA,NA,NA,NA,NA,NA,NA,NA,NA,NA,NA,NA,NA,NA,"",NA,NA,NA,-132386.52,-201382.4,1,"S",-0.585781061946903,-0.891072566371681
NA,"Sky-H7-1",-207.18967,-123.09956,NA,NA,NA,NA,238.9570628,-22.528891576,NA,NA,NA,NA,NA,NA,NA,NA,NA,NA,NA,NA,NA,NA,NA,NA,"",NA,NA,NA,-207189.67,-123099.56,1,"S",-0.916768451327434,-0.544688318584071
NA,"Sky-H7-2",-212.87255,-112.98823,NA,NA,NA,NA,238.93171,-22.486660257,NA,NA,NA,NA,NA,NA,NA,NA,NA,NA,NA,NA,NA,NA,NA,NA,"",NA,NA,NA,-212872.55,-112988.23,1,"S",-0.941913938053097,-0.499947920353982
NA,"Sky-H7-3",-218.06235,-102.61518,NA,NA,NA,NA,238.9085998,-22.443346356,NA,NA,NA,NA,NA,NA,NA,NA,NA,NA,NA,NA,NA,NA,NA,NA,"",NA,NA,NA,-218062.35,-102615.18,1,"S",-0.964877654867257,-0.454049469026549
NA,"Sky-H7-4",-222.74704,-92.00444,NA,NA,NA,NA,238.8877842,-22.399051073,NA,NA,NA,NA,NA,NA,NA,NA,NA,NA,NA,NA,NA,NA,NA,NA,"",NA,NA,NA,-222747.04,-92004.44,1,"S",-0.985606371681416,-0.407099292035398
NA,"Sky-H7-5",-226.91579,-81.18059,NA,NA,NA,NA,238.8693098,-22.353877813,NA,NA,NA,NA,NA,NA,NA,NA,NA,NA,NA,NA,NA,NA,NA,NA,"",NA,NA,NA,-226915.79,-81180.59,1,"S",-1.00405216814159,-0.359206150442478
NA,"Sky-H7-6",-230.55892,-70.1687,NA,NA,NA,NA,238.8532176,-22.307931938,NA,NA,NA,NA,NA,NA,NA,NA,NA,NA,NA,NA,NA,NA,NA,NA,"",NA,NA,NA,-230558.92,-70168.7,1,"S",-1.02017221238938,-0.310480973451327
NA,"Sky-H7-7",-233.66801,-58.99428,NA,NA,NA,NA,238.8395431,-22.261320537,NA,NA,NA,NA,NA,NA,NA,NA,NA,NA,NA,NA,NA,NA,NA,NA,"",NA,NA,NA,-233668.01,-58994.28,1,"S",-1.03392924778761,-0.261036637168142
NA,"Sky-H7-8",-236.23556,-47.68464,NA,NA,NA,NA,238.8283169,-22.214158102,NA,NA,NA,NA,NA,NA,NA,NA,NA,NA,NA,NA,NA,NA,NA,NA,"",NA,NA,NA,-236235.56,-47684.64,1,"S",-1.04529008849558,-0.210993982300885
