#OBSTEMP,8
#CONFIGTEMP,19
#EQUINOX,J2000.0
#CENTRE,15 59 39.47,-21 55 23.1 #Field centre
#UTTIME,14 00 00.00 #Target observing time
#UTDATE,2021 07 10 #Target observing date
#PLATEID,a test_plateID
#LABEL,240_m20_comissioning_within_half_radius Tile 003
#TILING_DATE,2021 06 16 # Date the tile was created/configured
#PROXIMITY,220 # tiling proximity value in arcseconds
"ID","RA","DEC","g_mag","r_mag","i_mag","z_mag","y_mag","GAIA_g_mag","GAIA_bp_mag","GAIA_rp_mag","pmRA","pmDEC","Re","GAL_MU_E_R","Mstar","priority","remaining_observations","Tile_number","COMPLETED","MagnetX_noDC","MagnetY_noDC","type","MagnetX","MagnetY","SkyFibrePosition","fibre_type","x","y","grads","gangs","gazAngs","gangs_gazAng"
"6243564481837370624",240.48537,-21.617958,NA,10.6978998184204,NA,NA,NA,NA,NA,NA,-11.7230724170359,-23.547779629735,NA,NA,NA,NA,NA,NA,NA,129022.984897957,68957.8717959184,2,124733.43,71473.47,NA,"G",-138.753,-111.24147,177.839983290488,2.45056180584209,0.675790663085555,1.77477114275654
"6243612104440601600",240.04935,-21.589516,NA,10.8283996582031,NA,NA,NA,NA,NA,NA,-14.5950334169632,-4.69607135305918,NA,NA,NA,NA,NA,NA,NA,30482.4648979607,75385.7637959188,2,29284.63,77840.92,NA,"G",-161.14395,99.69639,189.490745949861,3.31605592916803,-0.55404101335701,3.87009694252504
"6243203120476661376",239.97186,-22.79337,NA,11.6497001647949,NA,NA,NA,NA,NA,NA,-6.3634313784849,-10.2514756752206,NA,NA,NA,NA,NA,NA,NA,12969.7248979581,-196685.240204081,2,12541.15,-207029.44,NA,"G",52.93975,-205.63059,212.335952381622,4.29110674731976,1.82277507573913,2.46833167158063
"6243227172292998528",240.48427,-22.491997,NA,11.87380027771,NA,NA,NA,NA,NA,NA,-5.60784288000512,3.53525769502851,NA,NA,NA,NA,NA,NA,NA,128774.384897962,-128574.942204082,2,124577.81,-134914.31,NA,"G",-110.69912,145.25426,182.628297963163,3.26500010767907,-0.919592392497979,4.18459250017705
"6243578706775272448",240.70114,-21.511024,NA,12.1492004394531,NA,NA,NA,NA,NA,NA,-27.2239483700119,-27.8582475887286,NA,NA,NA,NA,NA,NA,NA,177787.004897962,93124.955795919,2,173678.3,97334.41,NA,"G",57.8091,189.70513,198.317746031783,2.63401224812907,4.41659717187882,4.50060038342983
"6246530345736828288",239.47615,-21.590834,NA,12.191499710083,NA,NA,NA,NA,NA,NA,-9.03548479081139,-11.5381205272271,NA,NA,NA,NA,NA,NA,NA,-99060.7351020425,75087.8957959185,2,-95441.56,77698.18,NA,"G",12.54115,-207.02944,207.408942599002,4.01326280219837,1.63129904390486,2.38196375829351
