#OBSTEMP,8
#CONFIGTEMP,19
#EQUINOX,J2000.0
#CENTRE,15 59 33.84,-21 52 01.5 #Field centre
#UTTIME,12 00 00.00 #Target observing time
#UTDATE,2021 07 10 #Target observing date
#PLATEID,a test_plateID
#LABEL,240_m20_comissioning_within_half_radius Tile 000
#TILING_DATE,2021 06 09 # Date the tile was created/configured
#PROXIMITY,220 # tiling proximity value in arcseconds
"ID","RA","DEC","g_mag","r_mag","i_mag","z_mag","y_mag","GAIA_g_mag","GAIA_bp_mag","GAIA_rp_mag","pmRA","pmDEC","Re","GAL_MU_E_R","Mstar","priority","remaining_observations","Tile_number","COMPLETED","MagnetX_noDC","MagnetY_noDC","type","MagnetX","MagnetY","Position","fibre_type","x","y","grads","gangs","gazAngs","gangs_gazAng"
"6243564481837370624",240.48537,-21.617958,NA,10.6978998184204,NA,NA,NA,NA,NA,NA,-11.7230724170359,-23.547779629735,NA,NA,NA,NA,NA,NA,NA,134328.035102041,56300.326693878,2,129840.9,58295.85,NA,"G",-81.71679,-135.91887,158.592474569196,2.07152679248433,1.02948215823223,1.0420446342521
"6243569876323017088",240.40779,-21.490728,NA,11.5790996551514,NA,NA,NA,NA,NA,NA,-41.5046450094698,15.2672698429117,NA,NA,NA,NA,NA,NA,NA,116794.955102032,85054.3066938774,2,113001.67,88260.7,NA,"G",-113.02331,176.21469,209.346329261232,0.652653659335196,-1.00049376250091,1.6531474218361
"6243334237238067456",240.78938,-22.083347,NA,11.6505002975464,NA,NA,NA,NA,NA,NA,-4.6966944236801,-11.8659319612324,NA,NA,NA,NA,NA,NA,NA,203034.295102036,-48877.5873061224,2,197881.27,-51977.15,NA,"G",152.58505,-141.8635,208.344546642701,4.54472386548295,2.39259071410297,2.15213315137998
"6243578706775272448",240.70114,-21.511024,NA,12.1492004394531,NA,NA,NA,NA,NA,NA,-27.2239483700119,-27.8582475887286,NA,NA,NA,NA,NA,NA,NA,183092.055102033,80467.4106938777,2,178810.37,84012.7,NA,"G",-155.65939,86.24133,177.953400347791,2.86928634025411,-0.505938670699638,3.37522501095375
"6246530345736828288",239.47615,-21.590834,NA,12.191499710083,NA,NA,NA,NA,NA,NA,-9.03548479081139,-11.5381205272271,NA,NA,NA,NA,NA,NA,NA,-93755.6848979652,62430.3506938773,2,-90222.1,64483.46,NA,"G",42.2566,180.59466,185.472508647712,2.39783354853217,4.48253828533344,4.19848057037832
"6243514557142507520",240.00003,-21.678959,NA,12.245400428772,NA,NA,NA,NA,NA,NA,-11.7798565660068,-16.0499582879932,NA,NA,NA,NA,NA,NA,NA,24641.1951020328,42514.1006938777,2,23580.76,43777.15,NA,"G",51.83774,-200.16917,206.77245441982,4.28170842938571,1.82419903524765,2.45750939413806
