#OBSTEMP,8
#CONFIGTEMP,19
#EQUINOX,J2000.0
#CENTRE,15 59 17.51,-21 55 23.1 #Field centre
#UTTIME,14 00 00.00 #Target observing time
#UTDATE,2021 07 10 #Target observing date
#PLATEID,a test_plateID
#LABEL,240_m20_comissioning_within_half_radius Tile 005
#TILING_DATE,2021 06 16 # Date the tile was created/configured
#PROXIMITY,220 # tiling proximity value in arcseconds
"ID","RA","DEC","g_mag","r_mag","i_mag","z_mag","y_mag","GAIA_g_mag","GAIA_bp_mag","GAIA_rp_mag","pmRA","pmDEC","Re","GAL_MU_E_R","Mstar","priority","remaining_observations","Tile_number","COMPLETED","MagnetX_noDC","MagnetY_noDC","type","MagnetX","MagnetY","SkyFibrePosition","fibre_type","x","y","grads","gangs","gazAngs","gangs_gazAng"
"6243564481837370624",240.48537,-21.617958,NA,10.6978998184204,NA,NA,NA,NA,NA,NA,-11.7230724170359,-23.547779629735,NA,NA,NA,NA,NA,NA,NA,149702.077142853,68957.8717959184,2,145094.56,71575.94,NA,"G",-167.61758,-112.18705,201.696770704835,2.76740175052743,0.589825952821278,2.17757579770615
"6243203120476661376",239.97186,-22.79337,NA,11.6497001647949,NA,NA,NA,NA,NA,NA,-6.3634313784849,-10.2514756752206,NA,NA,NA,NA,NA,NA,NA,33648.8171428539,-196685.240204081,2,32624.07,-207163.94,NA,"G",78.18131,189.97949,205.437396434963,2.56176703679093,4.32198690790341,4.5229654360671
"6243227172292998528",240.48427,-22.491997,NA,11.87380027771,NA,NA,NA,NA,NA,NA,-5.60784288000512,3.53525769502851,NA,NA,NA,NA,NA,NA,NA,149453.477142858,-128574.942204082,2,144992.46,-135374.72,NA,"G",32.62407,-207.16394,209.717018812705,4.35189827568663,1.72699302401748,2.62490525166914
"6246530345736828288",239.47615,-21.590834,NA,12.191499710083,NA,NA,NA,NA,NA,NA,-9.03548479081139,-11.5381205272271,NA,NA,NA,NA,NA,NA,NA,-78381.6428571466,75087.8957959185,2,-75370.17,77599.35,NA,"G",-66.74784,-122.35624,139.378346996954,5.21369107842947,1.07139875782256,4.14229232060691
"6243514557142507520",240.00003,-21.678959,NA,12.245400428772,NA,NA,NA,NA,NA,NA,-11.7798565660068,-16.0499582879932,NA,NA,NA,NA,NA,NA,NA,40015.2371428578,55171.645795919,2,38360.96,56883.17,NA,"G",-97.97221,189.77569,213.572859809621,0.665795184385866,-1.09423126822812,1.76002645261399
"6246531136010824192",239.54382,-21.518038,NA,12.8070001602173,NA,NA,NA,NA,NA,NA,41.8750318719462,-29.4161833239491,NA,NA,NA,NA,NA,NA,NA,-63088.2228571419,91539.7917959186,2,-60719.88,94697.97,NA,"G",191.49103,-78.52373,206.965675278713,4.37887036537129,2.75243995320099,1.6264304121703
