#OBSTEMP,8
#CONFIGTEMP,19
#EQUINOX,J2000.0
#CENTRE,16 00 17.45,-21 52 19.9 #Field centre
#UTTIME,14 00 00.00 #Target observing time
#UTDATE,2021 07 10 #Target observing date
#PLATEID,a test_plateID
#LABEL,240_m20_comissioning_within_half_radius Tile 006
#TILING_DATE,2021 06 16 # Date the tile was created/configured
#PROXIMITY,220 # tiling proximity value in arcseconds
"probe","ID","x","y","rads","angs","azAngs","angs_azAng","RA","DEC","g_mag","r_mag","i_mag","z_mag","y_mag","GAIA_g_mag","GAIA_bp_mag","GAIA_rp_mag","pmRA","pmDEC","Re","GAL_MU_E_R","Mstar","priority","remaining_observations","Tile_number","COMPLETED","MagnetX_noDC","MagnetY_noDC","type","MagnetX","MagnetY","SkyFibrePosition","fibre_type","fraction_plate_radius_X","fraction_plate_radius_Y"
1,"6243616399408048640",48.87937,80.687,94.337610636463,-0.237458788512884,4.16772307010514,1.87800344856157,240.29773,-21.526402,18.4139995574951,17.8582000732422,17.5848999023438,17.4542007446289,17.3644008636475,17.874264,18.33298,17.214844,2.13305045544568,-1.69192098846692,1,19,-99,1,1,-999,"False",50857.2412244907,78148.9643265302,1,48879.37,80687,NA,"P",0.216280398230088,0.357022123893805
2,"6243193912066264832",7.0561,-196.72393,196.850433532301,4.16527502544335,1.6066489879629,2.55862603748045,240.10512,-22.701216,15.7103004455566,15.1363000869751,14.8788003921509,14.7455997467041,14.6402997970581,15.169816,15.534307,14.463304,3.76517593331242,-1.85641609682995,1,19,-99,1,1,-999,"False",7327.38122449024,-187358.999673469,1,7056.1,-196723.93,NA,"P",0.0312216814159292,-0.870459867256637
3,"6243445116110966016",24.28902,-48.13313,53.9143273736889,3.89603063218997,2.03813442517244,1.85789620701753,240.18532,-22.078848,18.3535003662109,17.7831993103027,17.5125007629395,17.3948993682861,17.3227996826172,17.804707,18.20516,17.111015,-13.8523002318545,-4.6180981176929,1,19,-99,1,1,-999,"False",25452.5812244881,-46703.8316734697,1,24289.02,-48133.13,NA,"P",0.107473539823009,-0.212978451327434
4,"6243569738884056448",66.45677,83.07456,106.385547881404,3.369089609999,4.03766916265106,5.61460575452753,240.37822,-21.516552,17.4953994750977,16.8113994598389,16.5506992340088,16.4272003173828,16.3405990600586,16.8608,17.39757,16.175413,3.67763207307837,-4.2935384877482,1,19,-99,1,1,-999,"False",69047.9812244901,80375.0643265303,1,66456.77,83074.56,NA,"P",0.294056504424779,0.367586548672566
5,"6243408832227152896",-24.41183,-112.29228,114.915158232268,1.78227548859104,1.35673169097111,0.425543797619937,239.96004,-22.351833,18.3358001708984,17.7479991912842,17.4873008728027,17.3745002746582,17.2903995513916,17.777931,18.168406,17.123915,-4.84963613925835,-0.340895015232591,1,19,-99,1,1,-999,"False",-25460.6987755114,-108398.441673469,1,-24411.83,-112292.28,NA,"P",-0.108016946902655,-0.496868495575221
6,"6246530414456307328",-132.29463,66.21097,147.938371206316,2.31635420722489,-0.46403246361144,2.78038667083633,239.46709,-21.58936,16.107400894165,15.5376996994019,15.2644996643066,15.1358995437622,15.0511999130249,15.539272,16.018042,14.893783,0.371073678682383,-3.59596727179758,1,19,-99,1,1,-999,"False",-136867.398775507,63920.4563265306,1,-132294.63,66210.97,NA,"P",-0.585374469026549,0.29296889380531
7,"6243497274194177024",-120.18721,11.22378,120.710143256781,2.37240603202852,-0.0931157523067245,2.46552178433525,239.5198,-21.823374,16.2056007385254,15.3311996459961,14.8930997848511,14.6632995605469,14.5171003341675,15.31481,16.008537,14.504422,-6.59588060879912,-5.05327115112394,1,19,-99,1,1,-999,"False",-124954.938775509,11033.2923265302,1,-120187.21,11223.78,NA,"P",-0.531801814159292,0.0496627433628319
8,"6243401822841233920",-76.25981,-145.47647,164.252738013395,2.32900621008583,1.08797104346743,1.2410351666184,239.72273,-22.488844,16.3768005371094,15.527099609375,15.1259002685547,14.9300003051758,14.8032999038696,15.529455,16.18753,14.7465,6.24217875209273,3.49201361236904,1,19,-99,1,1,-999,"False",-79092.7587755068,-139362.92767347,1,-76259.81,-145476.47,NA,"P",-0.337432787610619,-0.643701194690266
9,"6243547817370364416",132.26174,28.54771,135.307574119381,4.06797317110239,3.3541739890462,0.713799182056188,240.67938,-21.749441,16.5576992034912,15.8613996505737,15.5402002334595,15.3992004394531,15.2628002166748,15.8792305,16.435366,15.166575,-4.98168955971757,-4.73432449287208,1,19,-99,1,1,-999,"False",137110.141224492,27742.1503265302,1,132261.74,28547.71,NA,"P",0.585228938053097,0.126317300884956
10,"6243201746086603264",60.47033,-166.43054,177.075648961116,0.777893542739544,1.91930267467137,5.14177617524776,240.34991,-22.575954,17.9895000457764,17.4591007232666,17.1427993774414,17.0256004333496,16.8917999267578,17.434673,17.684624,16.71115,-3.53160846720181,0.213409656302392,1,19,-99,1,1,-999,"False",62649.9212244891,-159049.787673469,1,60470.33,-166430.54,NA,"P",0.267567831858407,-0.736418318584071
11,"6243562179740886144",62.91035,61.71683,88.128765124512,0.0627249521345217,3.91741438659173,2.42849587272238,240.36243,-21.60765,17.5877990722656,16.8652992248535,16.5601005554199,16.4237003326416,16.3178005218506,16.904696,17.4484,16.18221,-2.20668083384372,-4.29093740640182,1,19,-99,1,1,-999,"False",65479.4412244879,59786.9163265305,1,62910.35,61716.83,NA,"P",0.278364380530973,0.273083318584071
12,"6243249128165968384",103.89249,-91.02692,138.128743001182,4.2894652060779,2.42210344865268,1.86736175742522,240.55077,-22.259008,17.1858005523682,16.6037006378174,16.3623008728027,16.2558002471924,16.184700012207,16.631544,17.10024,15.987138,-5.81663582359294,-4.05786660509632,1,19,-99,1,1,-999,"False",108044.28122449,-87419.9916734699,1,103892.49,-91026.92,NA,"P",0.459701283185841,-0.402773982300885
13,"6243427249047693440",-84.89277,-89.92961,123.669386482771,2.12859605973433,0.814201380847431,1.3143946788869,239.68132,-22.25549,18.1091995239258,17.4486999511719,17.1653003692627,17.0049991607666,16.8901996612549,17.49358,18.010653,16.78974,-1.19217462460632,-5.43508502656425,1,19,-99,1,1,-999,"False",-88451.4187755098,-86624.92367347,1,-84892.77,-89929.61,NA,"P",-0.375631725663717,-0.397918628318584
14,"6237409347029207424",-121.50356,-152.84782,195.257704512334,2.59966135423784,0.899153530749286,1.70050782348856,239.51837,-22.515543,17.4796009063721,17.0244998931885,16.8024997711182,16.7229995727539,16.6520004272461,17.022566,17.414778,16.441961,-5.12914674116379,-2.21876506098961,1,19,-99,1,1,-999,"False",-125278.118775509,-145396.90167347,1,-121503.56,-152847.82,NA,"P",-0.537626371681416,-0.67631778761062
15,"6243632892082366720",-34.14268,128.51795,132.975885294233,3.07418578871469,-1.31112963336486,4.38531542207955,239.9163,-21.324242,18.5977993011475,17.5918998718262,17.1247005462646,16.8838996887207,16.7632007598877,17.65131,18.318275,16.735695,-6.01180765874435,-1.85603784337643,1,19,-99,1,1,-999,"False",-35345.9387755081,123837.12432653,1,-34142.68,128517.95,NA,"P",-0.151073805309734,0.568663495575221
16,"6243437625688022016",-19.88468,-68.64047,71.4626799142273,-0.80163106891372,1.28882189286212,4.19273234540375,239.98068,-22.166504,18.1979007720947,16.9165992736816,16.1811008453369,15.8299999237061,15.6124000549316,16.792055,17.749977,15.7567425,2.57422124951969,-5.84023679701978,1,19,-99,1,1,-999,"False",-20796.0587755081,-66514.0876734695,1,-19884.68,-68640.47,NA,"P",-0.0879853097345133,-0.30371889380531
17,"6243499610656575360",-171.24484,12.28691,171.685070358414,2.19392958422884,-0.0716277931557849,2.26555737738462,239.29097,-21.818325,18.5718002319336,17.9505004882813,17.6375007629395,17.5228996276855,17.4256000518799,17.976948,18.454205,17.264986,-3.5303112066745,-3.34402531128208,1,19,-99,1,1,-999,"False",-176670.518775512,12174.3663265301,1,-171244.84,12286.91,NA,"P",-0.757720530973451,0.0543668584070797
18,"6246531685766662400",-134.58715,83.28387,158.271614471134,3.23131578034203,-0.554135667990299,3.78545144833233,239.45795,-21.517286,18.3945007324219,17.4358997344971,17.0496006011963,16.8393001556396,16.702299118042,17.471676,18.14742,16.649565,-4.56114664020652,-6.16826094260921,1,19,-99,1,1,-999,"False",-138933.038775507,80209.1803265308,1,-134587.15,83283.87,NA,"P",-0.595518362831858,0.368512699115044
19,"6243434395872484608",36.05469,-80.3172,88.0385897594691,4.02203405059088,1.99273821310664,2.02929583748424,240.23953,-22.215946,17.43869972229,16.8206996917725,16.5478992462158,16.4207000732422,16.3248996734619,16.854637,17.32387,16.164366,-3.96304250599775,0.160921736666986,1,19,-99,1,1,-999,"False",37704.0412244908,-77687.9796734693,1,36054.69,-80317.2,NA,"P",0.159534026548673,-0.355385840707965
20,"6243651446341661824",90.21907,187.82245,208.366871924659,2.52471912259958,4.26459082989346,4.54331359988571,240.47925,-21.081692,17.0953998565674,16.9370994567871,16.8922004699707,16.861499786377,16.80299949646,16.91093,17.12676,16.521128,-2.03599988180534,-2.54260357840054,NA,NA,NA,1,NA,NA,"",91880.7612244921,178653.42432653,0,90219.07,187822.45,NA,"P",0.399199424778761,0.83107278761062
21,"6237466624712874112",-178.14102,-93.42813,201.154265383405,4.79735026549672,0.483024865198722,4.314325400298,239.2619,-22.263756,15.9068002700806,15.6077995300293,15.5130996704102,15.4772996902466,15.4285001754761,15.611744,15.885537,15.147994,-2.58136463474449,-2.44543988826352,NA,NA,NA,1,NA,NA,"",-183240.33877551,-88493.0396734697,0,-178141.02,-93428.13,NA,"P",-0.788234601769911,-0.413398805309735
NA,"Sky-A1-1",-226.46104,82.44066,NA,NA,NA,NA,239.058359,-21.525721641,NA,NA,NA,NA,NA,NA,NA,NA,NA,NA,NA,NA,NA,NA,NA,NA,"",NA,NA,NA,-226461.04,82440.66,1,"S",-1.00204,0.364781681415929
NA,"Sky-A1-2",-220.38782,92.46733,NA,NA,NA,NA,239.0852777,-21.483897641,NA,NA,NA,NA,NA,NA,NA,NA,NA,NA,NA,NA,NA,NA,NA,NA,"",NA,NA,NA,-220387.82,92467.33,2,"S",-0.975167345132743,0.409147477876106
NA,"Sky-A1-3",-222.00068,105.9797,NA,NA,NA,NA,239.0803258,-21.428396047,NA,NA,NA,NA,NA,NA,NA,NA,NA,NA,NA,NA,NA,NA,NA,NA,"",NA,NA,NA,-222000.68,105979.7,0,"S",-0.98230389380531,0.468936725663717
NA,"Sky-A1-4",-210.47976,113.22222,NA,NA,NA,NA,239.130175,-21.397634339,NA,NA,NA,NA,NA,NA,NA,NA,NA,NA,NA,NA,NA,NA,NA,NA,"",NA,NA,NA,-210479.76,113222.22,2,"S",-0.931326371681416,0.500983274336283
NA,"Sky-A1-5",-204.78839,123.21816,NA,NA,NA,NA,239.1558966,-21.356104816,NA,NA,NA,NA,NA,NA,NA,NA,NA,NA,NA,NA,NA,NA,NA,NA,"",NA,NA,NA,-204788.39,123218.16,2,"S",-0.906143318584071,0.545213097345133
NA,"Sky-A1-6",-198.62268,132.92867,NA,NA,NA,NA,239.1837208,-21.315771529,NA,NA,NA,NA,NA,NA,NA,NA,NA,NA,NA,NA,NA,NA,NA,NA,"",NA,NA,NA,-198622.68,132928.67,2,"S",-0.878861415929204,0.588179955752212
NA,"Sky-A1-7",-197.62022,146.5,NA,NA,NA,NA,239.1902268,-21.260409314,NA,NA,NA,NA,NA,NA,NA,NA,NA,NA,NA,NA,NA,NA,NA,NA,"",NA,NA,NA,-197620.22,146500,0,"S",-0.874425752212389,0.648230088495575
NA,"Sky-A2-1",-3.01251,240.9813,NA,NA,NA,NA,240.0590351,-20.868264008,NA,NA,NA,NA,NA,NA,NA,NA,NA,NA,NA,NA,NA,NA,NA,NA,"",NA,NA,NA,-3012.51,240981.3,1,"S",-0.0133296902654867,1.0662889380531
NA,"Sky-A2-2",8.5856,240.84715,NA,NA,NA,NA,240.1107499,-20.868831834,NA,NA,NA,NA,NA,NA,NA,NA,NA,NA,NA,NA,NA,NA,NA,NA,"",NA,NA,NA,8585.6,240847.15,1,"S",0.0379893805309735,1.0656953539823
NA,"Sky-A2-3",19.82914,236.16902,NA,NA,NA,NA,240.1609934,-20.887246364,NA,NA,NA,NA,NA,NA,NA,NA,NA,NA,NA,NA,NA,NA,NA,NA,"",NA,NA,NA,19829.14,236169.02,3,"S",0.0877395575221239,1.04499566371681
NA,"Sky-A2-4",31.69534,238.90682,NA,NA,NA,NA,240.2137982,-20.87688875,NA,NA,NA,NA,NA,NA,NA,NA,NA,NA,NA,NA,NA,NA,NA,NA,"",NA,NA,NA,31695.34,238906.82,1,"S",0.140244867256637,1.05710982300885
NA,"Sky-A2-5",44.04872,242.02419,NA,NA,NA,NA,240.2685866,-20.865265205,NA,NA,NA,NA,NA,NA,NA,NA,NA,NA,NA,NA,NA,NA,NA,NA,"",NA,NA,NA,44048.72,242024.19,0,"S",0.194905840707965,1.07090349557522
NA,"Sky-A2-6",54.51158,234.75423,NA,NA,NA,NA,240.3155579,-20.894103489,NA,NA,NA,NA,NA,NA,NA,NA,NA,NA,NA,NA,NA,NA,NA,NA,"",NA,NA,NA,54511.58,234754.23,1,"S",0.241201681415929,1.03873553097345
NA,"Sky-A2-7",65.74346,231.85957,NA,NA,NA,NA,240.3656648,-20.906098994,NA,NA,NA,NA,NA,NA,NA,NA,NA,NA,NA,NA,NA,NA,NA,NA,"",NA,NA,NA,65743.46,231859.57,1,"S",0.290900265486726,1.02592730088496
NA,"Sky-A3-1",231.67752,66.38214,NA,NA,NA,NA,241.1100786,-21.592546143,NA,NA,NA,NA,NA,NA,NA,NA,NA,NA,NA,NA,NA,NA,NA,NA,"",NA,NA,NA,231677.52,66382.14,1,"S",1.0251217699115,0.293726283185841
NA,"Sky-A3-2",234.60313,55.15828,NA,NA,NA,NA,241.1234995,-21.639192584,NA,NA,NA,NA,NA,NA,NA,NA,NA,NA,NA,NA,NA,NA,NA,NA,"",NA,NA,NA,234603.13,55158.28,1,"S",1.03806694690265,0.244063185840708
NA,"Sky-A3-3",233.05182,43.07956,NA,NA,NA,NA,241.1180472,-21.689316829,NA,NA,NA,NA,NA,NA,NA,NA,NA,NA,NA,NA,NA,NA,NA,NA,"",NA,NA,NA,233051.82,43079.56,3,"S",1.03120274336283,0.190617522123894
NA,"Sky-A3-4",243.77318,33.02479,NA,NA,NA,NA,241.163692,-21.73127152,NA,NA,NA,NA,NA,NA,NA,NA,NA,NA,NA,NA,NA,NA,NA,NA,"",NA,NA,NA,243773.18,33024.79,0,"S",1.07864238938053,0.146127389380531
NA,"Sky-A3-5",240.09865,20.82553,NA,NA,NA,NA,241.149126,-21.781956841,NA,NA,NA,NA,NA,NA,NA,NA,NA,NA,NA,NA,NA,NA,NA,NA,"",NA,NA,NA,240098.65,20825.53,1,"S",1.06238340707965,0.0921483628318584
NA,"Sky-A3-6",238.82392,9.1725,NA,NA,NA,NA,241.1443502,-21.830473659,NA,NA,NA,NA,NA,NA,NA,NA,NA,NA,NA,NA,NA,NA,NA,NA,"",NA,NA,NA,238823.92,9172.5,2,"S",1.05674300884956,0.0405862831858407
NA,"Sky-A3-7",238.98865,2.32895,NA,NA,NA,NA,241.1452928,-21.858968999,NA,NA,NA,NA,NA,NA,NA,NA,NA,NA,NA,NA,NA,NA,NA,NA,"",NA,NA,NA,238988.65,2328.95,2,"S",1.05747190265487,0.0103050884955752
NA,"Sky-A4-1",210.21182,-117.86456,NA,NA,NA,NA,241.0188489,-22.359922717,NA,NA,NA,NA,NA,NA,NA,NA,NA,NA,NA,NA,NA,NA,NA,NA,"",NA,NA,NA,210211.82,-117864.56,1,"S",0.930140796460177,-0.521524601769911
NA,"Sky-A4-2",204.2974,-127.84223,NA,NA,NA,NA,240.9925,-22.40158567,NA,NA,NA,NA,NA,NA,NA,NA,NA,NA,NA,NA,NA,NA,NA,NA,"",NA,NA,NA,204297.4,-127842.23,1,"S",0.903970796460177,-0.565673584070796
NA,"Sky-A4-3",197.90977,-137.52377,NA,NA,NA,NA,240.9639987,-22.442023457,NA,NA,NA,NA,NA,NA,NA,NA,NA,NA,NA,NA,NA,NA,NA,NA,"",NA,NA,NA,197909.77,-137523.77,1,"S",0.875706946902655,-0.608512256637168
NA,"Sky-A4-4",187.89242,-144.44874,NA,NA,NA,NA,240.9200071,-22.471734401,NA,NA,NA,NA,NA,NA,NA,NA,NA,NA,NA,NA,NA,NA,NA,NA,"",NA,NA,NA,187892.42,-144448.74,3,"S",0.831382389380531,-0.639153716814159
NA,"Sky-A4-5",183.77509,-155.90952,NA,NA,NA,NA,240.9008036,-22.518848458,NA,NA,NA,NA,NA,NA,NA,NA,NA,NA,NA,NA,NA,NA,NA,NA,"",NA,NA,NA,183775.09,-155909.52,1,"S",0.813164115044248,-0.689865132743363
NA,"Sky-A4-6",176.06079,-164.57115,NA,NA,NA,NA,240.8662545,-22.555055849,NA,NA,NA,NA,NA,NA,NA,NA,NA,NA,NA,NA,NA,NA,NA,NA,"",NA,NA,NA,176060.79,-164571.15,1,"S",0.779030044247788,-0.72819092920354
NA,"Sky-A4-7",166.5449,-171.41703,NA,NA,NA,NA,240.823948,-22.584135316,NA,NA,NA,NA,NA,NA,NA,NA,NA,NA,NA,NA,NA,NA,NA,NA,"",NA,NA,NA,166544.9,-171417.03,2,"S",0.736924336283186,-0.758482433628319
NA,"Sky-A5-1",-147.238,-188.26038,NA,NA,NA,NA,239.4082686,-22.654989701,NA,NA,NA,NA,NA,NA,NA,NA,NA,NA,NA,NA,NA,NA,NA,NA,"",NA,NA,NA,-147238,-188260.38,2,"S",-0.651495575221239,-0.833010530973451
NA,"Sky-A5-2",-157.43205,-182.47249,NA,NA,NA,NA,239.3627486,-22.630295972,NA,NA,NA,NA,NA,NA,NA,NA,NA,NA,NA,NA,NA,NA,NA,NA,"",NA,NA,NA,-157432.05,-182472.49,1,"S",-0.696601991150442,-0.807400398230088
NA,"Sky-A5-3",-166.02924,-174.68645,NA,NA,NA,NA,239.3241159,-22.597736386,NA,NA,NA,NA,NA,NA,NA,NA,NA,NA,NA,NA,NA,NA,NA,NA,"",NA,NA,NA,-166029.24,-174686.45,1,"S",-0.734642654867257,-0.77294889380531
NA,"Sky-A5-4",-174.24185,-166.49577,NA,NA,NA,NA,239.2872416,-22.563490039,NA,NA,NA,NA,NA,NA,NA,NA,NA,NA,NA,NA,NA,NA,NA,NA,"",NA,NA,NA,-174241.85,-166495.77,1,"S",-0.770981637168142,-0.736706946902655
NA,"Sky-A5-5",-179.02917,-155.29828,NA,NA,NA,NA,239.2650002,-22.517499532,NA,NA,NA,NA,NA,NA,NA,NA,NA,NA,NA,NA,NA,NA,NA,NA,"",NA,NA,NA,-179029.17,-155298.28,3,"S",-0.792164469026549,-0.687160530973451
NA,"Sky-A5-6",-187.86598,-147.7409,NA,NA,NA,NA,239.2257507,-22.485488957,NA,NA,NA,NA,NA,NA,NA,NA,NA,NA,NA,NA,NA,NA,NA,NA,"",NA,NA,NA,-187865.98,-147740.9,2,"S",-0.831265398230088,-0.653720796460177
NA,"Sky-A5-7",-196.38671,-139.6901,NA,NA,NA,NA,239.1880009,-22.451452652,NA,NA,NA,NA,NA,NA,NA,NA,NA,NA,NA,NA,NA,NA,NA,NA,"",NA,NA,NA,-196386.71,-139690.1,1,"S",-0.868967743362832,-0.61809778761062
NA,"Sky-H1-1",-181.17025,158.92893,NA,NA,NA,NA,239.2628115,-21.208135873,NA,NA,NA,NA,NA,NA,NA,NA,NA,NA,NA,NA,NA,NA,NA,NA,"",NA,NA,NA,-181170.25,158928.93,1,"S",-0.801638274336283,0.703225353982301
NA,"Sky-H1-2",-173.31368,167.46173,NA,NA,NA,NA,239.2980986,-21.17274691,NA,NA,NA,NA,NA,NA,NA,NA,NA,NA,NA,NA,NA,NA,NA,NA,"",NA,NA,NA,-173313.68,167461.73,1,"S",-0.766874690265487,0.74098110619469
NA,"Sky-H1-3",-165.05567,175.60663,NA,NA,NA,NA,239.3351557,-21.138974571,NA,NA,NA,NA,NA,NA,NA,NA,NA,NA,NA,NA,NA,NA,NA,NA,"",NA,NA,NA,-165055.67,175606.63,1,"S",-0.73033482300885,0.777020486725664
NA,"Sky-H1-4",-156.41534,183.34477,NA,NA,NA,NA,239.373897,-21.106896094,NA,NA,NA,NA,NA,NA,NA,NA,NA,NA,NA,NA,NA,NA,NA,NA,"",NA,NA,NA,-156415.34,183344.77,1,"S",-0.692103274336283,0.811260044247788
NA,"Sky-H1-5",-146.18928,189.07589,NA,NA,NA,NA,239.4193145,-21.082767741,NA,NA,NA,NA,NA,NA,NA,NA,NA,NA,NA,NA,NA,NA,NA,NA,"",NA,NA,NA,-146189.28,189075.89,2,"S",-0.646855221238938,0.836618982300885
NA,"Sky-H1-6",-136.92273,195.8907,NA,NA,NA,NA,239.4608285,-21.054512636,NA,NA,NA,NA,NA,NA,NA,NA,NA,NA,NA,NA,NA,NA,NA,NA,"",NA,NA,NA,-136922.73,195890.7,2,"S",-0.605852787610619,0.866773008849558
NA,"Sky-H1-7",-128.4047,203.94434,NA,NA,NA,NA,239.4993138,-21.021536704,NA,NA,NA,NA,NA,NA,NA,NA,NA,NA,NA,NA,NA,NA,NA,NA,"",NA,NA,NA,-128404.7,203944.34,1,"S",-0.568162389380531,0.902408584070796
NA,"Sky-H1-8",-117.46164,208.14361,NA,NA,NA,NA,239.5479364,-21.003725959,NA,NA,NA,NA,NA,NA,NA,NA,NA,NA,NA,NA,NA,NA,NA,NA,"",NA,NA,NA,-117461.64,208143.61,2,"S",-0.519741769911504,0.920989424778761
NA,"Sky-H2-1",-100.81652,218.89973,NA,NA,NA,NA,239.6226415,-20.959601831,NA,NA,NA,NA,NA,NA,NA,NA,NA,NA,NA,NA,NA,NA,NA,NA,"",NA,NA,NA,-100816.52,218899.73,1,"S",-0.446090796460177,0.968582876106195
NA,"Sky-H2-2",-90.16757,223.49692,NA,NA,NA,NA,239.6702065,-20.940570788,NA,NA,NA,NA,NA,NA,NA,NA,NA,NA,NA,NA,NA,NA,NA,NA,"",NA,NA,NA,-90167.57,223496.92,1,"S",-0.398971548672566,0.988924424778761
NA,"Sky-H2-3",-79.30977,227.57641,NA,NA,NA,NA,239.7186863,-20.923686421,NA,NA,NA,NA,NA,NA,NA,NA,NA,NA,NA,NA,NA,NA,NA,NA,"",NA,NA,NA,-79309.77,227576.41,1,"S",-0.350928185840708,1.00697526548673
NA,"Sky-H2-4",-68.26826,231.12877,NA,NA,NA,NA,239.7679705,-20.908987073,NA,NA,NA,NA,NA,NA,NA,NA,NA,NA,NA,NA,NA,NA,NA,NA,"",NA,NA,NA,-68268.26,231128.77,1,"S",-0.302071946902655,1.02269367256637
NA,"Sky-H2-5",-56.59499,232.20251,NA,NA,NA,NA,239.81991,-20.904077767,NA,NA,NA,NA,NA,NA,NA,NA,NA,NA,NA,NA,NA,NA,NA,NA,"",NA,NA,NA,-56594.99,232202.51,2,"S",-0.250420309734513,1.02744473451327
NA,"Sky-H2-6",-45.73679,236.62039,NA,NA,NA,NA,239.8685004,-20.886272193,NA,NA,NA,NA,NA,NA,NA,NA,NA,NA,NA,NA,NA,NA,NA,NA,"",NA,NA,NA,-45736.79,236620.39,1,"S",-0.20237517699115,1.04699287610619
NA,"Sky-H2-7",-34.29902,238.54693,NA,NA,NA,NA,239.9195172,-20.87830824,NA,NA,NA,NA,NA,NA,NA,NA,NA,NA,NA,NA,NA,NA,NA,NA,"",NA,NA,NA,-34299.02,238546.93,1,"S",-0.151765575221239,1.05551738938053
NA,"Sky-H2-8",-22.78326,239.92079,NA,NA,NA,NA,239.9708743,-20.872632926,NA,NA,NA,NA,NA,NA,NA,NA,NA,NA,NA,NA,NA,NA,NA,NA,"",NA,NA,NA,-22783.26,239920.79,1,"S",-0.100810884955752,1.0615964159292
NA,"Sky-H3-1",188.44362,158.12971,NA,NA,NA,NA,240.913226,-21.212471501,NA,NA,NA,NA,NA,NA,NA,NA,NA,NA,NA,NA,NA,NA,NA,NA,"",NA,NA,NA,188443.62,158129.71,0,"S",0.833821327433628,0.699688982300885
NA,"Sky-H3-2",191.8534,145.85382,NA,NA,NA,NA,240.9299183,-21.262599644,NA,NA,NA,NA,NA,NA,NA,NA,NA,NA,NA,NA,NA,NA,NA,NA,"",NA,NA,NA,191853.4,145853.82,1,"S",0.848908849557522,0.645370884955752
NA,"Sky-H3-3",198.64884,136.45402,NA,NA,NA,NA,240.9605057,-21.301595536,NA,NA,NA,NA,NA,NA,NA,NA,NA,NA,NA,NA,NA,NA,NA,NA,"",NA,NA,NA,198648.84,136454.02,1,"S",0.878977168141593,0.603778849557522
NA,"Sky-H3-4",204.98415,126.73816,NA,NA,NA,NA,240.9890592,-21.341910721,NA,NA,NA,NA,NA,NA,NA,NA,NA,NA,NA,NA,NA,NA,NA,NA,"",NA,NA,NA,204984.15,126738.16,1,"S",0.907009513274336,0.560788318584071
NA,"Sky-H3-5",209.09479,115.75996,NA,NA,NA,NA,241.0082278,-21.387261879,NA,NA,NA,NA,NA,NA,NA,NA,NA,NA,NA,NA,NA,NA,NA,NA,"",NA,NA,NA,209094.79,115759.96,2,"S",0.925198185840708,0.512212212389381
NA,"Sky-H3-6",214.42233,105.56546,NA,NA,NA,NA,241.032328,-21.429605717,NA,NA,NA,NA,NA,NA,NA,NA,NA,NA,NA,NA,NA,NA,NA,NA,"",NA,NA,NA,214422.33,105565.46,2,"S",0.948771371681416,0.467103805309734
NA,"Sky-H3-7",221.08806,95.92253,NA,NA,NA,NA,241.0618709,-21.469833847,NA,NA,NA,NA,NA,NA,NA,NA,NA,NA,NA,NA,NA,NA,NA,NA,"",NA,NA,NA,221088.06,95922.53,1,"S",0.978265752212389,0.424435973451327
NA,"Sky-H3-8",230.12392,86.94241,NA,NA,NA,NA,241.1010992,-21.507500974,NA,NA,NA,NA,NA,NA,NA,NA,NA,NA,NA,NA,NA,NA,NA,NA,"",NA,NA,NA,230123.92,86942.41,0,"S",1.01824743362832,0.38470092920354
NA,"Sky-H4-1",239.9828,-22.12059,NA,NA,NA,NA,241.1498895,-21.960706145,NA,NA,NA,NA,NA,NA,NA,NA,NA,NA,NA,NA,NA,NA,NA,NA,"",NA,NA,NA,239982.8,-22120.59,1,"S",1.06187079646018,-0.0978787168141593
NA,"Sky-H4-2",243.59146,-34.33949,NA,NA,NA,NA,241.1649132,-22.011257396,NA,NA,NA,NA,NA,NA,NA,NA,NA,NA,NA,NA,NA,NA,NA,NA,"",NA,NA,NA,243591.46,-34339.49,0,"S",1.07783831858407,-0.151944646017699
NA,"Sky-H4-3",236.74552,-45.08459,NA,NA,NA,NA,241.1360447,-22.056365678,NA,NA,NA,NA,NA,NA,NA,NA,NA,NA,NA,NA,NA,NA,NA,NA,"",NA,NA,NA,236745.52,-45084.59,1,"S",1.04754654867257,-0.199489336283186
NA,"Sky-H4-4",234.30213,-56.42319,NA,NA,NA,NA,241.1254082,-22.103618987,NA,NA,NA,NA,NA,NA,NA,NA,NA,NA,NA,NA,NA,NA,NA,NA,"",NA,NA,NA,234302.13,-56423.19,1,"S",1.03673508849558,-0.249660132743363
NA,"Sky-H4-5",231.31601,-67.6311,NA,NA,NA,NA,241.1123234,-22.150341434,NA,NA,NA,NA,NA,NA,NA,NA,NA,NA,NA,NA,NA,NA,NA,NA,"",NA,NA,NA,231316.01,-67631.1,1,"S",1.02352216814159,-0.299252654867257
NA,"Sky-H4-6",225.90356,-78.02935,NA,NA,NA,NA,241.0888669,-22.193937257,NA,NA,NA,NA,NA,NA,NA,NA,NA,NA,NA,NA,NA,NA,NA,NA,"",NA,NA,NA,225903.56,-78029.35,2,"S",0.999573274336283,-0.345262610619469
NA,"Sky-H4-7",223.74453,-89.55136,NA,NA,NA,NA,241.0789275,-22.241760722,NA,NA,NA,NA,NA,NA,NA,NA,NA,NA,NA,NA,NA,NA,NA,NA,"",NA,NA,NA,223744.53,-89551.36,1,"S",0.990020044247788,-0.396244955752212
NA,"Sky-H4-8",219.17732,-100.21161,NA,NA,NA,NA,241.0586924,-22.286239268,NA,NA,NA,NA,NA,NA,NA,NA,NA,NA,NA,NA,NA,NA,NA,NA,"",NA,NA,NA,219177.32,-100211.61,1,"S",0.969811150442478,-0.443414203539823
NA,"Sky-H5-1",41.48761,-235.37157,NA,NA,NA,NA,240.2603842,-22.852056264,NA,NA,NA,NA,NA,NA,NA,NA,NA,NA,NA,NA,NA,NA,NA,NA,"",NA,NA,NA,41487.61,-235371.57,2,"S",0.183573495575221,-1.04146712389381
NA,"Sky-H5-2",30.99687,-244.03933,NA,NA,NA,NA,240.212747,-22.886195885,NA,NA,NA,NA,NA,NA,NA,NA,NA,NA,NA,NA,NA,NA,NA,NA,"",NA,NA,NA,30996.87,-244039.33,0,"S",0.137154292035398,-1.07982004424779
NA,"Sky-H5-3",18.8286,-240.26349,NA,NA,NA,NA,240.1579676,-22.871978527,NA,NA,NA,NA,NA,NA,NA,NA,NA,NA,NA,NA,NA,NA,NA,NA,"",NA,NA,NA,18828.6,-240263.49,1,"S",0.083312389380531,-1.06311278761062
NA,"Sky-H5-4",7.2467,-240.89115,NA,NA,NA,NA,240.1056554,-22.874625318,NA,NA,NA,NA,NA,NA,NA,NA,NA,NA,NA,NA,NA,NA,NA,NA,"",NA,NA,NA,7246.7,-240891.15,1,"S",0.0320650442477876,-1.06589004424779
NA,"Sky-H5-5",-4.35197,-240.96083,NA,NA,NA,NA,240.0532637,-22.874934842,NA,NA,NA,NA,NA,NA,NA,NA,NA,NA,NA,NA,NA,NA,NA,NA,"",NA,NA,NA,-4351.97,-240960.83,1,"S",-0.0192565044247788,-1.06619836283186
NA,"Sky-H5-6",-15.94057,-240.47237,NA,NA,NA,NA,240.0009163,-22.872906268,NA,NA,NA,NA,NA,NA,NA,NA,NA,NA,NA,NA,NA,NA,NA,NA,"",NA,NA,NA,-15940.57,-240472.37,1,"S",-0.0705334955752212,-1.06403703539823
NA,"Sky-H5-7",-28.0626,-244.39413,NA,NA,NA,NA,239.946327,-22.887771418,NA,NA,NA,NA,NA,NA,NA,NA,NA,NA,NA,NA,NA,NA,NA,NA,"",NA,NA,NA,-28062.6,-244394.13,0,"S",-0.124170796460177,-1.08138995575221
NA,"Sky-H5-8",-38.65529,-235.85328,NA,NA,NA,NA,239.8982275,-22.854194291,NA,NA,NA,NA,NA,NA,NA,NA,NA,NA,NA,NA,NA,NA,NA,NA,"",NA,NA,NA,-38655.29,-235853.28,2,"S",-0.17104110619469,-1.0435985840708
NA,"Sky-H6-1",-57.88483,-231.88434,NA,NA,NA,NA,239.8113447,-22.837589528,NA,NA,NA,NA,NA,NA,NA,NA,NA,NA,NA,NA,NA,NA,NA,NA,"",NA,NA,NA,-57884.83,-231884.34,2,"S",-0.256127566371681,-1.02603690265487
NA,"Sky-H6-2",-68.97471,-228.8307,NA,NA,NA,NA,239.7612513,-22.824809318,NA,NA,NA,NA,NA,NA,NA,NA,NA,NA,NA,NA,NA,NA,NA,NA,"",NA,NA,NA,-68974.71,-228830.7,2,"S",-0.305197831858407,-1.01252522123894
NA,"Sky-H6-3",-80.57354,-227.13205,NA,NA,NA,NA,239.7090552,-22.8171262,NA,NA,NA,NA,NA,NA,NA,NA,NA,NA,NA,NA,NA,NA,NA,NA,"",NA,NA,NA,-80573.54,-227132.05,1,"S",-0.356520088495575,-1.00500907079646
NA,"Sky-H6-4",-91.4085,-222.99226,NA,NA,NA,NA,239.6601647,-22.799805372,NA,NA,NA,NA,NA,NA,NA,NA,NA,NA,NA,NA,NA,NA,NA,NA,"",NA,NA,NA,-91408.5,-222992.26,1,"S",-0.404462389380531,-0.986691415929204
NA,"Sky-H6-5",-102.03172,-218.33596,NA,NA,NA,NA,239.6122464,-22.780322944,NA,NA,NA,NA,NA,NA,NA,NA,NA,NA,NA,NA,NA,NA,NA,NA,"",NA,NA,NA,-102031.72,-218335.96,1,"S",-0.45146778761062,-0.966088318584071
NA,"Sky-H6-6",-112.41861,-213.17391,NA,NA,NA,NA,239.5654129,-22.758724645,NA,NA,NA,NA,NA,NA,NA,NA,NA,NA,NA,NA,NA,NA,NA,NA,"",NA,NA,NA,-112418.61,-213173.91,1,"S",-0.497427477876106,-0.943247389380531
NA,"Sky-H6-7",-121.52807,-205.79584,NA,NA,NA,NA,239.5240851,-22.728382741,NA,NA,NA,NA,NA,NA,NA,NA,NA,NA,NA,NA,NA,NA,NA,NA,"",NA,NA,NA,-121528.07,-205795.84,2,"S",-0.53773482300885,-0.910601061946903
NA,"Sky-H6-8",-132.38652,-201.3824,NA,NA,NA,NA,239.4754431,-22.709392129,NA,NA,NA,NA,NA,NA,NA,NA,NA,NA,NA,NA,NA,NA,NA,NA,"",NA,NA,NA,-132386.52,-201382.4,1,"S",-0.585781061946903,-0.891072566371681
NA,"Sky-H7-1",-207.18967,-123.09956,NA,NA,NA,NA,239.1397253,-22.382143339,NA,NA,NA,NA,NA,NA,NA,NA,NA,NA,NA,NA,NA,NA,NA,NA,"",NA,NA,NA,-207189.67,-123099.56,1,"S",-0.916768451327434,-0.544688318584071
NA,"Sky-H7-2",-211.10586,-112.05051,NA,NA,NA,NA,239.1218353,-22.336310296,NA,NA,NA,NA,NA,NA,NA,NA,NA,NA,NA,NA,NA,NA,NA,NA,"",NA,NA,NA,-211105.86,-112050.51,2,"S",-0.934096725663717,-0.495798716814159
NA,"Sky-H7-3",-218.06235,-102.61518,NA,NA,NA,NA,239.0912783,-22.29660279,NA,NA,NA,NA,NA,NA,NA,NA,NA,NA,NA,NA,NA,NA,NA,NA,"",NA,NA,NA,-218062.35,-102615.18,1,"S",-0.964877654867257,-0.454049469026549
NA,"Sky-H7-4",-222.74704,-92.00444,NA,NA,NA,NA,239.0704671,-22.252309343,NA,NA,NA,NA,NA,NA,NA,NA,NA,NA,NA,NA,NA,NA,NA,NA,"",NA,NA,NA,-222747.04,-92004.44,1,"S",-0.985606371681416,-0.407099292035398
NA,"Sky-H7-5",-226.91579,-81.18059,NA,NA,NA,NA,239.0519946,-22.207137573,NA,NA,NA,NA,NA,NA,NA,NA,NA,NA,NA,NA,NA,NA,NA,NA,"",NA,NA,NA,-226915.79,-81180.59,1,"S",-1.00405216814159,-0.359206150442478
NA,"Sky-H7-6",-230.55892,-70.1687,NA,NA,NA,NA,239.035902,-22.161192834,NA,NA,NA,NA,NA,NA,NA,NA,NA,NA,NA,NA,NA,NA,NA,NA,"",NA,NA,NA,-230558.92,-70168.7,1,"S",-1.02017221238938,-0.310480973451327
NA,"Sky-H7-7",-233.66801,-58.99428,NA,NA,NA,NA,239.0222245,-22.114582209,NA,NA,NA,NA,NA,NA,NA,NA,NA,NA,NA,NA,NA,NA,NA,NA,"",NA,NA,NA,-233668.01,-58994.28,1,"S",-1.03392924778761,-0.261036637168142
NA,"Sky-H7-8",-236.23556,-47.68464,NA,NA,NA,NA,239.0109932,-22.067420183,NA,NA,NA,NA,NA,NA,NA,NA,NA,NA,NA,NA,NA,NA,NA,NA,"",NA,NA,NA,-236235.56,-47684.64,1,"S",-1.04529008849558,-0.210993982300885
