#OBSTEMP,8
#CONFIGTEMP,19
#EQUINOX,J2000.0
#CENTRE,15 59 26.86,-21 52 19.9 #Field centre
#UTTIME,14 00 00.00 #Target observing time
#UTDATE,2021 07 10 #Target observing date
#PLATEID,a test_plateID
#LABEL,a test_label
#TILING_DATE,2021 06 16 # Date the tile was created/configured
#PROXIMITY,220 # tiling proximity value in arcseconds
"ID","RA","DEC","g_mag","r_mag","i_mag","z_mag","y_mag","GAIA_g_mag","GAIA_bp_mag","GAIA_rp_mag","pmRA","pmDEC","Re","GAL_MU_E_R","Mstar","priority","remaining_observations","Tile_number","COMPLETED","MagnetX_noDC","MagnetY_noDC","type","MagnetX","MagnetY","SkyFibrePosition","fibre_type","x","y","grads","gangs","gazAngs","gangs_gazAng"
"6243612104440601600",240.04935,-21.589516,NA,10.8283996582031,NA,NA,NA,NA,NA,NA,-14.5950334169632,-4.69607135305918,NA,NA,NA,NA,NA,NA,NA,42360.7942857125,63885.2003265305,2,40667.04,65918.49,NA,"G",-149.06922,87.40627,172.80476957168,3.21568646724885,-0.530319938546848,3.7460064057957
"6243203120476661376",239.97186,-22.79337,NA,11.6497001647949,NA,NA,NA,NA,NA,NA,-6.3634313784849,-10.2514756752206,NA,NA,NA,NA,NA,NA,NA,24848.0542857099,-208185.803673469,2,24147.17,-219901.16,NA,"G",58.16998,-198.9903,207.318320626254,4.02317968422545,1.85519769930421,2.16798198492124
"6246530345736828288",239.47615,-21.590834,NA,12.191499710083,NA,NA,NA,NA,NA,NA,-9.03548479081139,-11.5381205272271,NA,NA,NA,NA,NA,NA,NA,-87182.4057142907,63587.3323265302,2,-83820.78,65669.42,NA,"G",-98.79998,132.82059,165.537745471987,3.07439642526771,-0.931236142089892,4.0056325673576
"6243410511552109568",239.88884,-22.353481,NA,12.4773998260498,NA,NA,NA,NA,NA,NA,0.79299492387791,-5.12680770111516,NA,NA,NA,NA,NA,NA,NA,6085.53428570883,-108770.889673469,2,5804.14,-112644.21,NA,"G",182.79199,-90.51556,203.975435310906,4.64894224894492,2.68180573967195,1.96713650927297
"6246531136010824192",239.54382,-21.518038,NA,12.8070001602173,NA,NA,NA,NA,NA,NA,41.8750318719462,-29.4161833239491,NA,NA,NA,NA,NA,NA,NA,-71888.9857142859,80039.2283265303,2,-69156.09,82731.08,NA,"G",-147.22313,43.6415,153.555301208545,1.93028190761997,-0.288179276980468,2.21846118460043
"6243443157605830528",240.3797,-22.035347,NA,12.9666996002197,NA,NA,NA,NA,NA,NA,0.389783862736087,-6.80398876502442,NA,NA,NA,NA,NA,NA,NA,117019.894285715,-36872.6056734699,2,112393,-38409.8,NA,"G",69.34514,177.38643,190.459166200434,2.67038934073123,4.33972856552761,4.61384608238321
