#OBSTEMP,8
#CONFIGTEMP,19
#EQUINOX,J2000.0
#CENTRE,15 59 33.84,-22 01 08.6 #Field centre
#UTTIME,12 00 00.00 #Target observing time
#UTDATE,2021 07 10 #Target observing date
#PLATEID,a test_plateID
#LABEL,240_m20_comissioning_within_half_radius Tile 002
#TILING_DATE,2021 06 09 # Date the tile was created/configured
#PROXIMITY,220 # tiling proximity value in arcseconds
"ID","RA","DEC","g_mag","r_mag","i_mag","z_mag","y_mag","GAIA_g_mag","GAIA_bp_mag","GAIA_rp_mag","pmRA","pmDEC","Re","GAL_MU_E_R","Mstar","priority","remaining_observations","Tile_number","COMPLETED","MagnetX_noDC","MagnetY_noDC","type","MagnetX","MagnetY","Position","fibre_type","x","y","grads","gangs","gazAngs","gangs_gazAng"
"6243564481837370624",240.48537,-21.617958,NA,10.6978998184204,NA,NA,NA,NA,NA,NA,-11.7230724170359,-23.547779629735,NA,NA,NA,NA,NA,NA,NA,134328.035102041,90650.6570612254,2,130165.55,94246.02,NA,"G",-182.61364,-89.52353,203.376999529717,4.77702267049485,0.455804837101123,4.32121783339373
"6243612104440601600",240.04935,-21.589516,NA,10.8283996582031,NA,NA,NA,NA,NA,NA,-14.5950334169632,-4.69607135305918,NA,NA,NA,NA,NA,NA,NA,35787.515102038,97078.549061225,2,34417.31,100399.31,NA,"G",-154.1486,78.41471,172.946979234516,2.0395324919374,-0.47057984198228,2.51011233391968
"6243569876323017088",240.40779,-21.490728,NA,11.5790996551514,NA,NA,NA,NA,NA,NA,-41.5046450094698,15.2672698429117,NA,NA,NA,NA,NA,NA,NA,116794.955102032,119404.637061225,2,113424.87,124443.51,NA,"G",90.9224,18.95541,92.8772867283928,3.87295707071328,3.34712763518718,0.525829435526098
"6243203120476661376",239.97186,-22.79337,NA,11.6497001647949,NA,NA,NA,NA,NA,NA,-6.36343137848489,-10.2514756752206,NA,NA,NA,NA,NA,NA,NA,18274.7751020418,-174992.454938775,2,17655.19,-183317.31,NA,"G",151.82808,-105.17591,184.699046886589,0.789640607728852,2.53576236994515,4.53706354496329
"6243334237238067456",240.78938,-22.083347,NA,11.6505002975464,NA,NA,NA,NA,NA,NA,-4.6966944236801,-11.8659319612324,NA,NA,NA,NA,NA,NA,NA,203034.295102036,-14527.2569387751,2,197573.27,-15825.98,NA,"G",-133.15975,-88.24615,159.746367751774,2.33923831041688,0.585257596387242,1.75398071402964
"6237185974371659136",239.94101,-22.877972,NA,11.8268003463745,NA,NA,NA,NA,NA,NA,-64.8859508882771,-43.6202203661294,NA,NA,NA,NA,NA,NA,NA,11302.6751020383,-194112.506938775,2,10960.69,-204181.06,NA,"G",-105.90735,168.47476,198.997767678635,3.304372533419,-1.00959492422815,4.31396745764715
