#OBSTEMP,8
#CONFIGTEMP,19
#EQUINOX,J2000.0
#CENTRE,16 00 28.84,-22 01 29.5 #Field centre
#UTTIME,14 00 00.00 #Target observing time
#UTDATE,2021 07 10 #Target observing date
#PLATEID,a test_plateID
#LABEL,240_m20_comissioning_within_half_radius Tile 000
#TILING_DATE,2021 06 16 # Date the tile was created/configured
#PROXIMITY,220 # tiling proximity value in arcseconds
"probe","ID","x","y","rads","angs","azAngs","angs_azAng","RA","DEC","g_mag","r_mag","i_mag","z_mag","y_mag","GAIA_g_mag","GAIA_bp_mag","GAIA_rp_mag","pmRA","pmDEC","Re","GAL_MU_E_R","Mstar","priority","remaining_observations","Tile_number","COMPLETED","MagnetX_noDC","MagnetY_noDC","type","MagnetX","MagnetY","SkyFibrePosition","fibre_type","fraction_plate_radius_X","fraction_plate_radius_Y"
1,"6243621347211122048",30.7575,147.49069,150.663623489302,2.93548195879825,4.50679688417189,4.71187038180595,240.26056,-21.397448,18.0839996337891,17.6011009216309,17.3936996459961,17.2992000579834,17.207799911499,17.632595,18.036106,17.019295,2.05263988262036,-3.58026786641432,1,19,-99,1,1,-999,"False",31727.3097959163,141794.258734694,1,30757.5,147490.69,NA,"P",0.136095132743363,0.652613672566372
2,"6243216555134433280",-19.4676,-120.7071,122.266886114639,1.25970745032111,1.41089359626957,6.13199916123113,240.03033,-22.539938,19.118200302124,17.8481006622314,17.3398990631104,16.9687004089355,16.7481994628906,18.120031,17.96574,16.536171,-27.7677841967274,-5.37997557890761,1,19,-99,1,1,-999,"False",-20304.6702040851,-116408.481265306,1,-19467.6,-120707.1,NA,"P",-0.0861398230088496,-0.534102212389381
3,"6243479544569036160",-96.69325,4.23179,96.7858080617536,-0.832235267118255,-0.0437371922675274,5.49468723232886,239.67348,-22.00615,17.3899002075195,16.551399230957,16.2005004882813,15.9822998046875,15.8510999679565,16.577934,17.20715,15.795944,-2.2773304449741,-6.40230670293845,1,19,-99,1,1,-999,"False",-100952.770204081,4227.60673469339,1,-96693.25,4231.79,NA,"P",-0.427846238938053,0.0187247345132743
4,"6243248406611528960",60.41505,-54.36122,81.2718924745259,3.62682278341908,2.40889027343549,1.21793250998359,240.39992,-22.257486,18.5249996185303,17.9433002471924,17.6809005737305,17.5597991943359,17.4592990875244,17.964966,18.392721,17.284416,0.857881199485061,-1.26001745843239,1,19,-99,1,1,-999,"False",63222.6697959186,-52574.3292653063,1,60415.05,-54361.22,NA,"P",0.267323230088496,-0.240536371681416
5,"6243569257847710080",54.30658,111.40722,123.938586805824,3.15285532612375,4.25882348398663,5.1772171493167,240.3693,-21.54917,16.9545001983643,16.4825992584229,16.2742004394531,16.1833000183105,16.1240997314453,16.497072,16.891397,15.914684,-10.2809017510544,-8.77156822836077,1,19,-99,1,1,-999,"False",56302.5497959189,107505.086734694,1,54306.58,111407.22,NA,"P",0.240294601769912,0.492952300884956
6,"6243234147319938560",93.6548,-82.31669,124.688648302867,3.93042109044719,2.42053706757137,1.50988402287581,240.55235,-22.375408,16.9153995513916,16.2007007598877,15.8632001876831,15.6764001846313,15.552300453186,16.204702,16.782507,15.468834,-9.77992944101862,-7.38163098542123,1,19,-99,1,1,-999,"False",97671.8497959144,-79224.7012653063,1,93654.8,-82316.69,NA,"P",0.414401769911504,-0.36423314159292
7,"6243519573664395904",-39.60534,112.04444,118.838291351858,-0.00612074105873539,-1.231025675612,1.22490493455327,239.93816,-21.546179,16.3733997344971,15.7666997909546,15.4596996307373,15.3374996185303,15.2323999404907,15.764437,16.271513,15.093054,-5.02725995216822,-5.9338409196393,1,19,-99,1,1,-999,"False",-41135.0902040809,108181.052734694,1,-39605.34,112044.44,NA,"P",-0.175244867256637,0.49577185840708
8,"6246634554525436288",-84.37773,166.0901,186.294183049184,0.676662661584513,-1.10075027130067,1.77741293288518,239.7372,-21.322569,18.1947002410889,17.5389003753662,17.2369995117188,17.0851001739502,16.9841003417969,17.564903,18.09607,16.867342,-0.469830661810234,-1.02968726582209,1,19,-99,1,1,-999,"False",-86552.050204083,158716.912734693,1,-84377.73,166090.1,NA,"P",-0.373352787610619,0.734911946902655
9,"6243508063151966720",-97.83569,40.05741,105.718580834611,-0.640408260786266,-0.388613918708272,6.03139096510159,239.6691,-21.852888,16.906400680542,16.0300006866455,15.6586999893188,15.4651002883911,15.3399000167847,16.048328,16.703938,15.268154,8.49726413018865,-2.05100513342228,1,19,-99,1,1,-999,"False",-101942.650204086,38864.8187346937,1,-97835.69,40057.41,NA,"P",-0.432901283185841,0.17724517699115
10,"6243227103573604864",56.00815,-97.95714,112.838442666505,2.49717590304924,2.09019360275665,0.406982300292589,240.37921,-22.443163,18.3111991882324,17.168399810791,16.6567993164063,16.3740005493164,16.1879005432129,17.159723,17.950457,16.244429,0.901343722484584,-4.13049375684537,1,19,-99,1,1,-999,"False",58542.2097959168,-94537.3312653059,1,56008.15,-97957.14,NA,"P",0.247823672566372,-0.433438672566372
11,"6243448861322508800",45.59022,29.38822,54.2414567873762,3.64973590620386,3.7141742105626,6.21874700282084,240.3312,-21.898497,17.0090999603271,16.6833000183105,16.5503997802734,16.5076007843018,16.4603996276855,16.690954,16.983625,16.187191,-9.24308341323192,-5.84176476993531,1,19,-99,1,1,-999,"False",47691.9497959157,28557.184734694,1,45590.22,29388.22,NA,"P",0.201726637168142,0.130036371681416
12,"6243425531060147200",-59.82824,-40.2587,72.1122820827881,1.88240776133898,0.592308772587981,1.290098988751,239.84308,-22.197273,16.7406997680664,16.1847991943359,15.9455995559692,15.8493003845215,15.7659997940063,16.206566,16.661192,15.584073,-4.54951562862596,-2.66498666348015,1,19,-99,1,1,-999,"False",-62623.1702040864,-38966.191265306,1,-59828.24,-40258.7,NA,"P",-0.264726725663717,-0.178135840707965
13,"6243215146384695680",9.51706,-115.86431,116.254517171677,1.17824993616979,1.65275204362941,5.80868319971997,240.16429,-22.51967,15.6926002502441,14.8961000442505,14.5516004562378,14.3697996139526,14.2531995773315,14.91431,15.53178,14.156889,4.81701725946921,-2.23272116013075,1,19,-99,1,1,-999,"False",9970.28979591533,-111827.913265307,1,9517.06,-115864.31,NA,"P",0.0421108849557522,-0.512673938053097
14,"6243442637907430784",54.01217,-16.25661,56.4056014665299,3.88106551007576,2.84923655961405,1.03182895046171,240.37051,-22.094452,18.608699798584,17.8784008026123,17.5716991424561,17.4356002807617,17.3309001922607,17.913689,18.449154,17.193018,-4.9623547239247,-4.68580115287668,1,19,-99,1,1,-999,"False",56576.0097959158,-15728.6452653063,1,54012.17,-16256.61,NA,"P",0.238991902654867,-0.0719319026548673
15,"6243475180881842176",-156.1499,-11.96147,156.607369030231,-1.26411485010578,0.0764531750071695,4.94261728206664,239.40417,-22.074154,18.0177001953125,17.0373001098633,16.6205997467041,16.4097003936768,16.2670993804932,17.07009,17.803154,16.23108,-6.70409117649281,-7.23978086750941,1,19,-99,1,1,-999,"False",-161816.830204085,-11141.2972653062,1,-156149.9,-11961.47,NA,"P",-0.690928761061947,-0.0529268584070796
16,"6237409072151292288",-124.22749,-122.79465,174.673968696891,2.44836489039709,0.779597776715878,1.66876711368121,239.5508,-22.543728,17.7106990814209,16.9946002960205,16.6580009460449,16.4923992156982,16.3703002929688,17.007505,17.568235,16.288881,-11.9459841358559,-12.3284775577693,1,19,-99,1,1,-999,"False",-128678.450204081,-117265.021265307,1,-124227.49,-122794.65,NA,"P",-0.549679159292035,-0.543339159292035
17,"6243226382019085184",40.1557,-112.66383,119.606098643668,-1.04967420334864,1.91317948902036,3.32033161481058,240.30585,-22.505669,18.6093997955322,17.986499786377,17.7112007141113,17.5872993469238,17.4832000732422,18.025429,18.434462,17.320507,-4.78951363561635,1.37494012081743,1,19,-99,1,1,-999,"False",41962.849795915,-108663.687265306,1,40155.7,-112663.83,NA,"P",0.177680088495575,-0.498512522123894
18,"6243240744389795584",54.23486,-82.49645,98.7273229750615,3.77507519944224,2.15237041462102,1.62270478482121,240.37132,-22.377739,17.7262992858887,17.0289993286133,16.7656993865967,16.6569004058838,16.5457000732422,17.127335,17.591717,16.408611,4.88665563595926,-1.56517669315932,1,19,-99,1,1,-999,"False",56759.069795916,-79751.5072653058,1,54234.86,-82496.45,NA,"P",0.239977256637168,-0.365028539823009
19,"6243199753221775616",10.21686,-155.16071,155.496720724148,3.02683659467612,1.63654835987057,1.39028823480555,240.16736,-22.683876,19.0809993743896,17.9274005889893,17.3549995422363,17.0683002471924,16.889799118042,17.862772,18.057402,16.85782,-4.08586567037013,-5.60345599550891,1,19,-99,1,1,-999,"False",10664.1097959172,-148938.469265307,1,10216.86,-155160.71,NA,"P",0.0452073451327434,-0.686551814159292
20,"6243640176347080576",-12.29929,201.20776,201.583320785033,0.137648068502423,-1.50974497724533,1.64739304574775,239.97702,-21.842949,16.0457992553711,16.1079998016357,16.2469005584717,16.31369972229,16.3239994049072,16.02565,16.072765,15.878654,-3.9468241895319,-3.06824273148797,NA,NA,NA,1,NA,NA,"",-32352.730204081,41111.0327346936,0,-30918.06,42332.46,NA,"P",-0.136805575221239,0.187311769911504
21,"6243464013967287680",-30.91806,42.33246,52.4210225369097,3.44384469905178,-0.939981842710093,4.38382654176187,240.0644,-21.17709,17.7898006439209,17.5042991638184,17.3826007843018,17.3619003295898,17.3157997131348,17.496689,17.782122,17.039436,-3.89912509082255,-4.64347401232104,NA,NA,NA,1,NA,NA,"",-12604.8502040819,191595.166734694,0,-12299.29,201207.76,NA,"P",-0.0544216371681416,0.89029982300885
NA,"Sky-A1-1",-224.58157,81.75646,NA,NA,NA,NA,239.1126235,-21.681072385,NA,NA,NA,NA,NA,NA,NA,NA,NA,NA,NA,NA,NA,NA,NA,NA,"",NA,NA,NA,-224581.57,81756.46,2,"S",-0.993723761061947,0.361754247787611
NA,"Sky-A1-2",-222.23219,93.24117,NA,NA,NA,NA,239.124008,-21.633478869,NA,NA,NA,NA,NA,NA,NA,NA,NA,NA,NA,NA,NA,NA,NA,NA,"",NA,NA,NA,-222232.19,93241.17,1,"S",-0.983328274336283,0.412571548672566
NA,"Sky-A1-3",-217.48859,103.8257,NA,NA,NA,NA,239.1455405,-21.589506671,NA,NA,NA,NA,NA,NA,NA,NA,NA,NA,NA,NA,NA,NA,NA,NA,"",NA,NA,NA,-217488.59,103825.7,1,"S",-0.96233889380531,0.459405752212389
NA,"Sky-A1-4",-212.24121,114.16975,NA,NA,NA,NA,239.1693116,-21.546545151,NA,NA,NA,NA,NA,NA,NA,NA,NA,NA,NA,NA,NA,NA,NA,NA,"",NA,NA,NA,-212241.21,114169.75,1,"S",-0.939120398230089,0.505175884955752
NA,"Sky-A1-5",-206.50222,124.24934,NA,NA,NA,NA,239.1952648,-21.504693147,NA,NA,NA,NA,NA,NA,NA,NA,NA,NA,NA,NA,NA,NA,NA,NA,"",NA,NA,NA,-206502.22,124249.34,1,"S",-0.913726637168142,0.549775840707965
NA,"Sky-A1-6",-200.2849,134.04112,NA,NA,NA,NA,239.2233389,-21.464046798,NA,NA,NA,NA,NA,NA,NA,NA,NA,NA,NA,NA,NA,NA,NA,NA,"",NA,NA,NA,-200284.9,134041.12,1,"S",-0.886216371681416,0.593102300884956
NA,"Sky-A1-7",-193.60365,143.52243,NA,NA,NA,NA,239.2534679,-21.424699308,NA,NA,NA,NA,NA,NA,NA,NA,NA,NA,NA,NA,NA,NA,NA,NA,"",NA,NA,NA,-193603.65,143522.43,1,"S",-0.856653318584071,0.635055
NA,"Sky-A2-1",-2.96251,236.98148,NA,NA,NA,NA,240.1067095,-21.036518261,NA,NA,NA,NA,NA,NA,NA,NA,NA,NA,NA,NA,NA,NA,NA,NA,"",NA,NA,NA,-2962.51,236981.48,3,"S",-0.0131084513274336,1.04859061946903
NA,"Sky-A2-2",8.5856,240.84715,NA,NA,NA,NA,240.1582661,-21.02149479,NA,NA,NA,NA,NA,NA,NA,NA,NA,NA,NA,NA,NA,NA,NA,NA,"",NA,NA,NA,8585.6,240847.15,1,"S",0.0379893805309735,1.0656953539823
NA,"Sky-A2-3",20.16382,240.15512,NA,NA,NA,NA,240.2099456,-21.024371757,NA,NA,NA,NA,NA,NA,NA,NA,NA,NA,NA,NA,NA,NA,NA,NA,"",NA,NA,NA,20163.82,240155.12,1,"S",0.0892204424778761,1.06263327433628
NA,"Sky-A2-4",31.69534,238.90682,NA,NA,NA,NA,240.2614195,-21.029551233,NA,NA,NA,NA,NA,NA,NA,NA,NA,NA,NA,NA,NA,NA,NA,NA,"",NA,NA,NA,31695.34,238906.82,1,"S",0.140244867256637,1.05710982300885
NA,"Sky-A2-5",43.15344,237.10513,NA,NA,NA,NA,240.3125708,-21.037021366,NA,NA,NA,NA,NA,NA,NA,NA,NA,NA,NA,NA,NA,NA,NA,NA,"",NA,NA,NA,43153.44,237105.13,1,"S",0.190944424778761,1.04913774336283
NA,"Sky-A2-6",54.51158,234.75423,NA,NA,NA,NA,240.3632832,-21.046765014,NA,NA,NA,NA,NA,NA,NA,NA,NA,NA,NA,NA,NA,NA,NA,NA,"",NA,NA,NA,54511.58,234754.23,1,"S",0.241201681415929,1.03873553097345
NA,"Sky-A2-7",65.74346,231.85957,NA,NA,NA,NA,240.4134414,-21.058759868,NA,NA,NA,NA,NA,NA,NA,NA,NA,NA,NA,NA,NA,NA,NA,NA,"",NA,NA,NA,65743.46,231859.57,1,"S",0.290900265486726,1.02592730088496
NA,"Sky-A3-1",231.67752,66.38214,NA,NA,NA,NA,241.1586526,-21.745183286,NA,NA,NA,NA,NA,NA,NA,NA,NA,NA,NA,NA,NA,NA,NA,NA,"",NA,NA,NA,231677.52,66382.14,1,"S",1.0251217699115,0.293726283185841
NA,"Sky-A3-2",234.60313,55.15828,NA,NA,NA,NA,241.1720902,-21.791829042,NA,NA,NA,NA,NA,NA,NA,NA,NA,NA,NA,NA,NA,NA,NA,NA,"",NA,NA,NA,234603.13,55158.28,1,"S",1.03806694690265,0.244063185840708
NA,"Sky-A3-3",236.98531,43.80666,NA,NA,NA,NA,241.1831034,-21.839018415,NA,NA,NA,NA,NA,NA,NA,NA,NA,NA,NA,NA,NA,NA,NA,NA,"",NA,NA,NA,236985.31,43806.66,1,"S",1.04860756637168,0.193834778761062
NA,"Sky-A3-4",236.83654,32.08506,NA,NA,NA,NA,241.1833693,-21.887740416,NA,NA,NA,NA,NA,NA,NA,NA,NA,NA,NA,NA,NA,NA,NA,NA,"",NA,NA,NA,236836.54,32085.06,2,"S",1.0479492920354,0.141969292035398
NA,"Sky-A3-5",240.09865,20.82553,NA,NA,NA,NA,241.197752,-21.934591936,NA,NA,NA,NA,NA,NA,NA,NA,NA,NA,NA,NA,NA,NA,NA,NA,"",NA,NA,NA,240098.65,20825.53,1,"S",1.06238340707965,0.0921483628318584
NA,"Sky-A3-6",240.82258,9.24926,NA,NA,NA,NA,241.2013491,-21.98275549,NA,NA,NA,NA,NA,NA,NA,NA,NA,NA,NA,NA,NA,NA,NA,NA,"",NA,NA,NA,240822.58,9249.26,1,"S",1.06558663716814,0.0409259292035398
NA,"Sky-A3-7",240.98869,2.34844,NA,NA,NA,NA,241.2023032,-22.011473217,NA,NA,NA,NA,NA,NA,NA,NA,NA,NA,NA,NA,NA,NA,NA,NA,"",NA,NA,NA,240988.69,2348.44,1,"S",1.06632163716814,0.0103913274336283
NA,"Sky-A4-1",210.21182,-117.86456,NA,NA,NA,NA,241.0673645,-22.512563636,NA,NA,NA,NA,NA,NA,NA,NA,NA,NA,NA,NA,NA,NA,NA,NA,"",NA,NA,NA,210211.82,-117864.56,1,"S",0.930140796460177,-0.521524601769911
NA,"Sky-A4-2",204.2974,-127.84223,NA,NA,NA,NA,241.0409886,-22.554227717,NA,NA,NA,NA,NA,NA,NA,NA,NA,NA,NA,NA,NA,NA,NA,NA,"",NA,NA,NA,204297.4,-127842.23,1,"S",0.903970796460177,-0.565673584070796
NA,"Sky-A4-3",194.62485,-135.24114,NA,NA,NA,NA,240.9985666,-22.585868899,NA,NA,NA,NA,NA,NA,NA,NA,NA,NA,NA,NA,NA,NA,NA,NA,"",NA,NA,NA,194624.85,-135241.14,3,"S",0.861171902654867,-0.598412123893805
NA,"Sky-A4-4",189.47801,-145.66771,NA,NA,NA,NA,240.9751339,-22.62908718,NA,NA,NA,NA,NA,NA,NA,NA,NA,NA,NA,NA,NA,NA,NA,NA,"",NA,NA,NA,189478.01,-145667.71,2,"S",0.838398274336283,-0.644547389380531
NA,"Sky-A4-5",183.77509,-155.90952,NA,NA,NA,NA,240.9491962,-22.671494192,NA,NA,NA,NA,NA,NA,NA,NA,NA,NA,NA,NA,NA,NA,NA,NA,"",NA,NA,NA,183775.09,-155909.52,1,"S",0.813164115044248,-0.689865132743363
NA,"Sky-A4-6",176.06079,-164.57115,NA,NA,NA,NA,240.9146104,-22.707702876,NA,NA,NA,NA,NA,NA,NA,NA,NA,NA,NA,NA,NA,NA,NA,NA,"",NA,NA,NA,176060.79,-164571.15,1,"S",0.779030044247788,-0.72819092920354
NA,"Sky-A4-7",165.15122,-169.98257,NA,NA,NA,NA,240.8663467,-22.73123011,NA,NA,NA,NA,NA,NA,NA,NA,NA,NA,NA,NA,NA,NA,NA,NA,"",NA,NA,NA,165151.22,-169982.57,3,"S",0.730757610619469,-0.752135265486726
NA,"Sky-A5-1",-148.4702,-189.83588,NA,NA,NA,NA,239.4497769,-22.813744107,NA,NA,NA,NA,NA,NA,NA,NA,NA,NA,NA,NA,NA,NA,NA,NA,"",NA,NA,NA,-148470.2,-189835.88,1,"S",-0.656947787610619,-0.839981769911504
NA,"Sky-A5-2",-157.43205,-182.47249,NA,NA,NA,NA,239.4094318,-22.782946362,NA,NA,NA,NA,NA,NA,NA,NA,NA,NA,NA,NA,NA,NA,NA,NA,"",NA,NA,NA,-157432.05,-182472.49,1,"S",-0.696601991150442,-0.807400398230088
NA,"Sky-A5-3",-166.02924,-174.68645,NA,NA,NA,NA,239.3707574,-22.750385499,NA,NA,NA,NA,NA,NA,NA,NA,NA,NA,NA,NA,NA,NA,NA,NA,"",NA,NA,NA,-166029.24,-174686.45,1,"S",-0.734642654867257,-0.77294889380531
NA,"Sky-A5-4",-174.24185,-166.49577,NA,NA,NA,NA,239.3338435,-22.71613787,NA,NA,NA,NA,NA,NA,NA,NA,NA,NA,NA,NA,NA,NA,NA,NA,"",NA,NA,NA,-174241.85,-166495.77,1,"S",-0.770981637168142,-0.736706946902655
NA,"Sky-A5-5",-182.05086,-157.91943,NA,NA,NA,NA,239.2987759,-22.680283874,NA,NA,NA,NA,NA,NA,NA,NA,NA,NA,NA,NA,NA,NA,NA,NA,"",NA,NA,NA,-182050.86,-157919.43,1,"S",-0.805534778761062,-0.698758539823009
NA,"Sky-A5-6",-189.43818,-148.97731,NA,NA,NA,NA,239.2656353,-22.642907658,NA,NA,NA,NA,NA,NA,NA,NA,NA,NA,NA,NA,NA,NA,NA,NA,"",NA,NA,NA,-189438.18,-148977.31,1,"S",-0.83822203539823,-0.659191637168142
NA,"Sky-A5-7",-196.38671,-139.6901,NA,NA,NA,NA,239.2344982,-22.604096734,NA,NA,NA,NA,NA,NA,NA,NA,NA,NA,NA,NA,NA,NA,NA,NA,"",NA,NA,NA,-196386.71,-139690.1,1,"S",-0.868967743362832,-0.61809778761062
NA,"Sky-H1-1",-181.17025,158.92893,NA,NA,NA,NA,239.309448,-21.360783703,NA,NA,NA,NA,NA,NA,NA,NA,NA,NA,NA,NA,NA,NA,NA,NA,"",NA,NA,NA,-181170.25,158928.93,1,"S",-0.801638274336283,0.703225353982301
NA,"Sky-H1-2",-173.31368,167.46173,NA,NA,NA,NA,239.3447732,-21.325396051,NA,NA,NA,NA,NA,NA,NA,NA,NA,NA,NA,NA,NA,NA,NA,NA,"",NA,NA,NA,-173313.68,167461.73,1,"S",-0.766874690265487,0.74098110619469
NA,"Sky-H1-3",-165.05567,175.60663,NA,NA,NA,NA,239.38187,-21.291625024,NA,NA,NA,NA,NA,NA,NA,NA,NA,NA,NA,NA,NA,NA,NA,NA,"",NA,NA,NA,-165055.67,175606.63,1,"S",-0.73033482300885,0.777020486725664
NA,"Sky-H1-4",-155.1172,181.82314,NA,NA,NA,NA,239.4260519,-21.265496928,NA,NA,NA,NA,NA,NA,NA,NA,NA,NA,NA,NA,NA,NA,NA,NA,"",NA,NA,NA,-155117.2,181823.14,2,"S",-0.686359292035398,0.804527168141593
NA,"Sky-H1-5",-146.18928,189.07589,NA,NA,NA,NA,239.466118,-21.235420923,NA,NA,NA,NA,NA,NA,NA,NA,NA,NA,NA,NA,NA,NA,NA,NA,"",NA,NA,NA,-146189.28,189075.89,2,"S",-0.646855221238938,0.836618982300885
NA,"Sky-H1-6",-136.92273,195.8907,NA,NA,NA,NA,239.5076757,-21.207167042,NA,NA,NA,NA,NA,NA,NA,NA,NA,NA,NA,NA,NA,NA,NA,NA,"",NA,NA,NA,-136922.73,195890.7,2,"S",-0.605852787610619,0.866773008849558
NA,"Sky-H1-7",-128.4047,203.94434,NA,NA,NA,NA,239.5462017,-21.174192179,NA,NA,NA,NA,NA,NA,NA,NA,NA,NA,NA,NA,NA,NA,NA,NA,"",NA,NA,NA,-128404.7,203944.34,1,"S",-0.568162389380531,0.902408584070796
NA,"Sky-H1-8",-118.44464,209.88551,NA,NA,NA,NA,239.5907918,-21.149585092,NA,NA,NA,NA,NA,NA,NA,NA,NA,NA,NA,NA,NA,NA,NA,NA,"",NA,NA,NA,-118444.64,209885.51,1,"S",-0.524091327433628,0.928696946902655
NA,"Sky-H2-1",-99.14316,215.26642,NA,NA,NA,NA,239.6766122,-21.126443734,NA,NA,NA,NA,NA,NA,NA,NA,NA,NA,NA,NA,NA,NA,NA,NA,"",NA,NA,NA,-99143.16,215266.42,3,"S",-0.438686548672566,0.952506283185841
NA,"Sky-H2-2",-90.16757,223.49692,NA,NA,NA,NA,239.7172719,-21.09323013,NA,NA,NA,NA,NA,NA,NA,NA,NA,NA,NA,NA,NA,NA,NA,NA,"",NA,NA,NA,-90167.57,223496.92,1,"S",-0.398971548672566,0.988924424778761
NA,"Sky-H2-3",-79.30977,227.57641,NA,NA,NA,NA,239.7658017,-21.07634661,NA,NA,NA,NA,NA,NA,NA,NA,NA,NA,NA,NA,NA,NA,NA,NA,"",NA,NA,NA,-79309.77,227576.41,1,"S",-0.350928185840708,1.00697526548673
NA,"Sky-H2-4",-68.26826,231.12877,NA,NA,NA,NA,239.8151364,-21.061648007,NA,NA,NA,NA,NA,NA,NA,NA,NA,NA,NA,NA,NA,NA,NA,NA,"",NA,NA,NA,-68268.26,231128.77,1,"S",-0.302071946902655,1.02269367256637
NA,"Sky-H2-5",-57.06862,234.14576,NA,NA,NA,NA,239.8651636,-21.049167784,NA,NA,NA,NA,NA,NA,NA,NA,NA,NA,NA,NA,NA,NA,NA,NA,"",NA,NA,NA,-57068.62,234145.76,1,"S",-0.252516017699115,1.03604318584071
NA,"Sky-H2-6",-45.73679,236.62039,NA,NA,NA,NA,239.9157693,-21.038934295,NA,NA,NA,NA,NA,NA,NA,NA,NA,NA,NA,NA,NA,NA,NA,NA,"",NA,NA,NA,-45736.79,236620.39,1,"S",-0.20237517699115,1.04699287610619
NA,"Sky-H2-7",-33.72972,234.58752,NA,NA,NA,NA,239.9692039,-21.046407805,NA,NA,NA,NA,NA,NA,NA,NA,NA,NA,NA,NA,NA,NA,NA,NA,"",NA,NA,NA,-33729.72,234587.52,3,"S",-0.149246548672566,1.03799787610619
NA,"Sky-H2-8",-22.78326,239.92079,NA,NA,NA,NA,240.0182478,-21.025295726,NA,NA,NA,NA,NA,NA,NA,NA,NA,NA,NA,NA,NA,NA,NA,NA,"",NA,NA,NA,-22783.26,239920.79,1,"S",-0.100810884955752,1.0615964159292
NA,"Sky-H3-1",184.61356,154.91577,NA,NA,NA,NA,240.9457015,-21.377659134,NA,NA,NA,NA,NA,NA,NA,NA,NA,NA,NA,NA,NA,NA,NA,NA,"",NA,NA,NA,184613.56,154915.77,1,"S",0.816874159292035,0.685468008849557
NA,"Sky-H3-2",188.66901,143.43293,NA,NA,NA,NA,240.9650245,-21.424739725,NA,NA,NA,NA,NA,NA,NA,NA,NA,NA,NA,NA,NA,NA,NA,NA,"",NA,NA,NA,188669.01,143432.93,3,"S",0.834818628318584,0.634658982300885
NA,"Sky-H3-3",198.64884,136.45402,NA,NA,NA,NA,241.008908,-21.454239607,NA,NA,NA,NA,NA,NA,NA,NA,NA,NA,NA,NA,NA,NA,NA,NA,"",NA,NA,NA,198648.84,136454.02,1,"S",0.878977168141593,0.603778849557522
NA,"Sky-H3-4",204.98415,126.73816,NA,NA,NA,NA,241.0374932,-21.494553559,NA,NA,NA,NA,NA,NA,NA,NA,NA,NA,NA,NA,NA,NA,NA,NA,"",NA,NA,NA,204984.15,126738.16,1,"S",0.907009513274336,0.560788318584071
NA,"Sky-H3-5",207.34504,114.79126,NA,NA,NA,NA,241.0493787,-21.543719829,NA,NA,NA,NA,NA,NA,NA,NA,NA,NA,NA,NA,NA,NA,NA,NA,"",NA,NA,NA,207345.04,114791.26,3,"S",0.91745592920354,0.50792592920354
NA,"Sky-H3-6",212.628,104.68207,NA,NA,NA,NA,241.0733162,-21.585732106,NA,NA,NA,NA,NA,NA,NA,NA,NA,NA,NA,NA,NA,NA,NA,NA,"",NA,NA,NA,212628,104682.07,3,"S",0.94083185840708,0.463195
NA,"Sky-H3-7",219.25319,95.12644,NA,NA,NA,NA,241.1027335,-21.625614966,NA,NA,NA,NA,NA,NA,NA,NA,NA,NA,NA,NA,NA,NA,NA,NA,"",NA,NA,NA,219253.19,95126.44,2,"S",0.97014685840708,0.420913451327434
NA,"Sky-H3-8",225.44672,85.17533,NA,NA,NA,NA,241.1302047,-21.667107243,NA,NA,NA,NA,NA,NA,NA,NA,NA,NA,NA,NA,NA,NA,NA,NA,"",NA,NA,NA,225446.72,85175.33,1,"S",0.99755185840708,0.376881991150442
NA,"Sky-H4-1",237.99111,-21.937,NA,NA,NA,NA,241.1901663,-22.112682703,NA,NA,NA,NA,NA,NA,NA,NA,NA,NA,NA,NA,NA,NA,NA,NA,"",NA,NA,NA,237991.11,-21937,2,"S",1.05305800884956,-0.0970663716814159
NA,"Sky-H4-2",238.64054,-33.64155,NA,NA,NA,NA,241.1928443,-22.16132638,NA,NA,NA,NA,NA,NA,NA,NA,NA,NA,NA,NA,NA,NA,NA,NA,"",NA,NA,NA,238640.54,-33641.55,1,"S",1.05593159292035,-0.148856415929204
NA,"Sky-H4-3",236.74552,-45.08459,NA,NA,NA,NA,241.1846721,-22.209001263,NA,NA,NA,NA,NA,NA,NA,NA,NA,NA,NA,NA,NA,NA,NA,NA,"",NA,NA,NA,236745.52,-45084.59,1,"S",1.04754654867257,-0.199489336283186
NA,"Sky-H4-4",234.30213,-56.42319,NA,NA,NA,NA,241.1740267,-22.256255071,NA,NA,NA,NA,NA,NA,NA,NA,NA,NA,NA,NA,NA,NA,NA,NA,"",NA,NA,NA,234302.13,-56423.19,1,"S",1.03673508849558,-0.249660132743363
NA,"Sky-H4-5",231.31601,-67.6311,NA,NA,NA,NA,241.1609302,-22.302978131,NA,NA,NA,NA,NA,NA,NA,NA,NA,NA,NA,NA,NA,NA,NA,NA,"",NA,NA,NA,231316.01,-67631.1,1,"S",1.02352216814159,-0.299252654867257
NA,"Sky-H4-6",225.90356,-78.02935,NA,NA,NA,NA,241.1374506,-22.346575057,NA,NA,NA,NA,NA,NA,NA,NA,NA,NA,NA,NA,NA,NA,NA,NA,"",NA,NA,NA,225903.56,-78029.35,2,"S",0.999573274336283,-0.345262610619469
NA,"Sky-H4-7",223.74453,-89.55136,NA,NA,NA,NA,241.1275028,-22.394398964,NA,NA,NA,NA,NA,NA,NA,NA,NA,NA,NA,NA,NA,NA,NA,NA,"",NA,NA,NA,223744.53,-89551.36,1,"S",0.990020044247788,-0.396244955752212
NA,"Sky-H4-8",219.17732,-100.21161,NA,NA,NA,NA,241.107248,-22.438878428,NA,NA,NA,NA,NA,NA,NA,NA,NA,NA,NA,NA,NA,NA,NA,NA,"",NA,NA,NA,219177.32,-100211.61,1,"S",0.969811150442478,-0.443414203539823
NA,"Sky-H5-1",41.83481,-237.34134,NA,NA,NA,NA,240.309547,-23.012364925,NA,NA,NA,NA,NA,NA,NA,NA,NA,NA,NA,NA,NA,NA,NA,NA,"",NA,NA,NA,41834.81,-237341.34,1,"S",0.185109778761062,-1.05018292035398
NA,"Sky-H5-2",30.36687,-239.07931,NA,NA,NA,NA,240.2577057,-23.019662101,NA,NA,NA,NA,NA,NA,NA,NA,NA,NA,NA,NA,NA,NA,NA,NA,"",NA,NA,NA,30366.87,-239079.31,1,"S",0.134366681415929,-1.05787305309735
NA,"Sky-H5-3",18.8286,-240.26349,NA,NA,NA,NA,240.2055379,-23.024640065,NA,NA,NA,NA,NA,NA,NA,NA,NA,NA,NA,NA,NA,NA,NA,NA,"",NA,NA,NA,18828.6,-240263.49,1,"S",0.083312389380531,-1.06311278761062
NA,"Sky-H5-4",7.2467,-240.89115,NA,NA,NA,NA,240.1531666,-23.027287015,NA,NA,NA,NA,NA,NA,NA,NA,NA,NA,NA,NA,NA,NA,NA,NA,"",NA,NA,NA,7246.7,-240891.15,1,"S",0.0320650442477876,-1.06589004424779
NA,"Sky-H5-5",-4.35197,-240.96083,NA,NA,NA,NA,240.1007159,-23.027596572,NA,NA,NA,NA,NA,NA,NA,NA,NA,NA,NA,NA,NA,NA,NA,NA,"",NA,NA,NA,-4351.97,-240960.83,1,"S",-0.0192565044247788,-1.06619836283186
NA,"Sky-H5-6",-15.94057,-240.47237,NA,NA,NA,NA,240.0483094,-23.025567904,NA,NA,NA,NA,NA,NA,NA,NA,NA,NA,NA,NA,NA,NA,NA,NA,"",NA,NA,NA,-15940.57,-240472.37,1,"S",-0.0705334955752212,-1.06403703539823
NA,"Sky-H5-7",-27.49224,-239.4269,NA,NA,NA,NA,239.9960713,-23.021205691,NA,NA,NA,NA,NA,NA,NA,NA,NA,NA,NA,NA,NA,NA,NA,NA,"",NA,NA,NA,-27492.24,-239426.9,1,"S",-0.121647079646018,-1.0594110619469
NA,"Sky-H5-8",-38.97879,-237.82707,NA,NA,NA,NA,239.9441314,-23.014521081,NA,NA,NA,NA,NA,NA,NA,NA,NA,NA,NA,NA,NA,NA,NA,NA,"",NA,NA,NA,-38978.79,-237827.07,1,"S",-0.172472522123894,-1.05233216814159
NA,"Sky-H6-1",-57.88483,-231.88434,NA,NA,NA,NA,239.8585246,-22.990249777,NA,NA,NA,NA,NA,NA,NA,NA,NA,NA,NA,NA,NA,NA,NA,NA,"",NA,NA,NA,-57884.83,-231884.34,2,"S",-0.256127566371681,-1.02603690265487
NA,"Sky-H6-2",-68.97471,-228.8307,NA,NA,NA,NA,239.8083749,-22.977468923,NA,NA,NA,NA,NA,NA,NA,NA,NA,NA,NA,NA,NA,NA,NA,NA,"",NA,NA,NA,-68974.71,-228830.7,2,"S",-0.305197831858407,-1.01252522123894
NA,"Sky-H6-3",-82.24515,-231.84421,NA,NA,NA,NA,239.749044,-22.988015227,NA,NA,NA,NA,NA,NA,NA,NA,NA,NA,NA,NA,NA,NA,NA,NA,"",NA,NA,NA,-82245.15,-231844.21,0,"S",-0.363916592920354,-1.02585933628319
NA,"Sky-H6-4",-90.64987,-221.14158,NA,NA,NA,NA,239.7103965,-22.945280624,NA,NA,NA,NA,NA,NA,NA,NA,NA,NA,NA,NA,NA,NA,NA,NA,"",NA,NA,NA,-90649.87,-221141.58,2,"S",-0.401105619469027,-0.978502566371681
NA,"Sky-H6-5",-101.18493,-216.52393,NA,NA,NA,NA,239.6627987,-22.925948981,NA,NA,NA,NA,NA,NA,NA,NA,NA,NA,NA,NA,NA,NA,NA,NA,"",NA,NA,NA,-101184.93,-216523.93,2,"S",-0.44772092920354,-0.958070486725664
NA,"Sky-H6-6",-112.41861,-213.17391,NA,NA,NA,NA,239.6123182,-22.911380626,NA,NA,NA,NA,NA,NA,NA,NA,NA,NA,NA,NA,NA,NA,NA,NA,"",NA,NA,NA,-112418.61,-213173.91,1,"S",-0.497427477876106,-0.943247389380531
NA,"Sky-H6-7",-122.54511,-207.51809,NA,NA,NA,NA,239.5666291,-22.887716258,NA,NA,NA,NA,NA,NA,NA,NA,NA,NA,NA,NA,NA,NA,NA,NA,"",NA,NA,NA,-122545.11,-207518.09,1,"S",-0.542235,-0.918221637168142
NA,"Sky-H6-8",-130.18916,-198.03985,NA,NA,NA,NA,239.5315796,-22.849076556,NA,NA,NA,NA,NA,NA,NA,NA,NA,NA,NA,NA,NA,NA,NA,NA,"",NA,NA,NA,-130189.16,-198039.85,3,"S",-0.576058230088496,-0.876282522123894
NA,"Sky-H7-1",-207.18967,-123.09956,NA,NA,NA,NA,239.1861729,-22.534785442,NA,NA,NA,NA,NA,NA,NA,NA,NA,NA,NA,NA,NA,NA,NA,NA,"",NA,NA,NA,-207189.67,-123099.56,1,"S",-0.916768451327434,-0.544688318584071
NA,"Sky-H7-2",-212.87255,-112.98823,NA,NA,NA,NA,239.1608037,-22.492555542,NA,NA,NA,NA,NA,NA,NA,NA,NA,NA,NA,NA,NA,NA,NA,NA,"",NA,NA,NA,-212872.55,-112988.23,1,"S",-0.941913938053097,-0.499947920353982
NA,"Sky-H7-3",-216.25259,-101.76355,NA,NA,NA,NA,239.1453171,-22.445975582,NA,NA,NA,NA,NA,NA,NA,NA,NA,NA,NA,NA,NA,NA,NA,NA,"",NA,NA,NA,-216252.59,-101763.55,2,"S",-0.956869867256637,-0.450281194690266
NA,"Sky-H7-4",-222.74704,-92.00444,NA,NA,NA,NA,239.1168458,-22.404948438,NA,NA,NA,NA,NA,NA,NA,NA,NA,NA,NA,NA,NA,NA,NA,NA,"",NA,NA,NA,-222747.04,-92004.44,1,"S",-0.985606371681416,-0.407099292035398
NA,"Sky-H7-5",-226.91579,-81.18059,NA,NA,NA,NA,239.0983557,-22.359775835,NA,NA,NA,NA,NA,NA,NA,NA,NA,NA,NA,NA,NA,NA,NA,NA,"",NA,NA,NA,-226915.79,-81180.59,1,"S",-1.00405216814159,-0.359206150442478
NA,"Sky-H7-6",-228.64545,-69.58635,NA,NA,NA,NA,239.0903121,-22.311615174,NA,NA,NA,NA,NA,NA,NA,NA,NA,NA,NA,NA,NA,NA,NA,NA,"",NA,NA,NA,-228645.45,-69586.35,2,"S",-1.01170553097345,-0.307904203539823
NA,"Sky-H7-7",-233.66801,-58.99428,NA,NA,NA,NA,239.0685585,-22.267219108,NA,NA,NA,NA,NA,NA,NA,NA,NA,NA,NA,NA,NA,NA,NA,NA,"",NA,NA,NA,-233668.01,-58994.28,1,"S",-1.03392924778761,-0.261036637168142
NA,"Sky-H7-8",-236.23556,-47.68464,NA,NA,NA,NA,239.0573178,-22.220056566,NA,NA,NA,NA,NA,NA,NA,NA,NA,NA,NA,NA,NA,NA,NA,NA,"",NA,NA,NA,-236235.56,-47684.64,1,"S",-1.04529008849558,-0.210993982300885
