"probe","ID","x","y","rads","angs","azAngs","angs_azAng","RA","DEC","g_mag","r_mag","i_mag","z_mag","y_mag","GAIA_g_mag","GAIA_bp_mag","GAIA_rp_mag","pmRA","pmDEC","Re","GAL_MU_E_R","Mstar","priority","remaining_observations","Tile_number","COMPLETED","MagnetX_noDC","MagnetY_noDC","type","MagnetX","MagnetY","Position","fibre_type","fraction_plate_radius_X","fraction_plate_radius_Y"
1,"6243617361481456000",56.71419,134.9123,146.348310679167,3.23737687580239,4.31443954192854,5.20612264105344,240.34204,-21.445534,17.6380996704102,16.8404006958008,16.5254001617432,16.3658008575439,16.2486000061035,16.891495,17.488016,16.148794,6.56521067439883,-9.80036007051735,1,19,-99,1,1,-999,"False",58559.782448978,129754.413142857,1,56714.19,134912.3,NA,"P",0.250947743362832,0.596957079646018
2,"6246531754486118528",-123.12546,116.87198,169.761416727512,3.12944956539851,-0.759347613300469,3.88879717869898,239.52162,-21.52327,17.9228000640869,17.206600189209,16.8826007843018,16.7164001464844,16.6166000366211,17.23172,17.795168,16.512499,0.924295902501516,0.744209856621306,1,19,-99,1,1,-999,"False",-126855.137551019,112186.077142857,1,-123125.46,116871.98,NA,"P",-0.544802920353982,0.517132654867257
3,"6243488611238509056",-172.05995,9.43876,172.318648394015,1.98743997344347,-0.0548024623616072,2.04224243580508,239.2967,-21.977842,18.3337993621826,17.6765995025635,17.3708000183105,17.2045001983643,17.1096992492676,17.695522,18.225088,16.985773,-8.64034680868221,-2.99010178892257,1,19,-99,1,1,-999,"False",-177687.057551024,9452.80514285575,1,-172059.95,9438.76,NA,"P",-0.761327212389381,0.0417644247787611
4,"6243524830704396544",-121.70974,70.74479,140.776724365258,-0.525392825967545,-0.526524798454915,0.00113197248736974,239.52493,-21.717518,18.8665008544922,17.9512996673584,17.5361003875732,17.3285007476807,17.1840991973877,17.955893,18.621735,17.139977,-3.24449120576048,-3.02109073408014,1,19,-99,1,1,-999,"False",-126107.077551019,68286.0291428575,1,-121709.74,70744.79,NA,"P",-0.538538672566372,0.313030044247788
5,"6243542044934154624",66.85391,29.5249,73.0832744360712,1.31489867830067,3.55746692394368,4.04061706153658,240.39188,-21.892767,17.1497993469238,16.5804004669189,16.3255996704102,16.2185001373291,16.1338996887207,16.598248,17.063452,15.959352,-1.89600256071502,-7.58803564725706,1,19,-99,1,1,-999,"False",69823.6224489755,28679.7551428557,1,66853.91,29524.9,NA,"P",0.295813761061947,0.130641150442478
6,"6243610798770704256",32.78599,117.61225,122.096529395158,3.23612615420709,4.44052734936001,5.07878411202666,240.23329,-21.517479,17.400899887085,16.7460994720459,16.4603996276855,16.3229999542236,16.2147006988525,16.782082,17.299139,16.093504,-5.75732160104511,-5.58053685138715,1,19,-99,1,1,-999,"False",33982.282448981,113494.843142857,1,32785.99,117612.25,NA,"P",0.145070752212389,0.520408185840708
7,"6243435357945217280",15.64354,-35.73171,39.0060949500934,1.94402919167581,1.98346317896678,6.24375131988861,240.15561,-22.173294,17.8593997955322,17.2376003265381,16.9796009063721,16.8579998016357,16.777099609375,17.27542,17.74691,16.606949,-6.86106810334312,-2.27292145082365,1,19,-99,1,1,-999,"False",16426.6024489776,-34719.3468571425,1,15643.54,-35731.71,NA,"P",0.069219203539823,-0.158104911504425
8,"6243414398504600064",-115.90508,-106.07685,157.11869931911,2.3391580172658,0.741152149518906,1.59800586774689,239.55023,-22.469364,17.9475002288818,17.4477005004883,17.2031002044678,17.1032009124756,17.0209007263184,17.457968,17.853052,16.825935,1.07733114383399,-4.77112251105784,1,19,-99,1,1,-999,"False",-120389.277551022,-101631.166857143,1,-115905.08,-106076.85,NA,"P",-0.512854336283186,-0.469366592920354
9,"6243216108457414400",24.46619,-97.98223,100.990652284699,1.5478641592544,1.81549287806679,6.0155565883672,240.1963,-22.43888,15.809100151062,15.1293001174927,14.8643999099731,14.7508001327515,14.6604995727539,15.169094,15.686036,14.495978,-4.30595707789328,-7.39020685863068,1,19,-99,1,1,-999,"False",25622.5424489804,-94741.7828571431,1,24466.19,-97982.23,NA,"P",0.108257477876106,-0.433549690265487
10,"6243358834507740160",139.35385,43.94074,146.117364271226,4.02783277576202,3.44704250327727,0.580790272484752,240.72144,-21.831522,18.1037998199463,17.502799987793,17.2180995941162,17.0750999450684,16.9799003601074,17.511469,17.995876,16.835192,-1.94866105290421,-1.89595220435975,1,19,-99,1,1,-999,"False",144304.182448979,42521.1251428572,1,139353.85,43940.74,NA,"P",0.616609955752212,0.194428053097345
11,"6243520741895485952",-115.13542,51.64656,126.188478469352,-0.436505293976698,-0.42166601435072,6.26834602755361,239.55368,-21.798471,18.5860996246338,17.9769992828369,17.6853008270264,17.5030994415283,17.3684997558594,18.005518,18.44432,17.27196,-14.2734365956204,-0.640897062599648,1,19,-99,1,1,-999,"False",-119609.577551018,49990.6511428573,1,-115135.42,51646.56,NA,"P",-0.509448761061947,0.228524601769912
12,"6243419002709554688",-114.79558,-83.78176,142.117586864659,-1.23935614060793,0.630469699681731,4.41335946688993,239.5546,-22.375404,17.8334999084473,17.2780990600586,17.025899887085,16.9143009185791,16.8159008026123,17.294119,17.747349,16.630903,0.212352987606134,-4.56435411347376,1,19,-99,1,1,-999,"False",-119401.657551023,-80396.2068571428,1,-114795.58,-83781.76,NA,"P",-0.507945044247788,-0.370715752212389
13,"6243506031626295168",-43.20386,47.08115,63.8999859485282,-0.649303583340426,-0.828316794519514,0.179013211179088,239.88312,-21.817493,18.2303009033203,17.6434993743896,17.37380027771,17.2644004821777,17.1583995819092,17.667429,18.14149,17.010897,0.439146654344678,-0.531432831865482,1,19,-99,1,1,-999,"False",-45156.1375510235,45691.6791428574,1,-43203.86,47081.15,NA,"P",-0.191167522123894,0.208323672566372
14,"6243544759354419840",93.96979,59.06828,110.992716584479,3.62897567638384,3.70276792610579,6.20939305745763,240.51546,-21.766584,17.6984004974365,17.1636009216309,16.9405994415283,16.846700668335,16.770299911499,17.188124,17.613878,16.57587,-1.17801102915985,2.83799231176333,1,19,-99,1,1,-999,"False",97752.7024489764,57197.1131428567,1,93969.79,59068.28,NA,"P",0.415795530973451,0.26136407079646
15,"6243459203603812352",-4.76271,13.88263,14.676880535761,3.60074164664628,-1.24030876658572,4.841050413232,240.06073,-21.95971,15.9582996368408,15.539400100708,15.3543996810913,15.2671003341675,15.2104997634888,15.533947,15.901967,14.9845915,-3.05869828984736,2.28892293757541,1,19,-99,1,1,-999,"False",-5016.27755101993,13550.6371428569,1,-4762.71,13882.63,NA,"P",-0.0210739380530973,0.0614275663716814
16,"6243608840265448960",5.14671,92.21285,92.3563659362288,-0.103119314591378,4.65663345673512,1.52343253585309,240.10654,-21.624922,15.3351001739502,14.7638998031616,14.5318002700806,14.4280996322632,14.3663997650146,14.78614,15.246528,14.164839,5.5012838399204,-4.04293204327244,1,19,-99,1,1,-999,"False",5336.78244897754,89212.7251428568,1,5146.71,92212.85,NA,"P",0.0227730530973451,0.408021460176991
17,"6243247375819323776",86.8944,-61.37689,106.384958417213,1.08512681501778,2.52662508875333,4.84168703344403,240.4846,-22.281614,17.0130004882813,16.37619972229,16.113000869751,15.9609003067017,15.8729000091553,16.38899,16.882633,15.720004,0.542557410297177,-0.0390842528900147,1,19,-99,1,1,-999,"False",90778.3424489787,-59199.6668571431,1,86894.4,-61376.89,NA,"P",0.384488495575221,-0.271579159292035
18,"6243408248111571584",2.11492,-72.57561,72.6064188173367,1.33604245963029,1.59992900161902,6.01929876519086,240.0928,-22.330832,17.5919990539551,16.9792003631592,16.6930999755859,16.5596008300781,16.4743995666504,16.994648,17.496092,16.314512,-4.72930503105694,-2.48465611786776,1,19,-99,1,1,-999,"False",2231.54244898109,-70322.9348571431,1,2114.92,-72575.61,NA,"P",0.00935805309734513,-0.321131017699115
19,"6243454599398894336",-39.24636,1.57888,39.2781063100552,1.74156833039629,-0.0402082905614263,1.78177662095772,239.90085,-22.012787,17.5613994598389,17.0074005126953,16.7362995147705,16.6201992034912,16.5303001403809,17.018198,17.47929,16.381199,-0.0145411074901259,-0.143462166214562,1,19,-99,1,1,-999,"False",-41149.1575510234,1555.23514285726,1,-39246.36,1578.88,NA,"P",-0.173656460176991,0.00698619469026549
20,"6243180099451824000",176.24605,-112.99957,209.359912497086,0.399735459304838,2.57146640624424,4.11145436024018,240.88467,-22.492474,17.2486000061035,17.1520004272461,17.1511993408203,17.1375007629395,17.0813007354736,17.12541,17.275198,16.786482,-0.955638154959093,-1.75819020353251,NA,NA,NA,1,NA,NA,"",181194.162448985,-106854.026857142,0,176246.05,-112999.57,NA,"P",0.779849778761062,-0.499998097345133
21,"6243171028480235776",150.1856,-147.95822,210.825400065856,0.356682656410333,2.36366517518696,4.27620278840296,240.76662,-22.639654,17.092399597168,16.9125995635986,16.8784008026123,16.7695999145508,16.7541007995605,16.85673,17.030388,16.472578,-2.56889412582765,-7.3140577554951,NA,NA,NA,1,NA,NA,"",154514.862448983,-140116.706857143,0,150185.6,-147958.22,NA,"P",0.664538053097345,-0.654682389380531
NA,"Sky-A1-1",-226.46104,82.44066,NA,NA,NA,NA,239.0675538,-21.673173765,NA,NA,NA,NA,NA,NA,NA,NA,NA,NA,NA,NA,NA,NA,NA,NA,"",NA,NA,NA,-226461.04,82440.66,1,"S",-1.00204,0.364781681415929
NA,"Sky-A1-2",-222.23219,93.24117,NA,NA,NA,NA,239.0867954,-21.628291941,NA,NA,NA,NA,NA,NA,NA,NA,NA,NA,NA,NA,NA,NA,NA,NA,"",NA,NA,NA,-222232.19,93241.17,1,"S",-0.983328274336283,0.412571548672566
NA,"Sky-A1-3",-217.48859,103.8257,NA,NA,NA,NA,239.108327,-21.584319707,NA,NA,NA,NA,NA,NA,NA,NA,NA,NA,NA,NA,NA,NA,NA,NA,"",NA,NA,NA,-217488.59,103825.7,1,"S",-0.96233889380531,0.459405752212389
NA,"Sky-A1-4",-212.24121,114.16975,NA,NA,NA,NA,239.1320972,-21.541358147,NA,NA,NA,NA,NA,NA,NA,NA,NA,NA,NA,NA,NA,NA,NA,NA,"",NA,NA,NA,-212241.21,114169.75,1,"S",-0.939120398230089,0.505175884955752
NA,"Sky-A1-5",-206.50222,124.24934,NA,NA,NA,NA,239.1580494,-21.499506101,NA,NA,NA,NA,NA,NA,NA,NA,NA,NA,NA,NA,NA,NA,NA,NA,"",NA,NA,NA,-206502.22,124249.34,1,"S",-0.913726637168142,0.549775840707965
NA,"Sky-A1-6",-200.2849,134.04112,NA,NA,NA,NA,239.1861224,-21.458859709,NA,NA,NA,NA,NA,NA,NA,NA,NA,NA,NA,NA,NA,NA,NA,NA,"",NA,NA,NA,-200284.9,134041.12,1,"S",-0.886216371681416,0.593102300884956
NA,"Sky-A1-7",-193.60365,143.52243,NA,NA,NA,NA,239.2162503,-21.419512174,NA,NA,NA,NA,NA,NA,NA,NA,NA,NA,NA,NA,NA,NA,NA,NA,"",NA,NA,NA,-193603.65,143522.43,1,"S",-0.856653318584071,0.635055
NA,"Sky-A2-1",-3.01251,240.9813,NA,NA,NA,NA,240.0692508,-21.015739269,NA,NA,NA,NA,NA,NA,NA,NA,NA,NA,NA,NA,NA,NA,NA,NA,"",NA,NA,NA,-3012.51,240981.3,1,"S",-0.0133296902654867,1.0662889380531
NA,"Sky-A2-2",8.5856,240.84715,NA,NA,NA,NA,240.1210166,-21.016307046,NA,NA,NA,NA,NA,NA,NA,NA,NA,NA,NA,NA,NA,NA,NA,NA,"",NA,NA,NA,8585.6,240847.15,1,"S",0.0379893805309735,1.0656953539823
NA,"Sky-A2-3",20.16382,240.15512,NA,NA,NA,NA,240.1726943,-21.01918402,NA,NA,NA,NA,NA,NA,NA,NA,NA,NA,NA,NA,NA,NA,NA,NA,"",NA,NA,NA,20163.82,240155.12,1,"S",0.0892204424778761,1.06263327433628
NA,"Sky-A2-4",31.69534,238.90682,NA,NA,NA,NA,240.2241664,-21.024363507,NA,NA,NA,NA,NA,NA,NA,NA,NA,NA,NA,NA,NA,NA,NA,NA,"",NA,NA,NA,31695.34,238906.82,1,"S",0.140244867256637,1.05710982300885
NA,"Sky-A2-5",43.15344,237.10513,NA,NA,NA,NA,240.275316,-21.031833654,NA,NA,NA,NA,NA,NA,NA,NA,NA,NA,NA,NA,NA,NA,NA,NA,"",NA,NA,NA,43153.44,237105.13,1,"S",0.190944424778761,1.04913774336283
NA,"Sky-A2-6",54.51158,234.75423,NA,NA,NA,NA,240.3260266,-21.041577321,NA,NA,NA,NA,NA,NA,NA,NA,NA,NA,NA,NA,NA,NA,NA,NA,"",NA,NA,NA,54511.58,234754.23,1,"S",0.241201681415929,1.03873553097345
NA,"Sky-A2-7",65.74346,231.85957,NA,NA,NA,NA,240.3761831,-21.053572199,NA,NA,NA,NA,NA,NA,NA,NA,NA,NA,NA,NA,NA,NA,NA,NA,"",NA,NA,NA,65743.46,231859.57,1,"S",0.290900265486726,1.02592730088496
NA,"Sky-A3-1",231.67752,66.38214,NA,NA,NA,NA,241.1213677,-21.739996465,NA,NA,NA,NA,NA,NA,NA,NA,NA,NA,NA,NA,NA,NA,NA,NA,"",NA,NA,NA,231677.52,66382.14,1,"S",1.0251217699115,0.293726283185841
NA,"Sky-A3-2",234.60313,55.15828,NA,NA,NA,NA,241.1348048,-21.786642248,NA,NA,NA,NA,NA,NA,NA,NA,NA,NA,NA,NA,NA,NA,NA,NA,"",NA,NA,NA,234603.13,55158.28,1,"S",1.03806694690265,0.244063185840708
NA,"Sky-A3-3",236.98531,43.80666,NA,NA,NA,NA,241.1458174,-21.833831643,NA,NA,NA,NA,NA,NA,NA,NA,NA,NA,NA,NA,NA,NA,NA,NA,"",NA,NA,NA,236985.31,43806.66,1,"S",1.04860756637168,0.193834778761062
NA,"Sky-A3-4",238.81857,32.35357,NA,NA,NA,NA,241.1543783,-21.8814559,NA,NA,NA,NA,NA,NA,NA,NA,NA,NA,NA,NA,NA,NA,NA,NA,"",NA,NA,NA,238818.57,32353.57,1,"S",1.05671933628319,0.143157389380531
NA,"Sky-A3-5",240.09865,20.82553,NA,NA,NA,NA,241.1604654,-21.929405197,NA,NA,NA,NA,NA,NA,NA,NA,NA,NA,NA,NA,NA,NA,NA,NA,"",NA,NA,NA,240098.65,20825.53,1,"S",1.06238340707965,0.0921483628318584
NA,"Sky-A3-6",240.82258,9.24926,NA,NA,NA,NA,241.1640623,-21.977568761,NA,NA,NA,NA,NA,NA,NA,NA,NA,NA,NA,NA,NA,NA,NA,NA,"",NA,NA,NA,240822.58,9249.26,1,"S",1.06558663716814,0.0409259292035398
NA,"Sky-A3-7",240.98869,2.34844,NA,NA,NA,NA,241.1650162,-22.006286492,NA,NA,NA,NA,NA,NA,NA,NA,NA,NA,NA,NA,NA,NA,NA,NA,"",NA,NA,NA,240988.69,2348.44,1,"S",1.06632163716814,0.0103913274336283
NA,"Sky-A4-1",210.21182,-117.86456,NA,NA,NA,NA,241.0300818,-22.507376737,NA,NA,NA,NA,NA,NA,NA,NA,NA,NA,NA,NA,NA,NA,NA,NA,"",NA,NA,NA,210211.82,-117864.56,1,"S",0.930140796460177,-0.521524601769911
NA,"Sky-A4-2",204.2974,-127.84223,NA,NA,NA,NA,241.0037068,-22.549040782,NA,NA,NA,NA,NA,NA,NA,NA,NA,NA,NA,NA,NA,NA,NA,NA,"",NA,NA,NA,204297.4,-127842.23,1,"S",0.903970796460177,-0.565673584070796
NA,"Sky-A4-3",197.90977,-137.52377,NA,NA,NA,NA,240.9751771,-22.589479717,NA,NA,NA,NA,NA,NA,NA,NA,NA,NA,NA,NA,NA,NA,NA,NA,"",NA,NA,NA,197909.77,-137523.77,1,"S",0.875706946902655,-0.608512256637168
NA,"Sky-A4-4",191.06371,-146.88677,NA,NA,NA,NA,240.9445573,-22.628599051,NA,NA,NA,NA,NA,NA,NA,NA,NA,NA,NA,NA,NA,NA,NA,NA,"",NA,NA,NA,191063.71,-146886.77,1,"S",0.845414646017699,-0.649941460176991
NA,"Sky-A4-5",183.77509,-155.90952,NA,NA,NA,NA,240.9119177,-22.66630714,NA,NA,NA,NA,NA,NA,NA,NA,NA,NA,NA,NA,NA,NA,NA,NA,"",NA,NA,NA,183775.09,-155909.52,1,"S",0.813164115044248,-0.689865132743363
NA,"Sky-A4-6",176.06079,-164.57115,NA,NA,NA,NA,240.8773331,-22.702515782,NA,NA,NA,NA,NA,NA,NA,NA,NA,NA,NA,NA,NA,NA,NA,NA,"",NA,NA,NA,176060.79,-164571.15,1,"S",0.779030044247788,-0.72819092920354
NA,"Sky-A4-7",167.93867,-172.85157,NA,NA,NA,NA,240.8408831,-22.737139989,NA,NA,NA,NA,NA,NA,NA,NA,NA,NA,NA,NA,NA,NA,NA,NA,"",NA,NA,NA,167938.67,-172851.57,1,"S",0.743091460176991,-0.764829955752212
NA,"Sky-A5-1",-148.4702,-189.83588,NA,NA,NA,NA,239.4125547,-22.808556869,NA,NA,NA,NA,NA,NA,NA,NA,NA,NA,NA,NA,NA,NA,NA,NA,"",NA,NA,NA,-148470.2,-189835.88,1,"S",-0.656947787610619,-0.839981769911504
NA,"Sky-A5-2",-157.43205,-182.47249,NA,NA,NA,NA,239.372211,-22.777759164,NA,NA,NA,NA,NA,NA,NA,NA,NA,NA,NA,NA,NA,NA,NA,NA,"",NA,NA,NA,-157432.05,-182472.49,1,"S",-0.696601991150442,-0.807400398230088
NA,"Sky-A5-3",-166.02924,-174.68645,NA,NA,NA,NA,239.333538,-22.745198343,NA,NA,NA,NA,NA,NA,NA,NA,NA,NA,NA,NA,NA,NA,NA,NA,"",NA,NA,NA,-166029.24,-174686.45,1,"S",-0.734642654867257,-0.77294889380531
NA,"Sky-A5-4",-174.24185,-166.49577,NA,NA,NA,NA,239.2966255,-22.710950755,NA,NA,NA,NA,NA,NA,NA,NA,NA,NA,NA,NA,NA,NA,NA,NA,"",NA,NA,NA,-174241.85,-166495.77,1,"S",-0.770981637168142,-0.736706946902655
NA,"Sky-A5-5",-182.05086,-157.91943,NA,NA,NA,NA,239.2615591,-22.675096799,NA,NA,NA,NA,NA,NA,NA,NA,NA,NA,NA,NA,NA,NA,NA,NA,"",NA,NA,NA,-182050.86,-157919.43,1,"S",-0.805534778761062,-0.698758539823009
NA,"Sky-A5-6",-189.43818,-148.97731,NA,NA,NA,NA,239.2284197,-22.637720623,NA,NA,NA,NA,NA,NA,NA,NA,NA,NA,NA,NA,NA,NA,NA,NA,"",NA,NA,NA,-189438.18,-148977.31,1,"S",-0.83822203539823,-0.659191637168142
NA,"Sky-A5-7",-196.38671,-139.6901,NA,NA,NA,NA,239.1972837,-22.598909738,NA,NA,NA,NA,NA,NA,NA,NA,NA,NA,NA,NA,NA,NA,NA,NA,"",NA,NA,NA,-196386.71,-139690.1,1,"S",-0.868967743362832,-0.61809778761062
NA,"Sky-H1-1",-181.17025,158.92893,NA,NA,NA,NA,239.2722283,-21.35559649,NA,NA,NA,NA,NA,NA,NA,NA,NA,NA,NA,NA,NA,NA,NA,NA,"",NA,NA,NA,-181170.25,158928.93,1,"S",-0.801638274336283,0.703225353982301
NA,"Sky-H1-2",-173.31368,167.46173,NA,NA,NA,NA,239.3075522,-21.320208791,NA,NA,NA,NA,NA,NA,NA,NA,NA,NA,NA,NA,NA,NA,NA,NA,"",NA,NA,NA,-173313.68,167461.73,1,"S",-0.766874690265487,0.74098110619469
NA,"Sky-H1-3",-165.05567,175.60663,NA,NA,NA,NA,239.3446477,-21.286437717,NA,NA,NA,NA,NA,NA,NA,NA,NA,NA,NA,NA,NA,NA,NA,NA,"",NA,NA,NA,-165055.67,175606.63,1,"S",-0.73033482300885,0.777020486725664
NA,"Sky-H1-4",-156.41534,183.34477,NA,NA,NA,NA,239.3834289,-21.254360496,NA,NA,NA,NA,NA,NA,NA,NA,NA,NA,NA,NA,NA,NA,NA,NA,"",NA,NA,NA,-156415.34,183344.77,1,"S",-0.692103274336283,0.811260044247788
NA,"Sky-H1-5",-147.4127,190.65822,NA,NA,NA,NA,239.4238062,-21.22405048,NA,NA,NA,NA,NA,NA,NA,NA,NA,NA,NA,NA,NA,NA,NA,NA,"",NA,NA,NA,-147412.7,190658.22,1,"S",-0.652268584070796,0.843620442477876
NA,"Sky-H1-6",-138.06861,197.53006,NA,NA,NA,NA,239.4656865,-21.195576833,NA,NA,NA,NA,NA,NA,NA,NA,NA,NA,NA,NA,NA,NA,NA,NA,"",NA,NA,NA,-138068.61,197530.06,1,"S",-0.610923053097345,0.874026814159292
NA,"Sky-H1-7",-128.4047,203.94434,NA,NA,NA,NA,239.5089735,-21.169004695,NA,NA,NA,NA,NA,NA,NA,NA,NA,NA,NA,NA,NA,NA,NA,NA,"",NA,NA,NA,-128404.7,203944.34,1,"S",-0.568162389380531,0.902408584070796
NA,"Sky-H1-8",-118.44464,209.88551,NA,NA,NA,NA,239.553562,-21.144397568,NA,NA,NA,NA,NA,NA,NA,NA,NA,NA,NA,NA,NA,NA,NA,NA,"",NA,NA,NA,-118444.64,209885.51,1,"S",-0.524091327433628,0.928696946902655
NA,"Sky-H2-1",-100.81652,218.89973,NA,NA,NA,NA,239.6324251,-21.107072649,NA,NA,NA,NA,NA,NA,NA,NA,NA,NA,NA,NA,NA,NA,NA,NA,"",NA,NA,NA,-100816.52,218899.73,1,"S",-0.446090796460177,0.968582876106195
NA,"Sky-H2-2",-90.16757,223.49692,NA,NA,NA,NA,239.6800376,-21.088042511,NA,NA,NA,NA,NA,NA,NA,NA,NA,NA,NA,NA,NA,NA,NA,NA,"",NA,NA,NA,-90167.57,223496.92,1,"S",-0.398971548672566,0.988924424778761
NA,"Sky-H2-3",-79.30977,227.57641,NA,NA,NA,NA,239.7285657,-21.071158961,NA,NA,NA,NA,NA,NA,NA,NA,NA,NA,NA,NA,NA,NA,NA,NA,"",NA,NA,NA,-79309.77,227576.41,1,"S",-0.350928185840708,1.00697526548673
NA,"Sky-H2-4",-68.26826,231.12877,NA,NA,NA,NA,239.7778988,-21.056460333,NA,NA,NA,NA,NA,NA,NA,NA,NA,NA,NA,NA,NA,NA,NA,NA,"",NA,NA,NA,-68268.26,231128.77,1,"S",-0.302071946902655,1.02269367256637
NA,"Sky-H2-5",-57.06862,234.14576,NA,NA,NA,NA,239.8279243,-21.043980087,NA,NA,NA,NA,NA,NA,NA,NA,NA,NA,NA,NA,NA,NA,NA,NA,"",NA,NA,NA,-57068.62,234145.76,1,"S",-0.252516017699115,1.03604318584071
NA,"Sky-H2-6",-45.73679,236.62039,NA,NA,NA,NA,239.8785282,-21.033746579,NA,NA,NA,NA,NA,NA,NA,NA,NA,NA,NA,NA,NA,NA,NA,NA,"",NA,NA,NA,-45736.79,236620.39,1,"S",-0.20237517699115,1.04699287610619
NA,"Sky-H2-7",-34.29902,238.54693,NA,NA,NA,NA,239.9295954,-21.025783022,NA,NA,NA,NA,NA,NA,NA,NA,NA,NA,NA,NA,NA,NA,NA,NA,"",NA,NA,NA,-34299.02,238546.93,1,"S",-0.151765575221239,1.05551738938053
NA,"Sky-H2-8",-22.78326,239.92079,NA,NA,NA,NA,239.9810031,-21.020107987,NA,NA,NA,NA,NA,NA,NA,NA,NA,NA,NA,NA,NA,NA,NA,NA,"",NA,NA,NA,-22783.26,239920.79,1,"S",-0.100810884955752,1.0615964159292
NA,"Sky-H3-1",184.61356,154.91577,NA,NA,NA,NA,240.9084246,-21.372471969,NA,NA,NA,NA,NA,NA,NA,NA,NA,NA,NA,NA,NA,NA,NA,NA,"",NA,NA,NA,184613.56,154915.77,1,"S",0.816874159292035,0.685468008849557
NA,"Sky-H3-2",191.8534,145.85382,NA,NA,NA,NA,240.9410089,-21.410057872,NA,NA,NA,NA,NA,NA,NA,NA,NA,NA,NA,NA,NA,NA,NA,NA,"",NA,NA,NA,191853.4,145853.82,1,"S",0.848908849557522,0.645370884955752
NA,"Sky-H3-3",198.64884,136.45402,NA,NA,NA,NA,240.9716288,-21.449052534,NA,NA,NA,NA,NA,NA,NA,NA,NA,NA,NA,NA,NA,NA,NA,NA,"",NA,NA,NA,198648.84,136454.02,1,"S",0.878977168141593,0.603778849557522
NA,"Sky-H3-4",204.98415,126.73816,NA,NA,NA,NA,241.0002129,-21.48936653,NA,NA,NA,NA,NA,NA,NA,NA,NA,NA,NA,NA,NA,NA,NA,NA,"",NA,NA,NA,204984.15,126738.16,1,"S",0.907009513274336,0.560788318584071
NA,"Sky-H3-5",210.84465,116.72873,NA,NA,NA,NA,241.0266943,-21.530907492,NA,NA,NA,NA,NA,NA,NA,NA,NA,NA,NA,NA,NA,NA,NA,NA,"",NA,NA,NA,210844.65,116728.73,1,"S",0.93294092920354,0.516498805309734
NA,"Sky-H3-6",216.21677,106.44891,NA,NA,NA,NA,241.0510106,-21.573580141,NA,NA,NA,NA,NA,NA,NA,NA,NA,NA,NA,NA,NA,NA,NA,NA,"",NA,NA,NA,216216.77,106448.91,1,"S",0.956711371681416,0.471012876106195
NA,"Sky-H3-7",221.08806,95.92253,NA,NA,NA,NA,241.0731045,-21.617286446,NA,NA,NA,NA,NA,NA,NA,NA,NA,NA,NA,NA,NA,NA,NA,NA,"",NA,NA,NA,221088.06,95922.53,1,"S",0.978265752212389,0.424435973451327
NA,"Sky-H3-8",225.44672,85.17533,NA,NA,NA,NA,241.0929209,-21.66192037,NA,NA,NA,NA,NA,NA,NA,NA,NA,NA,NA,NA,NA,NA,NA,NA,"",NA,NA,NA,225446.72,85175.33,1,"S",0.99755185840708,0.376881991150442
NA,"Sky-H4-1",239.9828,-22.12059,NA,NA,NA,NA,241.1612396,-22.108154371,NA,NA,NA,NA,NA,NA,NA,NA,NA,NA,NA,NA,NA,NA,NA,NA,"",NA,NA,NA,239982.8,-22120.59,1,"S",1.06187079646018,-0.0978787168141593
NA,"Sky-H4-2",238.64054,-33.64155,NA,NA,NA,NA,241.1555575,-22.156139652,NA,NA,NA,NA,NA,NA,NA,NA,NA,NA,NA,NA,NA,NA,NA,NA,"",NA,NA,NA,238640.54,-33641.55,1,"S",1.05593159292035,-0.148856415929204
NA,"Sky-H4-3",236.74552,-45.08459,NA,NA,NA,NA,241.1473856,-22.203814525,NA,NA,NA,NA,NA,NA,NA,NA,NA,NA,NA,NA,NA,NA,NA,NA,"",NA,NA,NA,236745.52,-45084.59,1,"S",1.04754654867257,-0.199489336283186
NA,"Sky-H4-4",234.30213,-56.42319,NA,NA,NA,NA,241.1367404,-22.251068319,NA,NA,NA,NA,NA,NA,NA,NA,NA,NA,NA,NA,NA,NA,NA,NA,"",NA,NA,NA,234302.13,-56423.19,1,"S",1.03673508849558,-0.249660132743363
NA,"Sky-H4-5",231.31601,-67.6311,NA,NA,NA,NA,241.1236444,-22.297791361,NA,NA,NA,NA,NA,NA,NA,NA,NA,NA,NA,NA,NA,NA,NA,NA,"",NA,NA,NA,231316.01,-67631.1,1,"S",1.02352216814159,-0.299252654867257
NA,"Sky-H4-6",227.79409,-78.68236,NA,NA,NA,NA,241.1081256,-22.343875056,NA,NA,NA,NA,NA,NA,NA,NA,NA,NA,NA,NA,NA,NA,NA,NA,"",NA,NA,NA,227794.09,-78682.36,1,"S",1.00793845132743,-0.34815203539823
NA,"Sky-H4-7",223.74453,-89.55136,NA,NA,NA,NA,241.0902181,-22.389212148,NA,NA,NA,NA,NA,NA,NA,NA,NA,NA,NA,NA,NA,NA,NA,NA,"",NA,NA,NA,223744.53,-89551.36,1,"S",0.990020044247788,-0.396244955752212
NA,"Sky-H4-8",219.17732,-100.21161,NA,NA,NA,NA,241.0699639,-22.433691583,NA,NA,NA,NA,NA,NA,NA,NA,NA,NA,NA,NA,NA,NA,NA,NA,"",NA,NA,NA,219177.32,-100211.61,1,"S",0.969811150442478,-0.443414203539823
NA,"Sky-H5-1",41.83481,-237.34134,NA,NA,NA,NA,240.2722925,-23.007177387,NA,NA,NA,NA,NA,NA,NA,NA,NA,NA,NA,NA,NA,NA,NA,NA,"",NA,NA,NA,41834.81,-237341.34,1,"S",0.185109778761062,-1.05018292035398
NA,"Sky-H5-2",30.36687,-239.07931,NA,NA,NA,NA,240.2204531,-23.01447455,NA,NA,NA,NA,NA,NA,NA,NA,NA,NA,NA,NA,NA,NA,NA,NA,"",NA,NA,NA,30366.87,-239079.31,1,"S",0.134366681415929,-1.05787305309735
NA,"Sky-H5-3",18.8286,-240.26349,NA,NA,NA,NA,240.1682873,-23.019452505,NA,NA,NA,NA,NA,NA,NA,NA,NA,NA,NA,NA,NA,NA,NA,NA,"",NA,NA,NA,18828.6,-240263.49,1,"S",0.083312389380531,-1.06311278761062
NA,"Sky-H5-4",7.2467,-240.89115,NA,NA,NA,NA,240.115918,-23.02209945,NA,NA,NA,NA,NA,NA,NA,NA,NA,NA,NA,NA,NA,NA,NA,NA,"",NA,NA,NA,7246.7,-240891.15,1,"S",0.0320650442477876,-1.06589004424779
NA,"Sky-H5-5",-4.35197,-240.96083,NA,NA,NA,NA,240.0634693,-23.022409005,NA,NA,NA,NA,NA,NA,NA,NA,NA,NA,NA,NA,NA,NA,NA,NA,"",NA,NA,NA,-4351.97,-240960.83,1,"S",-0.0192565044247788,-1.06619836283186
NA,"Sky-H5-6",-15.94057,-240.47237,NA,NA,NA,NA,240.0110648,-23.020380341,NA,NA,NA,NA,NA,NA,NA,NA,NA,NA,NA,NA,NA,NA,NA,NA,"",NA,NA,NA,-15940.57,-240472.37,1,"S",-0.0705334955752212,-1.06403703539823
NA,"Sky-H5-7",-27.49224,-239.4269,NA,NA,NA,NA,239.9588287,-23.016018135,NA,NA,NA,NA,NA,NA,NA,NA,NA,NA,NA,NA,NA,NA,NA,NA,"",NA,NA,NA,-27492.24,-239426.9,1,"S",-0.121647079646018,-1.0594110619469
NA,"Sky-H5-8",-38.97879,-237.82707,NA,NA,NA,NA,239.9068908,-23.009333537,NA,NA,NA,NA,NA,NA,NA,NA,NA,NA,NA,NA,NA,NA,NA,NA,"",NA,NA,NA,-38978.79,-237827.07,1,"S",-0.172472522123894,-1.05233216814159
NA,"Sky-H6-1",-58.36925,-233.82492,NA,NA,NA,NA,239.8192299,-22.992597779,NA,NA,NA,NA,NA,NA,NA,NA,NA,NA,NA,NA,NA,NA,NA,NA,"",NA,NA,NA,-58369.25,-233824.92,1,"S",-0.258271017699115,-1.03462353982301
NA,"Sky-H6-2",-69.55194,-230.74573,NA,NA,NA,NA,239.768688,-22.979716706,NA,NA,NA,NA,NA,NA,NA,NA,NA,NA,NA,NA,NA,NA,NA,NA,"",NA,NA,NA,-69551.94,-230745.73,1,"S",-0.307751946902655,-1.02099880530973
NA,"Sky-H6-3",-80.57354,-227.13205,NA,NA,NA,NA,239.7188867,-22.964597537,NA,NA,NA,NA,NA,NA,NA,NA,NA,NA,NA,NA,NA,NA,NA,NA,"",NA,NA,NA,-80573.54,-227132.05,1,"S",-0.356520088495575,-1.00500907079646
NA,"Sky-H6-4",-91.4085,-222.99226,NA,NA,NA,NA,239.6699435,-22.947275882,NA,NA,NA,NA,NA,NA,NA,NA,NA,NA,NA,NA,NA,NA,NA,NA,"",NA,NA,NA,-91408.5,-222992.26,1,"S",-0.404462389380531,-0.986691415929204
NA,"Sky-H6-5",-102.03172,-218.33596,NA,NA,NA,NA,239.6219737,-22.927792538,NA,NA,NA,NA,NA,NA,NA,NA,NA,NA,NA,NA,NA,NA,NA,NA,"",NA,NA,NA,-102031.72,-218335.96,1,"S",-0.45146778761062,-0.966088318584071
NA,"Sky-H6-6",-112.41861,-213.17391,NA,NA,NA,NA,239.57509,-22.906193248,NA,NA,NA,NA,NA,NA,NA,NA,NA,NA,NA,NA,NA,NA,NA,NA,"",NA,NA,NA,-112418.61,-213173.91,1,"S",-0.497427477876106,-0.943247389380531
NA,"Sky-H6-7",-122.54511,-207.51809,NA,NA,NA,NA,239.5294026,-22.882528916,NA,NA,NA,NA,NA,NA,NA,NA,NA,NA,NA,NA,NA,NA,NA,NA,"",NA,NA,NA,-122545.11,-207518.09,1,"S",-0.542235,-0.918221637168142
NA,"Sky-H6-8",-132.38652,-201.3824,NA,NA,NA,NA,239.4850242,-22.856858554,NA,NA,NA,NA,NA,NA,NA,NA,NA,NA,NA,NA,NA,NA,NA,NA,"",NA,NA,NA,-132386.52,-201382.4,1,"S",-0.585781061946903,-0.891072566371681
NA,"Sky-H7-1",-207.18967,-123.09956,NA,NA,NA,NA,239.14896,-22.529598507,NA,NA,NA,NA,NA,NA,NA,NA,NA,NA,NA,NA,NA,NA,NA,NA,"",NA,NA,NA,-207189.67,-123099.56,1,"S",-0.916768451327434,-0.544688318584071
NA,"Sky-H7-2",-217.28888,-115.33232,NA,NA,NA,NA,239.1050001,-22.496345884,NA,NA,NA,NA,NA,NA,NA,NA,NA,NA,NA,NA,NA,NA,NA,NA,"",NA,NA,NA,-217288.88,-115332.32,0,"S",-0.961455221238938,-0.51032
NA,"Sky-H7-3",-218.06235,-102.61518,NA,NA,NA,NA,239.100466,-22.444055938,NA,NA,NA,NA,NA,NA,NA,NA,NA,NA,NA,NA,NA,NA,NA,NA,"",NA,NA,NA,-218062.35,-102615.18,1,"S",-0.964877654867257,-0.454049469026549
NA,"Sky-H7-4",-222.74704,-92.00444,NA,NA,NA,NA,239.0796352,-22.399761596,NA,NA,NA,NA,NA,NA,NA,NA,NA,NA,NA,NA,NA,NA,NA,NA,"",NA,NA,NA,-222747.04,-92004.44,1,"S",-0.985606371681416,-0.407099292035398
NA,"Sky-H7-5",-226.91579,-81.18059,NA,NA,NA,NA,239.0611457,-22.354589018,NA,NA,NA,NA,NA,NA,NA,NA,NA,NA,NA,NA,NA,NA,NA,NA,"",NA,NA,NA,-226915.79,-81180.59,1,"S",-1.00405216814159,-0.359206150442478
NA,"Sky-H7-6",-230.55892,-70.1687,NA,NA,NA,NA,239.0450386,-22.308643566,NA,NA,NA,NA,NA,NA,NA,NA,NA,NA,NA,NA,NA,NA,NA,NA,"",NA,NA,NA,-230558.92,-70168.7,1,"S",-1.02017221238938,-0.310480973451327
NA,"Sky-H7-7",-233.66801,-58.99428,NA,NA,NA,NA,239.0313494,-22.26203233,NA,NA,NA,NA,NA,NA,NA,NA,NA,NA,NA,NA,NA,NA,NA,NA,"",NA,NA,NA,-233668.01,-58994.28,1,"S",-1.03392924778761,-0.261036637168142
NA,"Sky-H7-8",-236.23556,-47.68464,NA,NA,NA,NA,239.0201089,-22.214869802,NA,NA,NA,NA,NA,NA,NA,NA,NA,NA,NA,NA,NA,NA,NA,NA,"",NA,NA,NA,-236235.56,-47684.64,1,"S",-1.04529008849558,-0.210993982300885
