#OBSTEMP,8
#CONFIGTEMP,19
#EQUINOX,J2000.0
#CENTRE,15 59 52.42,-22 04 32.7 #Field centre
#UTTIME,14 00 00.00 #Target observing time
#UTDATE,2021 07 10 #Target observing date
#PLATEID,a test_plateID
#LABEL,240_m20_comissioning_within_half_radius Tile 001
#TILING_DATE,2021 06 16 # Date the tile was created/configured
#PROXIMITY,220 # tiling proximity value in arcseconds
"ID","RA","DEC","g_mag","r_mag","i_mag","z_mag","y_mag","GAIA_g_mag","GAIA_bp_mag","GAIA_rp_mag","pmRA","pmDEC","Re","GAL_MU_E_R","Mstar","priority","remaining_observations","Tile_number","COMPLETED","MagnetX_noDC","MagnetY_noDC","type","MagnetX","MagnetY","SkyFibrePosition","fibre_type","x","y","grads","gangs","gazAngs","gangs_gazAng"
"6243203120476661376",239.97186,-22.79337,NA,11.6497001647949,NA,NA,NA,NA,NA,NA,-6.3634313784849,-10.2514756752206,NA,NA,NA,NA,NA,NA,NA,783.482040812146,-162183.549795918,2,719.3,-169386.78,NA,"G",95.4558,-185.87679,208.954518530574,0.397910911055691,2.04521986481642,4.63587635341886
"6237185974371659136",239.94101,-22.877972,NA,11.8268003463745,NA,NA,NA,NA,NA,NA,-64.8859508882771,-43.6202203661294,NA,NA,NA,NA,NA,NA,NA,-6188.61795918485,-181303.601795918,2,-6018.85,-190162.02,NA,"G",-104.71348,-151.43816,184.115260632833,5.04384905996855,0.965824707690777,4.07802435227777
"6243578706775272448",240.70114,-21.511024,NA,12.1492004394531,NA,NA,NA,NA,NA,NA,-27.2239483700119,-27.8582475887286,NA,NA,NA,NA,NA,NA,NA,165600.762040816,127626.646204082,2,162196.33,133961.13,NA,"G",36.4416,200.20824,203.497738499615,2.64065944209804,4.53234159650884,4.39150315276878
"6246530345736828288",239.47615,-21.590834,NA,12.191499710083,NA,NA,NA,NA,NA,NA,-9.03548479081139,-11.5381205272271,NA,NA,NA,NA,NA,NA,NA,-111246.977959188,109589.586204082,2,-107671.38,113946.17,NA,"G",9.87974,-206.5037,206.739902718749,4.18556515681053,1.6186027935805,2.56696236323003
"6243443157605830528",240.3797,-22.035347,NA,12.9666996002197,NA,NA,NA,NA,NA,NA,0.389783862736087,-6.80398876502442,NA,NA,NA,NA,NA,NA,NA,92955.322040817,9129.64820408172,2,89048.71,9311.55,NA,"G",-150.22541,-75.06026,167.933666788216,4.94975258400629,0.463368283029194,4.4863843009771
"6243610352094094848",240.25858,-21.5596,NA,13.4214000701904,NA,NA,NA,NA,NA,NA,-0.758939143659199,-3.71590840720793,NA,NA,NA,NA,NA,NA,NA,65582.2020408127,116648.470204082,2,63366.16,121090.22,NA,"G",177.1047,-70.49772,190.620049541722,4.61127843158143,2.76276262001193,1.8485158115695
