#OBSTEMP,8
#CONFIGTEMP,19
#EQUINOX,J2000.0
#CENTRE,23 29 01.10,-22 38 05.4 #Field centre
#UTTIME,14 00 00.00 #Target observing time
#UTDATE,2021 07 10 #Target observing date
#PLATEID,a test_plateID
#LABEL,350_m20_comissioning Tile 001
#TILING_DATE,2021 06 15 # Date the tile was created/configured
#PROXIMITY,220 # tiling proximity value in arcseconds
"ID","RA","DEC","g_mag","r_mag","i_mag","z_mag","y_mag","GAIA_g_mag","GAIA_bp_mag","GAIA_rp_mag","pmRA","pmDEC","Re","GAL_MU_E_R","Mstar","priority","remaining_observations","Tile_number","COMPLETED","MagnetX_noDC","MagnetY_noDC","type","MagnetX","MagnetY","SkyFibrePosition","fibre_type","x","y","grads","gangs","gazAngs","gangs_gazAng"
"2388342566396803328",352.3248,-22.24946,NA,11.5868997573853,NA,NA,NA,NA,NA,NA,24.2750486239887,2.84497133375296,NA,NA,NA,NA,NA,NA,NA,15871.887755099,87097.2867346939,2,15126.96,90010.41,NA,"G",-182.00327,-50.67655,188.926713332433,5.12929199780751,0.271559284249673,4.85773271355783
"2388422384069044352",352.26358,-21.933252,NA,11.9975996017456,NA,NA,NA,NA,NA,NA,18.614339052815,-47.9581933914058,NA,NA,NA,NA,NA,NA,NA,2036.1677551009,158560.294734694,2,1878.9,165352.78,NA,"G",-62.43152,192.3751,202.25200565018,0.710410989609645,-1.25698944992084,1.96740043953049
"2388387401559966208",351.9347,-22.224596,NA,12.2288999557495,NA,NA,NA,NA,NA,NA,19.4450324037153,23.23215179311,NA,NA,NA,NA,NA,NA,NA,-72290.7122448922,92716.5507346941,2,-69339.12,95952.78,NA,"G",1.8789,165.35278,165.363454605116,2.85894498136643,4.70102649140737,4.44110379713864
"2388322255496023296",352.2521,-22.44297,NA,12.3859996795654,NA,NA,NA,NA,NA,NA,72.5003253270166,6.21505551121076,NA,NA,NA,NA,NA,NA,NA,-558.312244900435,43364.026734694,2,-555.05,44634.98,NA,"G",17.32804,-24.06076,29.6509888877117,1.48519781776846,2.19493687179333,5.57344625315472
"2388416130596679040",351.9716,-21.824066,NA,12.7131996154785,NA,NA,NA,NA,NA,NA,10.977704707767,-4.6133736326454,NA,NA,NA,NA,NA,NA,NA,-63951.3122448916,183236.330734694,2,-62431.52,192375.1,NA,"G",-80.10491,-57.74876,98.7507766432533,2.01514417841311,0.624624814759827,1.39051936365328
"2382386202671995136",351.76245,-22.23974,NA,13.5881996154785,NA,NA,NA,NA,NA,NA,13.2533050498432,-1.75581177175285,NA,NA,NA,NA,NA,NA,NA,-111219.212244897,89294.0067346935,2,-106986.63,92605.43,NA,"G",-33.70105,133.02851,137.230992286446,2.90772603250736,-1.32267938722062,4.23040541972798
