#OBSTEMP,8
#CONFIGTEMP,19
#EQUINOX,J2000.0
#CENTRE,23 25 08.53,-22 01 15.6 #Field centre
#UTTIME,14 00 00.00 #Target observing time
#UTDATE,2021 07 10 #Target observing date
#PLATEID,a test_plateID
#LABEL,350_m20_comissioning Tile 000
#TILING_DATE,2021 06 10 # Date the tile was created/configured
#PROXIMITY,220 # tiling proximity value in arcseconds
"probe","ID","x","y","rads","angs","azAngs","angs_azAng","RA","DEC","g_mag","r_mag","i_mag","z_mag","y_mag","GAIA_g_mag","GAIA_bp_mag","GAIA_rp_mag","pmRA","pmDEC","Re","GAL_MU_E_R","Mstar","priority","remaining_observations","Tile_number","COMPLETED","MagnetX_noDC","MagnetY_noDC","type","MagnetX","MagnetY","Position","fibre_type","fraction_plate_radius_X","fraction_plate_radius_Y"
1,"2385360587783269504",-89.73056,-135.26688,162.322833337913,2.35063908044942,0.98508684700719,1.36555223344223,350.87265,-22.594408,16.9125003814697,16.5020999908447,16.3784999847412,16.36549949646,16.3334999084473,16.545965,16.9019,16.045748,-4.59759245363008,-9.46526907161172,1,19,-99,1,1,-999,"False",-93309.1734693796,-129587.569795919,1,-89730.56,-135266.88,NA,"P",-0.397037876106195,-0.598526017699115
2,"2385400101482385920",-30.72728,-40.1461,50.5556631981858,1.73464446899509,0.917520410628331,0.817124058366763,351.1428,-22.193405,17.8950004577637,17.3787994384766,17.1861991882324,17.1060009002686,17.0293998718262,17.420334,17.866047,16.841505,-10.1042615725958,-0.689960207493011,1,19,-99,1,1,-999,"False",-32255.2734693794,-38960.8917959187,1,-30727.28,-40146.1,NA,"P",-0.135961415929204,-0.177637610619469
3,"2385429921439828736",-14.94531,67.54511,69.1787841459229,-0.246335912098259,-1.35304057147256,1.1067046593743,351.21664,-21.731207,18.5736999511719,17.6457004547119,17.1765003204346,17.0102005004883,16.8430004119873,17.686487,18.361946,16.799099,5.75568337402092,-11.7399658899821,1,19,-99,1,1,-999,"False",-15567.4334693881,65495.8562040807,1,-14945.31,67545.11,NA,"P",-0.0661296902654867,0.298872168141593
4,"2385433597932341248",-156.33399,-36.38437,160.512114214526,-0.96741366967812,0.228664290375002,5.08710734712646,350.5684,-22.17385,16.5279998779297,15.9757995605469,15.7594003677368,15.7119998931885,15.6241998672485,16.042032,16.476315,15.421756,-1.07348957993904,-1.06735054076805,1,19,-99,1,1,-999,"False",-162069.673469385,-34541.4617959194,1,-156333.99,-36384.37,NA,"P",-0.691743318584071,-0.160992787610619
5,"2391424703647877376",79.63994,62.30195,101.11405944282,3.55336851799547,3.80544442423537,6.03110940093968,351.65283,-21.753977,17.2907009124756,16.1613998413086,15.5334997177124,15.246600151062,15.0761995315552,16.099274,16.961412,15.171159,4.42033825450666,-15.4791251941224,1,19,-99,1,1,-999,"False",83011.5065306143,60349.8362040812,1,79639.94,62301.95,NA,"P",0.352389115044248,0.275672345132743
6,"2382328611454657792",142.62467,-116.32337,184.045980398285,0.655542956893312,2.45741715490393,4.48131110916896,351.93768,-22.511175,17.0193004608154,16.5851993560791,16.4102993011475,16.357400894165,16.2889995574951,16.612452,17.00309,16.064024,0.517440687120527,-6.7055500242431,1,19,-99,1,1,-999,"False",147387.606530616,-110776.911795919,1,142624.67,-116323.37,NA,"P",0.631082610619469,-0.51470517699115
7,"2388440010614878720",178.52282,60.16356,188.388033623758,1.01302520237404,3.4666464597448,3.82956404980882,352.09756,-21.765089,18.0161991119385,16.7931003570557,15.5790004730225,15.0474004745483,14.777099609375,16.301361,17.674358,15.141868,7.41582141333786,-33.5806073407437,1,19,-99,1,1,-999,"False",183520.486530613,57838.524204081,1,178522.82,60163.56,NA,"P",0.789923982300885,0.266210442477876
8,"2382294599609441152",35.24946,-203.69998,206.727371874873,4.24339474022078,1.74214539720853,2.50124934301225,351.44595,-22.877428,17.3978004455566,16.9153995513916,16.7453002929688,16.6881008148193,16.613899230957,16.957075,17.364456,16.40337,17.7282561730154,-4.84467813309438,1,19,-99,1,1,-999,"False",36256.6265306115,-193550.089795919,1,35249.46,-203699.98,NA,"P",0.155971061946903,-0.901327345132743
9,"2388347308040329216",192.33159,-36.37178,195.740509073356,4.6896968136753,2.95469007338322,1.73500674029208,352.1614,-22.172112,15.976900100708,16.3696994781494,16.6861000061035,16.8967990875244,17.0144996643066,16.211714,16.118563,16.293661,17.4422304589397,-25.8673979639843,1,19,-99,1,1,-999,"False",197948.326530619,-34148.6737959187,1,192331.59,-36371.78,NA,"P",0.851024734513274,-0.160937079646018
10,"2391517745524449280",75.71046,174.38996,190.115575117383,2.84421427674677,4.30279833871281,4.82460124521354,351.62912,-21.284428,16.6608009338379,16.1481990814209,15.9482002258301,15.8872003555298,15.807900428772,16.18532,16.602844,15.601698,9.45903923690088,-14.4131115103132,1,19,-99,1,1,-999,"False",77653.0465306156,166467.910204081,1,75710.46,174389.96,NA,"P",0.33500203539823,0.771636991150442
11,"2391492834714062464",37.10118,135.45911,140.448097314932,0.0961667898549194,4.44505306745892,1.93429902957559,351.45566,-21.444113,17.4330997467041,16.9298992156982,16.7325992584229,16.6746997833252,16.6016006469727,16.969841,17.392982,16.388836,1.84273717181185,-9.86471079138836,1,19,-99,1,1,-999,"False",38451.0865306207,130379.100204081,1,37101.18,135459.11,NA,"P",0.164164513274336,0.599376592920354
12,"2382351361897244288",21.6969,-118.61654,120.584572110953,1.37142974906866,1.75171261047973,5.90290244576852,351.38553,-22.527298,18.4046993255615,17.637300491333,17.2777996063232,17.1319999694824,17.0109996795654,17.688831,18.28118,16.936392,-7.33704227794461,-16.3778723866423,1,19,-99,1,1,-999,"False",22601.7065306194,-114420.709795919,1,21696.9,-118616.54,NA,"P",0.096003982300885,-0.524851946902655
13,"2385410886144681472",27.69074,13.72199,30.9042083106444,-0.418162931820028,3.60166940064716,2.26335297471239,351.41412,-21.961912,18.5396003723145,17.948600769043,17.7150001525879,17.6319999694824,17.547700881958,18.012857,18.524855,17.382723,7.72472840959151,-7.31945612628772,1,19,-99,1,1,-999,"False",29063.0465306212,13356.5262040806,1,27690.74,13721.99,NA,"P",0.122525398230088,0.0607167699115044
14,"2382398537818071168",83.57734,-36.75437,91.302001487221,1.15492115262262,2.72728286918085,4.71082359062136,351.67188,-22.17791,16.93630027771,16.5627994537354,16.4200992584229,16.3978996276855,16.36669921875,16.57649,16.893835,16.093252,2.41236345879178,-13.3500434731999,1,19,-99,1,1,-999,"False",87316.8065306127,-35459.0217959192,1,83577.34,-36754.37,NA,"P",0.369811238938053,-0.162629955752212
15,"2391513794154314240",-41.69192,185.81885,190.438602201888,0.441617581711165,-1.35008291680959,1.79170049852075,351.09705,-21.236296,18.3367004394531,17.9867000579834,17.8449993133545,17.7991008758545,17.7499008178711,18.013899,18.36392,17.51532,-1.6369235895125,-14.3075679221962,1,19,-99,1,1,-999,"False",-42594.773469379,177345.742204081,1,-41691.92,185818.85,NA,"P",-0.184477522123894,0.822207300884956
16,"2385487886318626944",-140.40495,72.91191,158.207764045734,2.00992798090367,-0.478965991947738,2.48889397285141,350.64343,-21.709938,18.1797008514404,17.5949001312256,17.3474998474121,17.269100189209,17.1837005615234,17.64141,18.074797,17.018341,0.530962597054342,-2.85510291283844,1,19,-99,1,1,-999,"False",-145112.893469379,70302.6502040807,1,-140404.95,72911.91,NA,"P",-0.621260840707965,0.32261907079646
17,"2385499740428423168",-101.8859,133.00337,167.542928976925,0.210030269541821,-0.917108410784994,1.12713868032682,350.82135,-21.456175,18.1312999725342,17.6469993591309,17.4456005096436,17.37380027771,17.2814998626709,17.693943,18.114073,17.12127,-0.908783017149769,-4.75479853258208,1,19,-99,1,1,-999,"False",-104902.973469386,127653.088204081,1,-101885.9,133003.37,NA,"P",-0.450822566371681,0.588510486725664
18,"2391456555125370880",165.6449,127.02543,208.743126264543,0.0832039575541675,3.79579326015149,2.57059600458226,352.03467,-21.485252,15.2720003128052,14.8881998062134,14.7260999679565,14.7115001678467,14.6624002456665,14.896042,15.241383,14.386662,-3.68167763852638,-12.4978556999339,1,19,-99,1,1,-999,"False",169307.346530617,121081.686204081,1,165644.9,127025.43,NA,"P",0.73294203539823,0.562059424778761
19,"2385282316299187072",-165.48737,-130.28066,210.616048770155,2.61720039401815,0.666920771817118,1.95027962220103,350.53183,-22.56669,16.5351009368896,16.2870998382568,16.2168006896973,16.2318992614746,16.2005996704102,16.289408,16.535631,15.873448,2.49482492479594,-6.8261024823694,NA,NA,NA,1,NA,NA,"",-170334.493469394,-123323.301795919,0,-165487.37,-130280.66,NA,"P",-0.732245,-0.576463097345133
20,"2385282900414756736",-142.11087,-124.49435,188.929464494238,-1.00226339388514,0.719416904984109,4.56150500831033,350.63544,-22.545193,15.774299621582,15.4554996490479,15.3360996246338,15.3215999603271,15.2671003341675,15.469797,15.765188,14.999352,-1.77889981796714,-7.17573077922017,NA,NA,NA,1,NA,NA,"",-146918.633469381,-118464.979795918,0,-142110.87,-124494.35,NA,"P",-0.628809159292035,-0.550859955752212
NA,"Sky-A1-1",-226.46104,82.44066,NA,NA,NA,NA,350.2701415,-21.67433607,NA,NA,NA,NA,NA,NA,NA,NA,NA,NA,NA,NA,NA,NA,NA,NA,"",NA,NA,NA,-226461.04,82440.66,1,"S",-1.00204,0.364781681415929
NA,"Sky-A1-2",-222.23219,93.24117,NA,NA,NA,NA,350.2894243,-21.629454908,NA,NA,NA,NA,NA,NA,NA,NA,NA,NA,NA,NA,NA,NA,NA,NA,"",NA,NA,NA,-222232.19,93241.17,1,"S",-0.983328274336283,0.412571548672566
NA,"Sky-A1-3",-213.87871,102.1024,NA,NA,NA,NA,350.3260852,-21.592290766,NA,NA,NA,NA,NA,NA,NA,NA,NA,NA,NA,NA,NA,NA,NA,NA,"",NA,NA,NA,-213878.71,102102.4,3,"S",-0.946365973451327,0.451780530973451
NA,"Sky-A1-4",-212.24121,114.16975,NA,NA,NA,NA,350.3348079,-21.542523611,NA,NA,NA,NA,NA,NA,NA,NA,NA,NA,NA,NA,NA,NA,NA,NA,"",NA,NA,NA,-212241.21,114169.75,1,"S",-0.939120398230089,0.505175884955752
NA,"Sky-A1-5",-206.50222,124.24934,NA,NA,NA,NA,350.3608007,-21.500673389,NA,NA,NA,NA,NA,NA,NA,NA,NA,NA,NA,NA,NA,NA,NA,NA,"",NA,NA,NA,-206502.22,124249.34,1,"S",-0.913726637168142,0.549775840707965
NA,"Sky-A1-6",-200.2849,134.04112,NA,NA,NA,NA,350.3889141,-21.460029194,NA,NA,NA,NA,NA,NA,NA,NA,NA,NA,NA,NA,NA,NA,NA,NA,"",NA,NA,NA,-200284.9,134041.12,1,"S",-0.886216371681416,0.593102300884956
NA,"Sky-A1-7",-191.99688,142.3313,NA,NA,NA,NA,350.4257761,-21.42535901,NA,NA,NA,NA,NA,NA,NA,NA,NA,NA,NA,NA,NA,NA,NA,NA,"",NA,NA,NA,-191996.88,142331.3,2,"S",-0.849543716814159,0.629784513274336
NA,"Sky-A2-1",-3.01251,240.9813,NA,NA,NA,NA,351.2726578,-21.017016085,NA,NA,NA,NA,NA,NA,NA,NA,NA,NA,NA,NA,NA,NA,NA,NA,"",NA,NA,NA,-3012.51,240981.3,1,"S",-0.0133296902654867,1.0662889380531
NA,"Sky-A2-2",8.5856,240.84715,NA,NA,NA,NA,351.3244392,-21.017591381,NA,NA,NA,NA,NA,NA,NA,NA,NA,NA,NA,NA,NA,NA,NA,NA,"",NA,NA,NA,8585.6,240847.15,1,"S",0.0379893805309735,1.0656953539823
NA,"Sky-A2-3",20.16382,240.15512,NA,NA,NA,NA,351.3761306,-21.02047598,NA,NA,NA,NA,NA,NA,NA,NA,NA,NA,NA,NA,NA,NA,NA,NA,"",NA,NA,NA,20163.82,240155.12,1,"S",0.0892204424778761,1.06263327433628
NA,"Sky-A2-4",31.69534,238.90682,NA,NA,NA,NA,351.4276147,-21.025663186,NA,NA,NA,NA,NA,NA,NA,NA,NA,NA,NA,NA,NA,NA,NA,NA,"",NA,NA,NA,31695.34,238906.82,1,"S",0.140244867256637,1.05710982300885
NA,"Sky-A2-5",43.15344,237.10513,NA,NA,NA,NA,351.4787743,-21.033141134,NA,NA,NA,NA,NA,NA,NA,NA,NA,NA,NA,NA,NA,NA,NA,NA,"",NA,NA,NA,43153.44,237105.13,1,"S",0.190944424778761,1.04913774336283
NA,"Sky-A2-6",54.51158,234.75423,NA,NA,NA,NA,351.5294932,-21.042892667,NA,NA,NA,NA,NA,NA,NA,NA,NA,NA,NA,NA,NA,NA,NA,NA,"",NA,NA,NA,54511.58,234754.23,1,"S",0.241201681415929,1.03873553097345
NA,"Sky-A2-7",65.74346,231.85957,NA,NA,NA,NA,351.5796559,-21.054895461,NA,NA,NA,NA,NA,NA,NA,NA,NA,NA,NA,NA,NA,NA,NA,NA,"",NA,NA,NA,65743.46,231859.57,1,"S",0.290900265486726,1.02592730088496
NA,"Sky-A3-1",231.67752,66.38214,NA,NA,NA,NA,352.3245287,-21.741472185,NA,NA,NA,NA,NA,NA,NA,NA,NA,NA,NA,NA,NA,NA,NA,NA,"",NA,NA,NA,231677.52,66382.14,1,"S",1.0251217699115,0.293726283185841
NA,"Sky-A3-2",234.60313,55.15828,NA,NA,NA,NA,352.3379324,-21.788123211,NA,NA,NA,NA,NA,NA,NA,NA,NA,NA,NA,NA,NA,NA,NA,NA,"",NA,NA,NA,234603.13,55158.28,1,"S",1.03806694690265,0.244063185840708
NA,"Sky-A3-3",236.98531,43.80666,NA,NA,NA,NA,352.3489104,-21.835317554,NA,NA,NA,NA,NA,NA,NA,NA,NA,NA,NA,NA,NA,NA,NA,NA,"",NA,NA,NA,236985.31,43806.66,1,"S",1.04860756637168,0.193834778761062
NA,"Sky-A3-4",238.81857,32.35357,NA,NA,NA,NA,352.3574355,-21.88294645,NA,NA,NA,NA,NA,NA,NA,NA,NA,NA,NA,NA,NA,NA,NA,NA,"",NA,NA,NA,238818.57,32353.57,1,"S",1.05671933628319,0.143157389380531
NA,"Sky-A3-5",240.09865,20.82553,NA,NA,NA,NA,352.3634857,-21.930900062,NA,NA,NA,NA,NA,NA,NA,NA,NA,NA,NA,NA,NA,NA,NA,NA,"",NA,NA,NA,240098.65,20825.53,1,"S",1.06238340707965,0.0921483628318584
NA,"Sky-A3-6",240.82258,9.24926,NA,NA,NA,NA,352.3670447,-21.979067606,NA,NA,NA,NA,NA,NA,NA,NA,NA,NA,NA,NA,NA,NA,NA,NA,"",NA,NA,NA,240822.58,9249.26,1,"S",1.06558663716814,0.0409259292035398
NA,"Sky-A3-7",240.98869,2.34844,NA,NA,NA,NA,352.3679757,-22.00778754,NA,NA,NA,NA,NA,NA,NA,NA,NA,NA,NA,NA,NA,NA,NA,NA,"",NA,NA,NA,240988.69,2348.44,1,"S",1.06632163716814,0.0103913274336283
NA,"Sky-A4-1",208.46721,-116.88637,NA,NA,NA,NA,352.2252288,-22.505135886,NA,NA,NA,NA,NA,NA,NA,NA,NA,NA,NA,NA,NA,NA,NA,NA,"",NA,NA,NA,208467.21,-116886.37,2,"S",0.922421283185841,-0.517196327433628
NA,"Sky-A4-2",204.2974,-127.84223,NA,NA,NA,NA,352.206173,-22.550556818,NA,NA,NA,NA,NA,NA,NA,NA,NA,NA,NA,NA,NA,NA,NA,NA,"",NA,NA,NA,204297.4,-127842.23,1,"S",0.903970796460177,-0.565673584070796
NA,"Sky-A4-3",197.90977,-137.52377,NA,NA,NA,NA,352.1776012,-22.59099431,NA,NA,NA,NA,NA,NA,NA,NA,NA,NA,NA,NA,NA,NA,NA,NA,"",NA,NA,NA,197909.77,-137523.77,1,"S",0.875706946902655,-0.608512256637168
NA,"Sky-A4-4",191.06371,-146.88677,NA,NA,NA,NA,352.14694,-22.630111764,NA,NA,NA,NA,NA,NA,NA,NA,NA,NA,NA,NA,NA,NA,NA,NA,"",NA,NA,NA,191063.71,-146886.77,1,"S",0.845414646017699,-0.649941460176991
NA,"Sky-A4-5",183.77509,-155.90952,NA,NA,NA,NA,352.1142593,-22.667817537,NA,NA,NA,NA,NA,NA,NA,NA,NA,NA,NA,NA,NA,NA,NA,NA,"",NA,NA,NA,183775.09,-155909.52,1,"S",0.813164115044248,-0.689865132743363
NA,"Sky-A4-6",176.06079,-164.57115,NA,NA,NA,NA,352.0796343,-22.704023431,NA,NA,NA,NA,NA,NA,NA,NA,NA,NA,NA,NA,NA,NA,NA,NA,"",NA,NA,NA,176060.79,-164571.15,1,"S",0.779030044247788,-0.72819092920354
NA,"Sky-A4-7",167.93867,-172.85157,NA,NA,NA,NA,352.0431446,-22.738644461,NA,NA,NA,NA,NA,NA,NA,NA,NA,NA,NA,NA,NA,NA,NA,NA,"",NA,NA,NA,167938.67,-172851.57,1,"S",0.743091460176991,-0.764829955752212
NA,"Sky-A5-1",-148.4702,-189.83588,NA,NA,NA,NA,350.614332,-22.809837666,NA,NA,NA,NA,NA,NA,NA,NA,NA,NA,NA,NA,NA,NA,NA,NA,"",NA,NA,NA,-148470.2,-189835.88,1,"S",-0.656947787610619,-0.839981769911504
NA,"Sky-A5-2",-157.43205,-182.47249,NA,NA,NA,NA,350.5740017,-22.779031526,NA,NA,NA,NA,NA,NA,NA,NA,NA,NA,NA,NA,NA,NA,NA,NA,"",NA,NA,NA,-157432.05,-182472.49,1,"S",-0.696601991150442,-0.807400398230088
NA,"Sky-A5-3",-166.02924,-174.68645,NA,NA,NA,NA,350.535344,-22.746462455,NA,NA,NA,NA,NA,NA,NA,NA,NA,NA,NA,NA,NA,NA,NA,NA,"",NA,NA,NA,-166029.24,-174686.45,1,"S",-0.734642654867257,-0.77294889380531
NA,"Sky-A5-4",-174.24185,-166.49577,NA,NA,NA,NA,350.4984487,-22.712206827,NA,NA,NA,NA,NA,NA,NA,NA,NA,NA,NA,NA,NA,NA,NA,NA,"",NA,NA,NA,-174241.85,-166495.77,1,"S",-0.770981637168142,-0.736706946902655
NA,"Sky-A5-5",-182.05086,-157.91943,NA,NA,NA,NA,350.4634012,-22.67634506,NA,NA,NA,NA,NA,NA,NA,NA,NA,NA,NA,NA,NA,NA,NA,NA,"",NA,NA,NA,-182050.86,-157919.43,1,"S",-0.805534778761062,-0.698758539823009
NA,"Sky-A5-6",-189.43818,-148.97731,NA,NA,NA,NA,350.4302825,-22.638961321,NA,NA,NA,NA,NA,NA,NA,NA,NA,NA,NA,NA,NA,NA,NA,NA,"",NA,NA,NA,-189438.18,-148977.31,1,"S",-0.83822203539823,-0.659191637168142
NA,"Sky-A5-7",-196.38671,-139.6901,NA,NA,NA,NA,350.399169,-22.600143138,NA,NA,NA,NA,NA,NA,NA,NA,NA,NA,NA,NA,NA,NA,NA,NA,"",NA,NA,NA,-196386.71,-139690.1,1,"S",-0.868967743362832,-0.61809778761062
NA,"Sky-H1-1",-181.17025,158.92893,NA,NA,NA,NA,350.4751267,-21.356773731,NA,NA,NA,NA,NA,NA,NA,NA,NA,NA,NA,NA,NA,NA,NA,NA,"",NA,NA,NA,-181170.25,158928.93,1,"S",-0.801638274336283,0.703225353982301
NA,"Sky-H1-2",-173.31368,167.46173,NA,NA,NA,NA,350.5104889,-21.321389538,NA,NA,NA,NA,NA,NA,NA,NA,NA,NA,NA,NA,NA,NA,NA,NA,"",NA,NA,NA,-173313.68,167461.73,1,"S",-0.766874690265487,0.74098110619469
NA,"Sky-H1-3",-165.05567,175.60663,NA,NA,NA,NA,350.547622,-21.287622301,NA,NA,NA,NA,NA,NA,NA,NA,NA,NA,NA,NA,NA,NA,NA,NA,"",NA,NA,NA,-165055.67,175606.63,1,"S",-0.73033482300885,0.777020486725664
NA,"Sky-H1-4",-156.41534,183.34477,NA,NA,NA,NA,350.5864399,-21.255549235,NA,NA,NA,NA,NA,NA,NA,NA,NA,NA,NA,NA,NA,NA,NA,NA,"",NA,NA,NA,-156415.34,183344.77,1,"S",-0.692103274336283,0.811260044247788
NA,"Sky-H1-5",-147.4127,190.65822,NA,NA,NA,NA,350.6268531,-21.225243683,NA,NA,NA,NA,NA,NA,NA,NA,NA,NA,NA,NA,NA,NA,NA,NA,"",NA,NA,NA,-147412.7,190658.22,1,"S",-0.652268584070796,0.843620442477876
NA,"Sky-H1-6",-138.06861,197.53006,NA,NA,NA,NA,350.6687683,-21.196774798,NA,NA,NA,NA,NA,NA,NA,NA,NA,NA,NA,NA,NA,NA,NA,NA,"",NA,NA,NA,-138068.61,197530.06,1,"S",-0.610923053097345,0.874026814159292
NA,"Sky-H1-7",-128.4047,203.94434,NA,NA,NA,NA,350.7120892,-21.170207706,NA,NA,NA,NA,NA,NA,NA,NA,NA,NA,NA,NA,NA,NA,NA,NA,"",NA,NA,NA,-128404.7,203944.34,1,"S",-0.568162389380531,0.902408584070796
NA,"Sky-H1-8",-118.44464,209.88551,NA,NA,NA,NA,350.7567104,-21.145605898,NA,NA,NA,NA,NA,NA,NA,NA,NA,NA,NA,NA,NA,NA,NA,NA,"",NA,NA,NA,-118444.64,209885.51,1,"S",-0.524091327433628,0.928696946902655
NA,"Sky-H2-1",-100.81652,218.89973,NA,NA,NA,NA,350.8356266,-21.108290657,NA,NA,NA,NA,NA,NA,NA,NA,NA,NA,NA,NA,NA,NA,NA,NA,"",NA,NA,NA,-100816.52,218899.73,1,"S",-0.446090796460177,0.968582876106195
NA,"Sky-H2-2",-90.16757,223.49692,NA,NA,NA,NA,350.8832685,-21.089266516,NA,NA,NA,NA,NA,NA,NA,NA,NA,NA,NA,NA,NA,NA,NA,NA,"",NA,NA,NA,-90167.57,223496.92,1,"S",-0.398971548672566,0.988924424778761
NA,"Sky-H2-3",-79.30977,227.57641,NA,NA,NA,NA,350.9318246,-21.072389189,NA,NA,NA,NA,NA,NA,NA,NA,NA,NA,NA,NA,NA,NA,NA,NA,"",NA,NA,NA,-79309.77,227576.41,1,"S",-0.350928185840708,1.00697526548673
NA,"Sky-H2-4",-67.70168,229.21056,NA,NA,NA,NA,350.9835301,-21.065173274,NA,NA,NA,NA,NA,NA,NA,NA,NA,NA,NA,NA,NA,NA,NA,NA,"",NA,NA,NA,-67701.68,229210.56,2,"S",-0.299564955752212,1.01420601769912
NA,"Sky-H2-5",-56.59499,232.20251,NA,NA,NA,NA,351.0331947,-21.052795733,NA,NA,NA,NA,NA,NA,NA,NA,NA,NA,NA,NA,NA,NA,NA,NA,"",NA,NA,NA,-56594.99,232202.51,2,"S",-0.250420309734513,1.02744473451327
NA,"Sky-H2-6",-45.73679,236.62039,NA,NA,NA,NA,351.0818623,-21.034996702,NA,NA,NA,NA,NA,NA,NA,NA,NA,NA,NA,NA,NA,NA,NA,NA,"",NA,NA,NA,-45736.79,236620.39,1,"S",-0.20237517699115,1.04699287610619
NA,"Sky-H2-7",-33.72972,234.58752,NA,NA,NA,NA,351.135305,-21.042478537,NA,NA,NA,NA,NA,NA,NA,NA,NA,NA,NA,NA,NA,NA,NA,NA,"",NA,NA,NA,-33729.72,234587.52,3,"S",-0.149246548672566,1.03799787610619
NA,"Sky-H2-8",-22.78326,239.92079,NA,NA,NA,NA,351.1843794,-21.021372258,NA,NA,NA,NA,NA,NA,NA,NA,NA,NA,NA,NA,NA,NA,NA,NA,"",NA,NA,NA,-22783.26,239920.79,1,"S",-0.100810884955752,1.0615964159292
NA,"Sky-H3-1",184.61356,154.91577,NA,NA,NA,NA,352.1118125,-21.373891778,NA,NA,NA,NA,NA,NA,NA,NA,NA,NA,NA,NA,NA,NA,NA,NA,"",NA,NA,NA,184613.56,154915.77,1,"S",0.816874159292035,0.685468008849557
NA,"Sky-H3-2",191.8534,145.85382,NA,NA,NA,NA,352.1443772,-21.411484867,NA,NA,NA,NA,NA,NA,NA,NA,NA,NA,NA,NA,NA,NA,NA,NA,"",NA,NA,NA,191853.4,145853.82,1,"S",0.848908849557522,0.645370884955752
NA,"Sky-H3-3",198.64884,136.45402,NA,NA,NA,NA,352.1749757,-21.450486551,NA,NA,NA,NA,NA,NA,NA,NA,NA,NA,NA,NA,NA,NA,NA,NA,"",NA,NA,NA,198648.84,136454.02,1,"S",0.878977168141593,0.603778849557522
NA,"Sky-H3-4",203.28293,125.68632,NA,NA,NA,NA,352.1964458,-21.494937126,NA,NA,NA,NA,NA,NA,NA,NA,NA,NA,NA,NA,NA,NA,NA,NA,"",NA,NA,NA,203282.93,125686.32,2,"S",0.899481991150442,0.556134159292035
NA,"Sky-H3-5",210.84465,116.72873,NA,NA,NA,NA,352.2299932,-21.532354999,NA,NA,NA,NA,NA,NA,NA,NA,NA,NA,NA,NA,NA,NA,NA,NA,"",NA,NA,NA,210844.65,116728.73,1,"S",0.93294092920354,0.516498805309734
NA,"Sky-H3-6",216.21677,106.44891,NA,NA,NA,NA,352.254283,-21.575034086,NA,NA,NA,NA,NA,NA,NA,NA,NA,NA,NA,NA,NA,NA,NA,NA,"",NA,NA,NA,216216.77,106448.91,1,"S",0.956711371681416,0.471012876106195
NA,"Sky-H3-7",221.08806,95.92253,NA,NA,NA,NA,352.2763488,-21.618746601,NA,NA,NA,NA,NA,NA,NA,NA,NA,NA,NA,NA,NA,NA,NA,NA,"",NA,NA,NA,221088.06,95922.53,1,"S",0.978265752212389,0.424435973451327
NA,"Sky-H3-8",221.70475,83.76159,NA,NA,NA,NA,352.2804933,-21.668982383,NA,NA,NA,NA,NA,NA,NA,NA,NA,NA,NA,NA,NA,NA,NA,NA,"",NA,NA,NA,221704.75,83761.59,3,"S",0.980994469026549,0.370626504424779
NA,"Sky-H4-1",239.9828,-22.12059,NA,NA,NA,NA,352.3641151,-22.109662205,NA,NA,NA,NA,NA,NA,NA,NA,NA,NA,NA,NA,NA,NA,NA,NA,"",NA,NA,NA,239982.8,-22120.59,1,"S",1.06187079646018,-0.0978787168141593
NA,"Sky-H4-2",238.64054,-33.64155,NA,NA,NA,NA,352.3583922,-22.157650114,NA,NA,NA,NA,NA,NA,NA,NA,NA,NA,NA,NA,NA,NA,NA,NA,"",NA,NA,NA,238640.54,-33641.55,1,"S",1.05593159292035,-0.148856415929204
NA,"Sky-H4-3",236.74552,-45.08459,NA,NA,NA,NA,352.3501789,-22.205327226,NA,NA,NA,NA,NA,NA,NA,NA,NA,NA,NA,NA,NA,NA,NA,NA,"",NA,NA,NA,236745.52,-45084.59,1,"S",1.04754654867257,-0.199489336283186
NA,"Sky-H4-4",234.30213,-56.42319,NA,NA,NA,NA,352.3394919,-22.252582859,NA,NA,NA,NA,NA,NA,NA,NA,NA,NA,NA,NA,NA,NA,NA,NA,"",NA,NA,NA,234302.13,-56423.19,1,"S",1.03673508849558,-0.249660132743363
NA,"Sky-H4-5",231.31601,-67.6311,NA,NA,NA,NA,352.3263536,-22.299307333,NA,NA,NA,NA,NA,NA,NA,NA,NA,NA,NA,NA,NA,NA,NA,NA,"",NA,NA,NA,231316.01,-67631.1,1,"S",1.02352216814159,-0.299252654867257
NA,"Sky-H4-6",227.79409,-78.68236,NA,NA,NA,NA,352.3107923,-22.345392045,NA,NA,NA,NA,NA,NA,NA,NA,NA,NA,NA,NA,NA,NA,NA,NA,"",NA,NA,NA,227794.09,-78682.36,1,"S",1.00793845132743,-0.34815203539823
NA,"Sky-H4-7",223.74453,-89.55136,NA,NA,NA,NA,352.2928421,-22.390729732,NA,NA,NA,NA,NA,NA,NA,NA,NA,NA,NA,NA,NA,NA,NA,NA,"",NA,NA,NA,223744.53,-89551.36,1,"S",0.990020044247788,-0.396244955752212
NA,"Sky-H4-8",219.17732,-100.21161,NA,NA,NA,NA,352.2725452,-22.435209335,NA,NA,NA,NA,NA,NA,NA,NA,NA,NA,NA,NA,NA,NA,NA,NA,"",NA,NA,NA,219177.32,-100211.61,1,"S",0.969811150442478,-0.443414203539823
NA,"Sky-H5-1",41.83481,-237.34134,NA,NA,NA,NA,351.4741598,-23.008610586,NA,NA,NA,NA,NA,NA,NA,NA,NA,NA,NA,NA,NA,NA,NA,NA,"",NA,NA,NA,41834.81,-237341.34,1,"S",0.185109778761062,-1.05018292035398
NA,"Sky-H5-2",30.36687,-239.07931,NA,NA,NA,NA,351.422299,-23.015899875,NA,NA,NA,NA,NA,NA,NA,NA,NA,NA,NA,NA,NA,NA,NA,NA,"",NA,NA,NA,30366.87,-239079.31,1,"S",0.134366681415929,-1.05787305309735
NA,"Sky-H5-3",18.8286,-240.26349,NA,NA,NA,NA,351.3701136,-23.020869729,NA,NA,NA,NA,NA,NA,NA,NA,NA,NA,NA,NA,NA,NA,NA,NA,"",NA,NA,NA,18828.6,-240263.49,1,"S",0.083312389380531,-1.06311278761062
NA,"Sky-H5-4",7.2467,-240.89115,NA,NA,NA,NA,351.3177266,-23.023508365,NA,NA,NA,NA,NA,NA,NA,NA,NA,NA,NA,NA,NA,NA,NA,NA,"",NA,NA,NA,7246.7,-240891.15,1,"S",0.0320650442477876,-1.06589004424779
NA,"Sky-H5-5",-4.35197,-240.96083,NA,NA,NA,NA,351.265262,-23.023809428,NA,NA,NA,NA,NA,NA,NA,NA,NA,NA,NA,NA,NA,NA,NA,NA,"",NA,NA,NA,-4351.97,-240960.83,1,"S",-0.0192565044247788,-1.06619836283186
NA,"Sky-H5-6",-15.94057,-240.47237,NA,NA,NA,NA,351.2128438,-23.021772112,NA,NA,NA,NA,NA,NA,NA,NA,NA,NA,NA,NA,NA,NA,NA,NA,"",NA,NA,NA,-15940.57,-240472.37,1,"S",-0.0705334955752212,-1.06403703539823
NA,"Sky-H5-7",-27.49224,-239.4269,NA,NA,NA,NA,351.1605959,-23.017401116,NA,NA,NA,NA,NA,NA,NA,NA,NA,NA,NA,NA,NA,NA,NA,NA,"",NA,NA,NA,-27492.24,-239426.9,1,"S",-0.121647079646018,-1.0594110619469
NA,"Sky-H5-8",-38.97879,-237.82707,NA,NA,NA,NA,351.1086482,-23.010707617,NA,NA,NA,NA,NA,NA,NA,NA,NA,NA,NA,NA,NA,NA,NA,NA,"",NA,NA,NA,-38978.79,-237827.07,1,"S",-0.172472522123894,-1.05233216814159
NA,"Sky-H6-1",-58.36925,-233.82492,NA,NA,NA,NA,351.0209753,-22.993956472,NA,NA,NA,NA,NA,NA,NA,NA,NA,NA,NA,NA,NA,NA,NA,NA,"",NA,NA,NA,-58369.25,-233824.92,1,"S",-0.258271017699115,-1.03462353982301
NA,"Sky-H6-2",-69.55194,-230.74573,NA,NA,NA,NA,350.9704292,-22.981066318,NA,NA,NA,NA,NA,NA,NA,NA,NA,NA,NA,NA,NA,NA,NA,NA,"",NA,NA,NA,-69551.94,-230745.73,1,"S",-0.307751946902655,-1.02099880530973
NA,"Sky-H6-3",-79.90484,-225.24701,NA,NA,NA,NA,350.9234719,-22.958620531,NA,NA,NA,NA,NA,NA,NA,NA,NA,NA,NA,NA,NA,NA,NA,NA,"",NA,NA,NA,-79904.84,-225247.01,2,"S",-0.353561238938053,-0.996668185840708
NA,"Sky-H6-4",-91.4085,-222.99226,NA,NA,NA,NA,350.8716824,-22.948607294,NA,NA,NA,NA,NA,NA,NA,NA,NA,NA,NA,NA,NA,NA,NA,NA,"",NA,NA,NA,-91408.5,-222992.26,1,"S",-0.404462389380531,-0.986691415929204
NA,"Sky-H6-5",-102.03172,-218.33596,NA,NA,NA,NA,350.8237146,-22.929114884,NA,NA,NA,NA,NA,NA,NA,NA,NA,NA,NA,NA,NA,NA,NA,NA,"",NA,NA,NA,-102031.72,-218335.96,1,"S",-0.45146778761062,-0.966088318584071
NA,"Sky-H6-6",-112.41861,-213.17391,NA,NA,NA,NA,350.7768349,-22.907506581,NA,NA,NA,NA,NA,NA,NA,NA,NA,NA,NA,NA,NA,NA,NA,NA,"",NA,NA,NA,-112418.61,-213173.91,1,"S",-0.497427477876106,-0.943247389380531
NA,"Sky-H6-7",-122.54511,-207.51809,NA,NA,NA,NA,350.7311535,-22.883833315,NA,NA,NA,NA,NA,NA,NA,NA,NA,NA,NA,NA,NA,NA,NA,NA,"",NA,NA,NA,-122545.11,-207518.09,1,"S",-0.542235,-0.918221637168142
NA,"Sky-H6-8",-132.38652,-201.3824,NA,NA,NA,NA,350.6867832,-22.858154123,NA,NA,NA,NA,NA,NA,NA,NA,NA,NA,NA,NA,NA,NA,NA,NA,"",NA,NA,NA,-132386.52,-201382.4,1,"S",-0.585781061946903,-0.891072566371681
NA,"Sky-H7-1",-207.18967,-123.09956,NA,NA,NA,NA,350.3508873,-22.530820116,NA,NA,NA,NA,NA,NA,NA,NA,NA,NA,NA,NA,NA,NA,NA,NA,"",NA,NA,NA,-207189.67,-123099.56,1,"S",-0.916768451327434,-0.544688318584071
NA,"Sky-H7-2",-212.87255,-112.98823,NA,NA,NA,NA,350.3255458,-22.48858376,NA,NA,NA,NA,NA,NA,NA,NA,NA,NA,NA,NA,NA,NA,NA,NA,"",NA,NA,NA,-212872.55,-112988.23,1,"S",-0.941913938053097,-0.499947920353982
NA,"Sky-H7-3",-218.06235,-102.61518,NA,NA,NA,NA,350.3024483,-22.445264893,NA,NA,NA,NA,NA,NA,NA,NA,NA,NA,NA,NA,NA,NA,NA,NA,"",NA,NA,NA,-218062.35,-102615.18,1,"S",-0.964877654867257,-0.454049469026549
NA,"Sky-H7-4",-222.74704,-92.00444,NA,NA,NA,NA,350.2816471,-22.400964726,NA,NA,NA,NA,NA,NA,NA,NA,NA,NA,NA,NA,NA,NA,NA,NA,"",NA,NA,NA,-222747.04,-92004.44,1,"S",-0.985606371681416,-0.407099292035398
NA,"Sky-H7-5",-226.91579,-81.18059,NA,NA,NA,NA,350.2631885,-22.355786675,NA,NA,NA,NA,NA,NA,NA,NA,NA,NA,NA,NA,NA,NA,NA,NA,"",NA,NA,NA,-226915.79,-81180.59,1,"S",-1.00405216814159,-0.359206150442478
NA,"Sky-H7-6",-230.55892,-70.1687,NA,NA,NA,NA,350.2471138,-22.309836114,NA,NA,NA,NA,NA,NA,NA,NA,NA,NA,NA,NA,NA,NA,NA,NA,"",NA,NA,NA,-230558.92,-70168.7,1,"S",-1.02017221238938,-0.310480973451327
NA,"Sky-H7-7",-233.66801,-58.99428,NA,NA,NA,NA,350.2334579,-22.263220142,NA,NA,NA,NA,NA,NA,NA,NA,NA,NA,NA,NA,NA,NA,NA,NA,"",NA,NA,NA,-233668.01,-58994.28,1,"S",-1.03392924778761,-0.261036637168142
NA,"Sky-H7-8",-236.23556,-47.68464,NA,NA,NA,NA,350.222252,-22.21605326,NA,NA,NA,NA,NA,NA,NA,NA,NA,NA,NA,NA,NA,NA,NA,NA,"",NA,NA,NA,-236235.56,-47684.64,1,"S",-1.04529008849558,-0.210993982300885
