"probe","ID","x","y","rads","angs","azAngs","angs_azAng","RA","DEC","g_mag","r_mag","i_mag","z_mag","y_mag","GAIA_g_mag","GAIA_bp_mag","GAIA_rp_mag","pmRA","pmDEC","Re","GAL_MU_E_R","Mstar","priority","remaining_observations","Tile_number","COMPLETED","MagnetX_noDC","MagnetY_noDC","type","MagnetX","MagnetY","SkyFibrePosition","fibre_type","fraction_plate_radius_X","fraction_plate_radius_Y"
probe,ID,x,y,rads,angs,azAngs,angs_azAng,RA,DEC,g_mag,r_mag,i_mag,z_mag,y_mag,GAIA_g_mag,GAIA_bp_mag,GAIA_rp_mag,pmRA,pmDEC,Re,GAL_MU_E_R,Mstar,priority,remaining_observations,Tile_number,COMPLETED,MagnetX_noDC,MagnetY_noDC,type,MagnetX,MagnetY,SkyFibrePosition,fibre_type,fraction_plate_radius_X,fraction_plate_radius_Y,grads,gangs,gazAngs,gangs_gazAng,Magnet,Label,order,Pickup_option,Index,Hexabundle,probe_orientation,rectMag_inputOrientation,Magnet_C,Label_C,order_C,Pickup_option_C,offset_P,offset_Q
1.0,6864320812414324352,43.800625902918874,88.08263077420274,98.3900166623388,-0.10363163440049,4.25061354217626,1.92894013060284,300.0263,-21.596678,15.5193996429443,14.7404003143311,14.4040002822876,14.2201995849609,14.111499786377,14.764681,15.365012,14.023185,10.4758285133376,-2.9701463188531,1.0,19.0,-99.0,1.0,1.0,-999.0,False,45641.6685714175,85252.2273469384,1.0,43836.52,88084.93,NA,P,0.193966902654867,0.389756327433628,NA,NA,NA,NA,rectangular_magnet,R01,1.0,I,1.0,A,-84.06234472480922,1.92894013060284,circular_magnet,Gre,1.0,TL,0.03546368063999998,0.006
2.0,6864259544702647424,168.93284504678746,54.766549996849626,177.62395898306,0.689120116976917,3.45520788541303,3.51709753874347,300.594,-21.740427,18.762300491333,17.9796009063721,17.6347007751465,17.4629001617432,17.3465995788574,18.013521,18.619446,17.262901,0.515692521152797,-6.86987853595151,1.0,19.0,-99.0,1.0,1.0,-999.0,False,173941.868571418,52764.9533469385,1.0,168960.26,54796.91,NA,P,0.747611769911504,0.242464203539823,NA,NA,NA,NA,rectangular_magnet,R02,1.0,I,2.0,B,-129.48367428033896,3.51709753874347,circular_magnet,Yel,1.0,TR,0.04046368063999998,0.006
3.0,6864182273949717504,-68.90844020876315,-63.6039165806101,93.7730713393206,-1.05273894032986,0.745564200705622,4.4848821661441,299.50546,-22.245993,17.173900604248,15.9146995544434,15.3020000457764,15.021900177002,14.838399887085,15.857487,16.758883,14.918075,-8.30670585207,-3.47428646550765,1.0,19.0,-99.0,1.0,1.0,-999.0,False,-72068.1714285744,-61492.9626530611,1.0,-68895.57,-63614.38,NA,P,-0.304847654867257,-0.281479557522124,NA,NA,NA,NA,rectangular_magnet,R03,1.0,I,3.0,C,-29.68250179002416,4.4848821661441,circular_magnet,Gre,1.0,TR,0.015463680639999975,0.006
4.0,6864484605287067648,-45.987241831422004,55.84423935688218,72.2901905361232,-0.67628410373425,-0.882129754675031,0.205845650940781,299.6123,-21.734346,16.6854000091553,15.9499998092651,15.6627998352051,15.5327997207642,15.4421997070313,15.991636,16.545504,15.295095,-7.41893493615054,-8.26658640326906,1.0,19.0,-99.0,1.0,1.0,-999.0,False,-47922.3314285796,54139.2593469389,1.0,-45941.01,55814.83,NA,P,-0.203278805309734,0.246968274336283,NA,NA,NA,NA,rectangular_magnet,R04,1.0,I,4.0,D,-51.25177510423993,0.205845650940781,circular_magnet,Blu,1.0,TR,0.05446368063999998,0.006
5.0,6864171244473903872,-33.89612522133846,-65.8437194212443,74.0491349831131,-0.835286697178695,1.09535279874588,4.35254581125502,299.66727,-22.256035,18.4904003143311,17.5237007141113,17.1245994567871,16.9409008026123,16.8057994842529,17.558903,18.23865,16.747503,4.29317842954325,-4.7613393726338,1.0,19.0,-99.0,1.0,1.0,-999.0,False,-35499.1114285866,-63762.4546530616,1.0,-33894.72,-65836.33,NA,P,-0.149976637168142,-0.291311194690266,NA,NA,NA,NA,rectangular_magnet,R05,1.0,I,5.0,I,-42.14159756823898,4.35254581125502,circular_magnet,Blu,1.0,TR,-0.004536319360000025,0.006
6.0,6864112351881812608,6.603501448701108,-133.86834705505296,133.99119074659,1.49922241165522,1.62013592863666,6.16227179019814,299.85468,-22.544004,17.9855003356934,17.3262004852295,17.0666007995605,16.9549007415771,16.8708000183105,17.378246,17.89758,16.71161,9.49022263082594,-2.98736819417331,1.0,19.0,-99.0,1.0,1.0,-999.0,False,6855.54857141335,-128843.448653062,1.0,6608.39,-133828.13,NA,P,0.0292406637168142,-0.592159867256637,NA,NA,NA,NA,rectangular_magnet,R06,1.0,I,6.0,J,-175.89911673926872,6.16227179019814,circular_magnet,Gre,1.0,TR,0.04046368063999998,-0.002
7.0,6864307274677608704,136.42358862133634,62.12359479685677,149.911154520441,3.85063514664877,3.56895720776156,0.281677938887208,300.44888,-21.708616,17.6019992828369,16.7224006652832,16.3470993041992,16.1686992645264,16.0391998291016,16.753944,17.398882,15.970613,4.20127253120312,4.77139956000546,1.0,19.0,-99.0,1.0,1.0,-999.0,False,141144.748571414,59954.2393469388,1.0,136428.33,62134.25,NA,P,0.60366517699115,0.274930309734513,NA,NA,NA,NA,rectangular_magnet,R07,1.0,I,7.0,K,49.37485765228672,0.281677938887208,circular_magnet,Yel,1.0,TR,-0.010536319360000025,-0.005
8.0,6852214845794793856,176.55891943998276,-93.33807782148403,199.72926099355,4.61981257450558,2.65516299532355,1.96464957918203,300.6283,-22.36531,17.3043003082275,16.5730991363525,16.2588996887207,16.0984992980957,15.9933004379272,16.613552,17.178122,15.888516,-0.877438172384768,-8.28209587004309,1.0,19.0,-99.0,1.0,1.0,-999.0,False,181693.668571425,-88458.6046530616,1.0,176562.17,-93367.97,NA,P,0.781248539823009,-0.413132610619469,NA,NA,NA,NA,rectangular_magnet,R08,1.0,I,8.0,L,5.304237339363283,1.96464957918203,circular_magnet,Mag,1.0,TL,0.029463680639999976,0.006
9.0,6864198148147904000,85.01549850504153,-93.20879517633529,126.146131054266,1.00136559460958,2.31038406699801,4.97416683479116,300.21634,-22.370943,16.3990993499756,15.6634998321533,15.354700088501,15.2031002044678,15.0931997299194,15.699189,16.267403,14.985218,0.0534286156008658,-1.16588946689966,1.0,19.0,-99.0,1.0,1.0,-999.0,False,88590.7085714199,-89731.6626530615,1.0,85020.4,-93190.01,NA,P,0.376196460176991,-0.41234517699115,NA,NA,NA,NA,rectangular_magnet,R09,1.0,I,9.0,M,-147.37402232073754,4.97416683479116,circular_magnet,Gre,1.0,TR,0.018463680639999976,0.006
10.0,6864303735624448256,90.72657717783687,56.6835043560673,107.00087130612,-0.19410619084479,3.69990690116675,2.38917221516805,300.24222,-21.731037,17.7735996246338,16.9909000396729,16.5912990570068,16.3910999298096,16.242000579834,16.991354,17.62565,16.203764,1.16392685367235,-2.38130177504078,1.0,19.0,-99.0,1.0,1.0,-999.0,False,94439.5885714136,54887.0933469384,1.0,90752.72,56684.48,NA,P,0.401560707964602,0.250816283185841,NA,NA,NA,NA,rectangular_magnet,R10,1.0,I,10.0,N,-78.87853448723278,2.38917221516805,circular_magnet,Gre,1.0,TR,0.025463680639999976,0.006
11.0,6864191379279345024,93.4237410748578,-135.35856434784338,164.459549720472,0.714573196051161,2.17507907899819,4.82267942423255,300.2532,-22.547285,17.385799407959,16.497200012207,16.1502990722656,15.9855003356934,15.8632001876831,16.546124,17.19085,15.775208,-4.26819965673957,2.40972481647499,1.0,19.0,-99.0,1.0,1.0,-999.0,False,96921.0685714177,-129584.954653061,1.0,93441.31,-135335.38,NA,P,0.413457123893805,-0.598829115044248,NA,NA,NA,NA,rectangular_magnet,R11,1.0,I,11.0,O,-130.94202828690578,4.82267942423255,circular_magnet,Yel,1.0,TR,0.028463680639999975,0.006
12.0,6864095687409267968,88.70796106482261,-164.58247188497924,186.956675111874,0.69651024855835,2.06535029569742,4.91434526004051,300.2301,-22.668116,17.1124000549316,16.4078998565674,16.0862007141113,15.9385995864868,15.8144998550415,16.430332,16.99098,15.722234,-4.22376171785455,-3.23514834684218,1.0,19.0,-99.0,1.0,1.0,-999.0,False,91700.4685714178,-156892.760653062,1.0,88736.95,-164555.62,NA,P,0.392641371681416,-0.728122212389381,NA,NA,NA,NA,rectangular_magnet,R12,1.0,I,12.0,P,-129.90709763000115,4.91434526004051,circular_magnet,Yel,1.0,TR,0.03946368063999998,0.002
13.0,6864217423961203072,78.38476179087351,-65.02419926753808,101.830129993913,1.11768311458688,2.44946480545677,4.9514036163097,300.18668,-22.25161,15.5479001998901,14.7068004608154,14.3452997207642,14.1535997390747,14.0296001434326,14.731528,15.376797,13.966559,-1.24227886193078,-2.56707911285755,1.0,19.0,-99.0,1.0,1.0,-999.0,False,81887.5485714248,-62762.4046530613,1.0,78397.98,-64985.63,NA,P,0.346893716814159,-0.28754703539823,NA,NA,NA,NA,rectangular_magnet,R13,1.0,I,13.0,Q,-154.03852529886512,4.9514036163097,circular_magnet,Gre,1.0,TR,0.04046368063999998,0.005
14.0,6864185469405447808,-91.25499813416803,-58.75224570362551,108.523600605364,-0.722232275863999,0.572175596492123,4.98877743482346,299.40286,-22.224525,18.5314998626709,17.7089004516602,17.368200302124,17.1991996765137,17.0928993225098,17.753624,18.366657,16.99642,1.61780212986328,-2.58375560358213,1.0,19.0,-99.0,1.0,1.0,-999.0,False,-95255.7714285862,-56641.1946530614,1.0,-91238.5,-58761.45,NA,P,-0.40371017699115,-0.260006415929204,NA,NA,NA,NA,rectangular_magnet,R14,1.0,I,14.0,R,-48.61913876486449,4.98877743482346,circular_magnet,Gre,1.0,TR,0.018463680639999976,0.004
15.0,6864246526660028416,143.25635737887424,-0.9873593332157748,143.231589868968,4.02462245771724,3.13442441092988,0.890198046787364,300.48145,-21.977095,16.8414001464844,16.156400680542,15.8706998825073,15.7321996688843,15.6496000289917,16.18988,16.718124,15.500914,-4.20268413538608,-5.82314851110123,1.0,19.0,-99.0,1.0,1.0,-999.0,False,148505.568571418,-722.014653061073,1.0,143227.91,-1026.71,NA,P,0.633751814159292,-0.0045429646017699,NA,NA,NA,NA,rectangular_magnet,R15,1.0,I,15.0,S,39.40611903923349,0.890198046787364,circular_magnet,Gre,1.0,TL,0.04846368063999998,0.003
16.0,6864158531370344448,-50.022855910030174,-116.23454061091631,126.512730173881,1.99845063336917,1.1640718833275,0.834378750041672,299.59323,-22.469244,18.6284008026123,17.9613990783691,17.6893997192383,17.5615005493164,17.4855003356934,18.006987,18.524551,17.285067,-1.69666877137323,-3.32346769251917,1.0,19.0,-99.0,1.0,1.0,-999.0,False,-52232.1514285794,-111947.688653061,1.0,-50048.83,-116192.02,NA,P,-0.221455,-0.514123982300885,NA,NA,NA,NA,rectangular_magnet,R16,1.0,I,16.0,T,155.4972131427004,0.834378750041672,circular_magnet,Gre,1.0,TL,0.04946368063999998,0.006
17.0,6864268138935234944,14.621319023665748,-27.83662701958463,31.4475552877899,-0.589977096810904,2.05473902786314,3.63846918250554,299.89227,-22.093689,18.8169994354248,17.9993991851807,17.6392002105713,17.4857006072998,17.3446998596191,18.031122,18.59221,17.267637,-0.764694425900438,1.31292652895772,1.0,19.0,-99.0,1.0,1.0,-999.0,False,15350.8885714185,-27072.2586530617,1.0,14631.69,-27836.35,NA,P,0.0647419911504425,-0.123169690265487,NA,NA,NA,NA,rectangular_magnet,R17,1.0,I,17.0,E,-56.196802343353966,3.63846918250554,circular_magnet,Blu,1.0,TR,0.008463680639999974,0.006
18.0,6864492061350380672,-86.24472119190362,64.46420243558649,107.645803429797,-0.303989768834996,-0.642024023270655,0.338034254435659,299.42755,-21.697632,16.925199508667,16.1697006225586,15.8166999816895,15.6337995529175,15.5186004638672,16.184126,16.788244,15.441077,2.01056728357788,-3.86328444896472,1.0,19.0,-99.0,1.0,1.0,-999.0,False,-89675.8314285814,62436.6233469389,1.0,-86211.95,64460.21,NA,P,-0.381468805309735,0.285222168141593,NA,NA,NA,NA,rectangular_magnet,R18,1.0,I,18.0,F,-72.58266923059722,0.338034254435659,circular_magnet,Gre,1.0,TR,0.03246368063999998,0.006
19.0,6864475809194047616,-83.3054506395413,19.877702043811986,85.60881792606,-0.691733513336826,-0.234159389316694,5.82561118315945,299.43997,-21.888292,16.9465007781982,16.2938995361328,16.0167007446289,15.8877000808716,15.8037004470825,16.329153,16.815248,15.647866,6.94380840938664,-7.73351207391967,1.0,19.0,-99.0,1.0,1.0,-999.0,False,-86868.9114285769,19347.4633469386,1.0,-83272.53,19863.42,NA,P,-0.368462522123894,0.0878912389380531,NA,NA,NA,NA,rectangular_magnet,R19,1.0,I,19.0,G,-50.3665891380432,5.82561118315945,circular_magnet,Blu,1.0,TR,0.03446368063999998,0.01
20.0,6864589917885825024,-36.14960678919726,207.50880609039035,210.653638880297,0.534744085029446,-1.39848472350704,1.93322880853649,299.6618,-21.101221,17.7367992401123,17.2896003723145,17.1049003601074,17.0307998657227,16.9719009399414,17.307835,17.674417,16.741894,1.85799972967074,-4.47487567647148,NA,NA,NA,1.0,NA,NA,NA,-36735.3314285743,197225.509346939,0.0,-36118.71,207534.08,NA,P,-0.159817300884956,0.918292389380531,NA,NA,NA,NA,rectangular_magnet,R20,1.0,I,20.0,H,-120.6385791917722,1.93322880853649,circular_magnet,Mag,1.0,TL,0.03946368063999998,0.006
21.0,6864133757999068416,-135.36539787443346,-165.1482871902282,213.545860303616,2.71916451123973,0.884124138208715,1.83504037303102,299.2082,-22.666004,16.3978004455566,16.4615001678467,16.5895004272461,16.6790008544922,16.6835994720459,16.391766,16.44871,16.232773,5.64196492104251,-7.33589503547838,NA,NA,NA,1.0,NA,NA,NA,-139248.931428586,-156415.448653062,0.0,-135381.05,-165147.83,NA,P,-0.599031194690265,-0.730742610619469,NA,NA,NA,NA,rectangular_magnet,R21,1.0,I,21.0,U,114.20334970420993,1.83504037303102,circular_magnet,Mag,1.0,TL,0.014463680639999974,0.006
22.0,6864397331552485504,-34.05782168037791,-187.11455926710372,NA,NA,NA,NA,299.0445,-21.900139,NA,10.7496004104614,NA,NA,NA,NA,NA,NA,19.2359437314273,-21.3549588838021,NA,NA,NA,NA,NA,NA,NA,-176245.131428574,16670.0413469387,2.0,-170768.25,16935.75,NA,G,NA,NA,190.20185980516,5.20651266673116,1.39084654770023,3.81566611903093,rectangular_magnet,R22,1.0,I,22.0,GS1,-28.31120178509877,3.81566611903093,circular_magnet,Yel,1.0,TR,0.021463680639999975,0.006
23.0,6864235050507494528,-160.20060158360846,138.86933638044343,NA,NA,NA,NA,300.73398,-22.083553,NA,11.1969995498657,NA,NA,NA,NA,NA,NA,11.8207138893405,-47.3446832355894,NA,NA,NA,NA,NA,NA,NA,205577.348571413,-24781.5226530611,2.0,200233.61,-26599.33,NA,G,NA,NA,212.032430796164,3.06905452052408,-0.714084744312826,3.7831392648369,rectangular_magnet,R23,1.0,I,23.0,GS2,94.15612887842406,3.7831392648369,circular_magnet,Mag,1.0,TL,0.030463680639999977,0.006
24.0,6865825906392800384,74.37448318968818,197.60504048252568,NA,NA,NA,NA,300.3992,-21.50024,NA,11.7093000411987,NA,NA,NA,NA,NA,NA,1.18179553357165,-5.20155589946197,NA,NA,NA,NA,NA,NA,NA,129917.068571421,107047.215346938,2.0,126143.89,111526.65,NA,G,NA,NA,211.141065434466,2.53277931136891,4.35257923546219,4.46338538308631,rectangular_magnet,R24,1.0,I,24.0,GS3,124.88243502051048,4.46338538308631,circular_magnet,Mag,1.0,TR,0.03546368063999998,0.006
25.0,6864153270030444288,200.24927926197037,-26.592181005715485,NA,NA,NA,NA,299.15057,-22.447823,NA,12.0662002563477,NA,NA,NA,NA,NA,NA,9.06264939074602,-12.5170083484214,NA,NA,NA,NA,NA,NA,NA,-152273.311428577,-107106.542653061,2.0,-147390.06,-112549.8,NA,G,NA,NA,201.992630880636,4.62670827643417,3.00952440997927,1.6171838664549,rectangular_magnet,R25,1.0,I,25.0,GS4,4.909142722074932,1.6171838664549,circular_magnet,Mag,1.0,TL,0.008463680639999974,-0.015
26.0,6864536076175760128,-147.38073590486493,-112.5695963661809,NA,NA,NA,NA,299.93243,-21.221102,NA,12.2386999130249,NA,NA,NA,NA,NA,NA,1.45566444745194,-12.0459181073714,NA,NA,NA,NA,NA,NA,NA,24427.0485714218,170132.403346939,2.0,23771.29,177915.89,NA,G,NA,NA,185.448880468024,2.48558495481705,0.65216022856481,1.83342472625224,rectangular_magnet,R26,1.0,I,26.0,GS5,127.58647246776758,1.83342472625224,circular_magnet,Yel,1.0,TL,0.019463680639999974,-0.01
27.0,6864317097262996096,-171.8081543617502,122.02132071988605,NA,NA,NA,NA,299.99063,-21.762323,NA,12.3168001174927,NA,NA,NA,NA,NA,NA,0.857401274660125,-2.78388136381946,NA,NA,NA,NA,NA,NA,NA,37580.2485714216,47816.4573469389,2.0,35966.52,49279.4,NA,G,NA,NA,210.768761598573,3.1170680869742,-0.617393695945896,3.7344617829201,rectangular_magnet,R27,1.0,I,27.0,GS6,91.4051541614607,3.7344617829201,circular_magnet,Mag,1.0,TR,0.05046368063999998,0.006
NA,Sky-A1-1,-226.46104,82.44066,NA,NA,NA,NA,298.8096492,-21.627167363,NA,NA,NA,NA,NA,NA,NA,NA,NA,NA,NA,NA,NA,NA,NA,NA,NA,NA,NA,NA,-226461.04,82440.66,1.0,S,-1.00204,0.364781681415929,NA,NA,NA,NA,NA,NA,NA,NA,NA,NA,NA,NA,NA,NA,NA,NA,NA,NA
NA,Sky-A1-2,-220.38782,92.46733,NA,NA,NA,NA,298.8366033,-21.585351994,NA,NA,NA,NA,NA,NA,NA,NA,NA,NA,NA,NA,NA,NA,NA,NA,NA,NA,NA,NA,-220387.82,92467.33,2.0,S,-0.975167345132743,0.409147477876106,NA,NA,NA,NA,NA,NA,NA,NA,NA,NA,NA,NA,NA,NA,NA,NA,NA,NA
NA,Sky-A1-3,-217.48859,103.8257,NA,NA,NA,NA,298.8504433,-21.538325205,NA,NA,NA,NA,NA,NA,NA,NA,NA,NA,NA,NA,NA,NA,NA,NA,NA,NA,NA,NA,-217488.59,103825.7,1.0,S,-0.96233889380531,0.459405752212389,NA,NA,NA,NA,NA,NA,NA,NA,NA,NA,NA,NA,NA,NA,NA,NA,NA,NA
NA,Sky-A1-4,-216.64444,116.53835,NA,NA,NA,NA,298.8559193,-21.486068021,NA,NA,NA,NA,NA,NA,NA,NA,NA,NA,NA,NA,NA,NA,NA,NA,NA,NA,NA,NA,-216644.44,116538.35,0.0,S,-0.958603716814159,0.515656415929204,NA,NA,NA,NA,NA,NA,NA,NA,NA,NA,NA,NA,NA,NA,NA,NA,NA,NA
NA,Sky-A1-5,-206.50222,124.24934,NA,NA,NA,NA,298.9001804,-21.453525519,NA,NA,NA,NA,NA,NA,NA,NA,NA,NA,NA,NA,NA,NA,NA,NA,NA,NA,NA,NA,-206502.22,124249.34,1.0,S,-0.913726637168142,0.549775840707965,NA,NA,NA,NA,NA,NA,NA,NA,NA,NA,NA,NA,NA,NA,NA,NA,NA,NA
NA,Sky-A1-6,-198.62268,132.92867,NA,NA,NA,NA,298.9351836,-21.417257701,NA,NA,NA,NA,NA,NA,NA,NA,NA,NA,NA,NA,NA,NA,NA,NA,NA,NA,NA,NA,-198622.68,132928.67,2.0,S,-0.878861415929204,0.588179955752212,NA,NA,NA,NA,NA,NA,NA,NA,NA,NA,NA,NA,NA,NA,NA,NA,NA,NA
NA,Sky-A1-7,-191.99688,142.3313,NA,NA,NA,NA,298.9650803,-21.378222329,NA,NA,NA,NA,NA,NA,NA,NA,NA,NA,NA,NA,NA,NA,NA,NA,NA,NA,NA,NA,-191996.88,142331.3,2.0,S,-0.849543716814159,0.629784513274336,NA,NA,NA,NA,NA,NA,NA,NA,NA,NA,NA,NA,NA,NA,NA,NA,NA,NA
NA,Sky-A2-1,-3.01251,240.9813,NA,NA,NA,NA,299.8111617,-20.969992625,NA,NA,NA,NA,NA,NA,NA,NA,NA,NA,NA,NA,NA,NA,NA,NA,NA,NA,NA,NA,-3012.51,240981.3,1.0,S,-0.0133296902654867,1.0662889380531,NA,NA,NA,NA,NA,NA,NA,NA,NA,NA,NA,NA,NA,NA,NA,NA,NA,NA
NA,Sky-A2-2,8.5856,240.84715,NA,NA,NA,NA,299.8629021,-20.970573408,NA,NA,NA,NA,NA,NA,NA,NA,NA,NA,NA,NA,NA,NA,NA,NA,NA,NA,NA,NA,8585.6,240847.15,1.0,S,0.0379893805309735,1.0656953539823,NA,NA,NA,NA,NA,NA,NA,NA,NA,NA,NA,NA,NA,NA,NA,NA,NA,NA
NA,Sky-A2-3,20.58215,245.13746,NA,NA,NA,NA,299.9162849,-20.954126314,NA,NA,NA,NA,NA,NA,NA,NA,NA,NA,NA,NA,NA,NA,NA,NA,NA,NA,NA,NA,20582.15,245137.46,0.0,S,0.0910714601769912,1.08467902654867,NA,NA,NA,NA,NA,NA,NA,NA,NA,NA,NA,NA,NA,NA,NA,NA,NA,NA
NA,Sky-A2-4,31.43229,236.92406,NA,NA,NA,NA,299.9649066,-20.986376887,NA,NA,NA,NA,NA,NA,NA,NA,NA,NA,NA,NA,NA,NA,NA,NA,NA,NA,NA,NA,31432.29,236924.06,2.0,S,0.13908092920354,1.04833654867257,NA,NA,NA,NA,NA,NA,NA,NA,NA,NA,NA,NA,NA,NA,NA,NA,NA,NA
NA,Sky-A2-5,44.04872,242.02419,NA,NA,NA,NA,300.0208197,-20.967046046,NA,NA,NA,NA,NA,NA,NA,NA,NA,NA,NA,NA,NA,NA,NA,NA,NA,NA,NA,NA,44048.72,242024.19,0.0,S,0.194905840707965,1.07090349557522,NA,NA,NA,NA,NA,NA,NA,NA,NA,NA,NA,NA,NA,NA,NA,NA,NA,NA
NA,Sky-A2-6,54.05917,232.80594,NA,NA,NA,NA,300.0659248,-21.00348295,NA,NA,NA,NA,NA,NA,NA,NA,NA,NA,NA,NA,NA,NA,NA,NA,NA,NA,NA,NA,54059.17,232805.94,2.0,S,0.239199867256637,1.03011477876106,NA,NA,NA,NA,NA,NA,NA,NA,NA,NA,NA,NA,NA,NA,NA,NA,NA,NA
NA,Sky-A2-7,65.74346,231.85957,NA,NA,NA,NA,300.1179273,-21.007902553,NA,NA,NA,NA,NA,NA,NA,NA,NA,NA,NA,NA,NA,NA,NA,NA,NA,NA,NA,NA,65743.46,231859.57,1.0,S,0.290900265486726,1.02592730088496,NA,NA,NA,NA,NA,NA,NA,NA,NA,NA,NA,NA,NA,NA,NA,NA,NA,NA
NA,Sky-A3-1,231.67752,66.38214,NA,NA,NA,NA,300.8624159,-21.694507838,NA,NA,NA,NA,NA,NA,NA,NA,NA,NA,NA,NA,NA,NA,NA,NA,NA,NA,NA,NA,231677.52,66382.14,1.0,S,1.0251217699115,0.293726283185841,NA,NA,NA,NA,NA,NA,NA,NA,NA,NA,NA,NA,NA,NA,NA,NA,NA,NA
NA,Sky-A3-2,234.60313,55.15828,NA,NA,NA,NA,300.8758233,-21.741156242,NA,NA,NA,NA,NA,NA,NA,NA,NA,NA,NA,NA,NA,NA,NA,NA,NA,NA,NA,NA,234603.13,55158.28,1.0,S,1.03806694690265,0.244063185840708,NA,NA,NA,NA,NA,NA,NA,NA,NA,NA,NA,NA,NA,NA,NA,NA,NA,NA
NA,Sky-A3-3,236.98531,43.80666,NA,NA,NA,NA,300.8868073,-21.788347595,NA,NA,NA,NA,NA,NA,NA,NA,NA,NA,NA,NA,NA,NA,NA,NA,NA,NA,NA,NA,236985.31,43806.66,1.0,S,1.04860756637168,0.193834778761062,NA,NA,NA,NA,NA,NA,NA,NA,NA,NA,NA,NA,NA,NA,NA,NA,NA,NA
NA,Sky-A3-4,238.81857,32.35357,NA,NA,NA,NA,300.8953404,-21.835973137,NA,NA,NA,NA,NA,NA,NA,NA,NA,NA,NA,NA,NA,NA,NA,NA,NA,NA,NA,NA,238818.57,32353.57,1.0,S,1.05671933628319,0.143157389380531,NA,NA,NA,NA,NA,NA,NA,NA,NA,NA,NA,NA,NA,NA,NA,NA,NA,NA
NA,Sky-A3-5,236.11348,20.47987,NA,NA,NA,NA,300.8847036,-21.885372313,NA,NA,NA,NA,NA,NA,NA,NA,NA,NA,NA,NA,NA,NA,NA,NA,NA,NA,NA,NA,236113.48,20479.87,3.0,S,1.04474991150442,0.0906188938053097,NA,NA,NA,NA,NA,NA,NA,NA,NA,NA,NA,NA,NA,NA,NA,NA,NA,NA
NA,Sky-A3-6,240.82258,9.24926,NA,NA,NA,NA,300.904972,-21.932086533,NA,NA,NA,NA,NA,NA,NA,NA,NA,NA,NA,NA,NA,NA,NA,NA,NA,NA,NA,NA,240822.58,9249.26,1.0,S,1.06558663716814,0.0409259292035398,NA,NA,NA,NA,NA,NA,NA,NA,NA,NA,NA,NA,NA,NA,NA,NA,NA,NA
NA,Sky-A3-7,240.98869,2.34844,NA,NA,NA,NA,300.9059113,-21.960803897,NA,NA,NA,NA,NA,NA,NA,NA,NA,NA,NA,NA,NA,NA,NA,NA,NA,NA,NA,NA,240988.69,2348.44,1.0,S,1.06632163716814,0.0103913274336283,NA,NA,NA,NA,NA,NA,NA,NA,NA,NA,NA,NA,NA,NA,NA,NA,NA,NA
NA,Sky-A4-1,210.21182,-117.86456,NA,NA,NA,NA,300.7707952,-22.461846482,NA,NA,NA,NA,NA,NA,NA,NA,NA,NA,NA,NA,NA,NA,NA,NA,NA,NA,NA,NA,210211.82,-117864.56,1.0,S,0.930140796460177,-0.521524601769911,NA,NA,NA,NA,NA,NA,NA,NA,NA,NA,NA,NA,NA,NA,NA,NA,NA,NA
NA,Sky-A4-2,204.2974,-127.84223,NA,NA,NA,NA,300.7444127,-22.503502465,NA,NA,NA,NA,NA,NA,NA,NA,NA,NA,NA,NA,NA,NA,NA,NA,NA,NA,NA,NA,204297.4,-127842.23,1.0,S,0.903970796460177,-0.565673584070796,NA,NA,NA,NA,NA,NA,NA,NA,NA,NA,NA,NA,NA,NA,NA,NA,NA,NA
NA,Sky-A4-3,196.26726,-136.38242,NA,NA,NA,NA,300.7089436,-22.539536297,NA,NA,NA,NA,NA,NA,NA,NA,NA,NA,NA,NA,NA,NA,NA,NA,NA,NA,NA,NA,196267.26,-136382.42,2.0,S,0.868439203539823,-0.60346203539823,NA,NA,NA,NA,NA,NA,NA,NA,NA,NA,NA,NA,NA,NA,NA,NA,NA,NA
NA,Sky-A4-4,189.47801,-145.66771,NA,NA,NA,NA,300.6785562,-22.57834238,NA,NA,NA,NA,NA,NA,NA,NA,NA,NA,NA,NA,NA,NA,NA,NA,NA,NA,NA,NA,189478.01,-145667.71,2.0,S,0.838398274336283,-0.644547389380531,NA,NA,NA,NA,NA,NA,NA,NA,NA,NA,NA,NA,NA,NA,NA,NA,NA,NA
NA,Sky-A4-5,183.77509,-155.90952,NA,NA,NA,NA,300.6526115,-22.620741442,NA,NA,NA,NA,NA,NA,NA,NA,NA,NA,NA,NA,NA,NA,NA,NA,NA,NA,NA,NA,183775.09,-155909.52,1.0,S,0.813164115044248,-0.689865132743363,NA,NA,NA,NA,NA,NA,NA,NA,NA,NA,NA,NA,NA,NA,NA,NA,NA,NA
NA,Sky-A4-6,176.06079,-164.57115,NA,NA,NA,NA,300.6180264,-22.656939974,NA,NA,NA,NA,NA,NA,NA,NA,NA,NA,NA,NA,NA,NA,NA,NA,NA,NA,NA,NA,176060.79,-164571.15,1.0,S,0.779030044247788,-0.72819092920354,NA,NA,NA,NA,NA,NA,NA,NA,NA,NA,NA,NA,NA,NA,NA,NA,NA,NA
NA,Sky-A4-7,167.93867,-172.85157,NA,NA,NA,NA,300.5815775,-22.69155362,NA,NA,NA,NA,NA,NA,NA,NA,NA,NA,NA,NA,NA,NA,NA,NA,NA,NA,NA,NA,167938.67,-172851.57,1.0,S,0.743091460176991,-0.764829955752212,NA,NA,NA,NA,NA,NA,NA,NA,NA,NA,NA,NA,NA,NA,NA,NA,NA,NA
NA,Sky-A5-1,-151.55041,-193.77428,NA,NA,NA,NA,299.1409235,-22.777803117,NA,NA,NA,NA,NA,NA,NA,NA,NA,NA,NA,NA,NA,NA,NA,NA,NA,NA,NA,NA,-151550.41,-193774.28,0.0,S,-0.67057703539823,-0.857408318584071,NA,NA,NA,NA,NA,NA,NA,NA,NA,NA,NA,NA,NA,NA,NA,NA,NA,NA
NA,Sky-A5-2,-157.43205,-182.47249,NA,NA,NA,NA,299.1136335,-22.731796895,NA,NA,NA,NA,NA,NA,NA,NA,NA,NA,NA,NA,NA,NA,NA,NA,NA,NA,NA,NA,-157432.05,-182472.49,1.0,S,-0.696601991150442,-0.807400398230088,NA,NA,NA,NA,NA,NA,NA,NA,NA,NA,NA,NA,NA,NA,NA,NA,NA,NA
NA,Sky-A5-3,-166.02924,-174.68645,NA,NA,NA,NA,299.0749958,-22.699227544,NA,NA,NA,NA,NA,NA,NA,NA,NA,NA,NA,NA,NA,NA,NA,NA,NA,NA,NA,NA,-166029.24,-174686.45,1.0,S,-0.734642654867257,-0.77294889380531,NA,NA,NA,NA,NA,NA,NA,NA,NA,NA,NA,NA,NA,NA,NA,NA,NA,NA
NA,Sky-A5-4,-172.79576,-165.11397,NA,NA,NA,NA,299.0442421,-22.659630611,NA,NA,NA,NA,NA,NA,NA,NA,NA,NA,NA,NA,NA,NA,NA,NA,NA,NA,NA,NA,-172795.76,-165113.97,2.0,S,-0.764583008849558,-0.730592787610619,NA,NA,NA,NA,NA,NA,NA,NA,NA,NA,NA,NA,NA,NA,NA,NA,NA,NA
NA,Sky-A5-5,-179.02917,-155.29828,NA,NA,NA,NA,299.0158883,-22.618976447,NA,NA,NA,NA,NA,NA,NA,NA,NA,NA,NA,NA,NA,NA,NA,NA,NA,NA,NA,NA,-179029.17,-155298.28,3.0,S,-0.792164469026549,-0.687160530973451,NA,NA,NA,NA,NA,NA,NA,NA,NA,NA,NA,NA,NA,NA,NA,NA,NA,NA
NA,Sky-A5-6,-189.43818,-148.97731,NA,NA,NA,NA,298.9699823,-22.591727293,NA,NA,NA,NA,NA,NA,NA,NA,NA,NA,NA,NA,NA,NA,NA,NA,NA,NA,NA,NA,-189438.18,-148977.31,1.0,S,-0.83822203539823,-0.659191637168142,NA,NA,NA,NA,NA,NA,NA,NA,NA,NA,NA,NA,NA,NA,NA,NA,NA,NA
NA,Sky-A5-7,-196.38671,-139.6901,NA,NA,NA,NA,298.9388805,-22.552909961,NA,NA,NA,NA,NA,NA,NA,NA,NA,NA,NA,NA,NA,NA,NA,NA,NA,NA,NA,NA,-196386.71,-139690.1,1.0,S,-0.868967743362832,-0.61809778761062,NA,NA,NA,NA,NA,NA,NA,NA,NA,NA,NA,NA,NA,NA,NA,NA,NA,NA
NA,Sky-H1-1,-178.16318,156.29102,NA,NA,NA,NA,299.0268928,-21.319993061,NA,NA,NA,NA,NA,NA,NA,NA,NA,NA,NA,NA,NA,NA,NA,NA,NA,NA,NA,NA,-178163.18,156291.02,3.0,S,-0.788332654867257,0.691553185840708,NA,NA,NA,NA,NA,NA,NA,NA,NA,NA,NA,NA,NA,NA,NA,NA,NA,NA
NA,Sky-H1-2,-173.31368,167.46173,NA,NA,NA,NA,299.0496925,-21.274268273,NA,NA,NA,NA,NA,NA,NA,NA,NA,NA,NA,NA,NA,NA,NA,NA,NA,NA,NA,NA,-173313.68,167461.73,1.0,S,-0.766874690265487,0.74098110619469,NA,NA,NA,NA,NA,NA,NA,NA,NA,NA,NA,NA,NA,NA,NA,NA,NA,NA
NA,Sky-H1-3,-168.47997,179.24982,NA,NA,NA,NA,299.0726011,-21.22629814,NA,NA,NA,NA,NA,NA,NA,NA,NA,NA,NA,NA,NA,NA,NA,NA,NA,NA,NA,NA,-168479.97,179249.82,0.0,S,-0.745486592920354,0.793140796460177,NA,NA,NA,NA,NA,NA,NA,NA,NA,NA,NA,NA,NA,NA,NA,NA,NA,NA
NA,Sky-H1-4,-156.41534,183.34477,NA,NA,NA,NA,299.1255625,-21.208439778,NA,NA,NA,NA,NA,NA,NA,NA,NA,NA,NA,NA,NA,NA,NA,NA,NA,NA,NA,NA,-156415.34,183344.77,1.0,S,-0.692103274336283,0.811260044247788,NA,NA,NA,NA,NA,NA,NA,NA,NA,NA,NA,NA,NA,NA,NA,NA,NA,NA
NA,Sky-H1-5,-146.18928,189.07589,NA,NA,NA,NA,299.1710151,-21.1843243,NA,NA,NA,NA,NA,NA,NA,NA,NA,NA,NA,NA,NA,NA,NA,NA,NA,NA,NA,NA,-146189.28,189075.89,2.0,S,-0.646855221238938,0.836618982300885,NA,NA,NA,NA,NA,NA,NA,NA,NA,NA,NA,NA,NA,NA,NA,NA,NA,NA
NA,Sky-H1-6,-138.06861,197.53006,NA,NA,NA,NA,299.2078072,-21.149677354,NA,NA,NA,NA,NA,NA,NA,NA,NA,NA,NA,NA,NA,NA,NA,NA,NA,NA,NA,NA,-138068.61,197530.06,1.0,S,-0.610923053097345,0.874026814159292,NA,NA,NA,NA,NA,NA,NA,NA,NA,NA,NA,NA,NA,NA,NA,NA,NA,NA
NA,Sky-H1-7,-131.06863,208.17544,NA,NA,NA,NA,299.2400692,-21.106650502,NA,NA,NA,NA,NA,NA,NA,NA,NA,NA,NA,NA,NA,NA,NA,NA,NA,NA,NA,NA,-131068.63,208175.44,0.0,S,-0.579949690265487,0.921130265486726,NA,NA,NA,NA,NA,NA,NA,NA,NA,NA,NA,NA,NA,NA,NA,NA,NA,NA
NA,Sky-H1-8,-118.44464,209.88551,NA,NA,NA,NA,299.2956635,-21.098520595,NA,NA,NA,NA,NA,NA,NA,NA,NA,NA,NA,NA,NA,NA,NA,NA,NA,NA,NA,NA,-118444.64,209885.51,1.0,S,-0.524091327433628,0.928696946902655,NA,NA,NA,NA,NA,NA,NA,NA,NA,NA,NA,NA,NA,NA,NA,NA,NA,NA
NA,Sky-H2-1,-99.97981,217.08302,NA,NA,NA,NA,299.3779743,-21.068301795,NA,NA,NA,NA,NA,NA,NA,NA,NA,NA,NA,NA,NA,NA,NA,NA,NA,NA,NA,NA,-99979.81,217083.02,2.0,S,-0.442388539823009,0.960544336283186,NA,NA,NA,NA,NA,NA,NA,NA,NA,NA,NA,NA,NA,NA,NA,NA,NA,NA
NA,Sky-H2-2,-89.41924,221.64205,NA,NA,NA,NA,299.425205,-21.049430373,NA,NA,NA,NA,NA,NA,NA,NA,NA,NA,NA,NA,NA,NA,NA,NA,NA,NA,NA,NA,-89419.24,221642.05,2.0,S,-0.395660353982301,0.98071703539823,NA,NA,NA,NA,NA,NA,NA,NA,NA,NA,NA,NA,NA,NA,NA,NA,NA,NA
NA,Sky-H2-3,-79.30977,227.57641,NA,NA,NA,NA,299.4706161,-21.025326451,NA,NA,NA,NA,NA,NA,NA,NA,NA,NA,NA,NA,NA,NA,NA,NA,NA,NA,NA,NA,-79309.77,227576.41,1.0,S,-0.350928185840708,1.00697526548673,NA,NA,NA,NA,NA,NA,NA,NA,NA,NA,NA,NA,NA,NA,NA,NA,NA,NA
NA,Sky-H2-4,-68.26826,231.12877,NA,NA,NA,NA,299.519932,-21.010640299,NA,NA,NA,NA,NA,NA,NA,NA,NA,NA,NA,NA,NA,NA,NA,NA,NA,NA,NA,NA,-68268.26,231128.77,1.0,S,-0.302071946902655,1.02269367256637,NA,NA,NA,NA,NA,NA,NA,NA,NA,NA,NA,NA,NA,NA,NA,NA,NA,NA
NA,Sky-H2-5,-57.06862,234.14576,NA,NA,NA,NA,299.569939,-20.998172686,NA,NA,NA,NA,NA,NA,NA,NA,NA,NA,NA,NA,NA,NA,NA,NA,NA,NA,NA,NA,-57068.62,234145.76,1.0,S,-0.252516017699115,1.03604318584071,NA,NA,NA,NA,NA,NA,NA,NA,NA,NA,NA,NA,NA,NA,NA,NA,NA,NA
NA,Sky-H2-6,-45.73679,236.62039,NA,NA,NA,NA,299.6205231,-20.987951941,NA,NA,NA,NA,NA,NA,NA,NA,NA,NA,NA,NA,NA,NA,NA,NA,NA,NA,NA,NA,-45736.79,236620.39,1.0,S,-0.20237517699115,1.04699287610619,NA,NA,NA,NA,NA,NA,NA,NA,NA,NA,NA,NA,NA,NA,NA,NA,NA,NA
NA,Sky-H2-7,-34.29902,238.54693,NA,NA,NA,NA,299.6715693,-20.980001249,NA,NA,NA,NA,NA,NA,NA,NA,NA,NA,NA,NA,NA,NA,NA,NA,NA,NA,NA,NA,-34299.02,238546.93,1.0,S,-0.151765575221239,1.05551738938053,NA,NA,NA,NA,NA,NA,NA,NA,NA,NA,NA,NA,NA,NA,NA,NA,NA,NA
NA,Sky-H2-8,-22.78326,239.92079,NA,NA,NA,NA,299.7229547,-20.974339154,NA,NA,NA,NA,NA,NA,NA,NA,NA,NA,NA,NA,NA,NA,NA,NA,NA,NA,NA,NA,-22783.26,239920.79,1.0,S,-0.100810884955752,1.0615964159292,NA,NA,NA,NA,NA,NA,NA,NA,NA,NA,NA,NA,NA,NA,NA,NA,NA,NA
NA,Sky-H3-1,184.61356,154.91577,NA,NA,NA,NA,300.6497568,-21.326934238,NA,NA,NA,NA,NA,NA,NA,NA,NA,NA,NA,NA,NA,NA,NA,NA,NA,NA,NA,NA,184613.56,154915.77,1.0,S,0.816874159292035,0.685468008849557,NA,NA,NA,NA,NA,NA,NA,NA,NA,NA,NA,NA,NA,NA,NA,NA,NA,NA
NA,Sky-H3-2,190.26115,144.64334,NA,NA,NA,NA,300.6756829,-21.369269264,NA,NA,NA,NA,NA,NA,NA,NA,NA,NA,NA,NA,NA,NA,NA,NA,NA,NA,NA,NA,190261.15,144643.34,2.0,S,0.841863495575221,0.640014778761062,NA,NA,NA,NA,NA,NA,NA,NA,NA,NA,NA,NA,NA,NA,NA,NA,NA,NA
NA,Sky-H3-3,198.64884,136.45402,NA,NA,NA,NA,300.7128929,-21.403529984,NA,NA,NA,NA,NA,NA,NA,NA,NA,NA,NA,NA,NA,NA,NA,NA,NA,NA,NA,NA,198648.84,136454.02,1.0,S,0.878977168141593,0.603778849557522,NA,NA,NA,NA,NA,NA,NA,NA,NA,NA,NA,NA,NA,NA,NA,NA,NA,NA
NA,Sky-H3-4,203.28293,125.68632,NA,NA,NA,NA,300.7343597,-21.447979148,NA,NA,NA,NA,NA,NA,NA,NA,NA,NA,NA,NA,NA,NA,NA,NA,NA,NA,NA,NA,203282.93,125686.32,2.0,S,0.899481991150442,0.556134159292035,NA,NA,NA,NA,NA,NA,NA,NA,NA,NA,NA,NA,NA,NA,NA,NA,NA,NA
NA,Sky-H3-5,210.84465,116.72873,NA,NA,NA,NA,300.7678915,-21.485397907,NA,NA,NA,NA,NA,NA,NA,NA,NA,NA,NA,NA,NA,NA,NA,NA,NA,NA,NA,NA,210844.65,116728.73,1.0,S,0.93294092920354,0.516498805309734,NA,NA,NA,NA,NA,NA,NA,NA,NA,NA,NA,NA,NA,NA,NA,NA,NA,NA
NA,Sky-H3-6,216.21677,106.44891,NA,NA,NA,NA,300.792175,-21.52807616,NA,NA,NA,NA,NA,NA,NA,NA,NA,NA,NA,NA,NA,NA,NA,NA,NA,NA,NA,NA,216216.77,106448.91,1.0,S,0.956711371681416,0.471012876106195,NA,NA,NA,NA,NA,NA,NA,NA,NA,NA,NA,NA,NA,NA,NA,NA,NA,NA
NA,Sky-H3-7,221.08806,95.92253,NA,NA,NA,NA,300.8142366,-21.57178746,NA,NA,NA,NA,NA,NA,NA,NA,NA,NA,NA,NA,NA,NA,NA,NA,NA,NA,NA,NA,221088.06,95922.53,1.0,S,0.978265752212389,0.424435973451327,NA,NA,NA,NA,NA,NA,NA,NA,NA,NA,NA,NA,NA,NA,NA,NA,NA,NA
NA,Sky-H3-8,225.44672,85.17533,NA,NA,NA,NA,300.8340215,-21.616425756,NA,NA,NA,NA,NA,NA,NA,NA,NA,NA,NA,NA,NA,NA,NA,NA,NA,NA,NA,NA,225446.72,85175.33,1.0,S,0.99755185840708,0.376881991150442,NA,NA,NA,NA,NA,NA,NA,NA,NA,NA,NA,NA,NA,NA,NA,NA,NA,NA
NA,Sky-H4-1,237.99111,-21.937,NA,NA,NA,NA,300.8937305,-22.062007841,NA,NA,NA,NA,NA,NA,NA,NA,NA,NA,NA,NA,NA,NA,NA,NA,NA,NA,NA,NA,237991.11,-21937.0,2.0,S,1.05305800884956,-0.0970663716814159,NA,NA,NA,NA,NA,NA,NA,NA,NA,NA,NA,NA,NA,NA,NA,NA,NA,NA
NA,Sky-H4-2,238.64054,-33.64155,NA,NA,NA,NA,300.8963829,-22.110651207,NA,NA,NA,NA,NA,NA,NA,NA,NA,NA,NA,NA,NA,NA,NA,NA,NA,NA,NA,NA,238640.54,-33641.55,1.0,S,1.05593159292035,-0.148856415929204,NA,NA,NA,NA,NA,NA,NA,NA,NA,NA,NA,NA,NA,NA,NA,NA,NA,NA
NA,Sky-H4-3,236.74552,-45.08459,NA,NA,NA,NA,300.8881913,-22.158322811,NA,NA,NA,NA,NA,NA,NA,NA,NA,NA,NA,NA,NA,NA,NA,NA,NA,NA,NA,NA,236745.52,-45084.59,1.0,S,1.04754654867257,-0.199489336283186,NA,NA,NA,NA,NA,NA,NA,NA,NA,NA,NA,NA,NA,NA,NA,NA,NA,NA
NA,Sky-H4-4,234.30213,-56.42319,NA,NA,NA,NA,300.877528,-22.205572672,NA,NA,NA,NA,NA,NA,NA,NA,NA,NA,NA,NA,NA,NA,NA,NA,NA,NA,NA,NA,234302.13,-56423.19,1.0,S,1.03673508849558,-0.249660132743363,NA,NA,NA,NA,NA,NA,NA,NA,NA,NA,NA,NA,NA,NA,NA,NA,NA,NA
NA,Sky-H4-5,231.31601,-67.6311,NA,NA,NA,NA,300.8644152,-22.252291126,NA,NA,NA,NA,NA,NA,NA,NA,NA,NA,NA,NA,NA,NA,NA,NA,NA,NA,NA,NA,231316.01,-67631.1,1.0,S,1.02352216814159,-0.299252654867257,NA,NA,NA,NA,NA,NA,NA,NA,NA,NA,NA,NA,NA,NA,NA,NA,NA,NA
NA,Sky-H4-6,227.79409,-78.68236,NA,NA,NA,NA,300.8488813,-22.298369589,NA,NA,NA,NA,NA,NA,NA,NA,NA,NA,NA,NA,NA,NA,NA,NA,NA,NA,NA,NA,227794.09,-78682.36,1.0,S,1.00793845132743,-0.34815203539823,NA,NA,NA,NA,NA,NA,NA,NA,NA,NA,NA,NA,NA,NA,NA,NA,NA,NA
NA,Sky-H4-7,223.74453,-89.55136,NA,NA,NA,NA,300.8309601,-22.343700816,NA,NA,NA,NA,NA,NA,NA,NA,NA,NA,NA,NA,NA,NA,NA,NA,NA,NA,NA,NA,223744.53,-89551.36,1.0,S,0.990020044247788,-0.396244955752212,NA,NA,NA,NA,NA,NA,NA,NA,NA,NA,NA,NA,NA,NA,NA,NA,NA,NA
NA,Sky-H4-8,219.17732,-100.21161,NA,NA,NA,NA,300.810694,-22.388173771,NA,NA,NA,NA,NA,NA,NA,NA,NA,NA,NA,NA,NA,NA,NA,NA,NA,NA,NA,NA,219177.32,-100211.61,1.0,S,0.969811150442478,-0.443414203539823,NA,NA,NA,NA,NA,NA,NA,NA,NA,NA,NA,NA,NA,NA,NA,NA,NA,NA
NA,Sky-H5-1,41.48761,-235.37157,NA,NA,NA,NA,300.0116702,-22.953787013,NA,NA,NA,NA,NA,NA,NA,NA,NA,NA,NA,NA,NA,NA,NA,NA,NA,NA,NA,NA,41487.61,-235371.57,2.0,S,0.183573495575221,-1.04146712389381,NA,NA,NA,NA,NA,NA,NA,NA,NA,NA,NA,NA,NA,NA,NA,NA,NA,NA
NA,Sky-H5-2,30.36687,-239.07931,NA,NA,NA,NA,299.9613266,-22.968718626,NA,NA,NA,NA,NA,NA,NA,NA,NA,NA,NA,NA,NA,NA,NA,NA,NA,NA,NA,NA,30366.87,-239079.31,1.0,S,0.134366681415929,-1.05787305309735,NA,NA,NA,NA,NA,NA,NA,NA,NA,NA,NA,NA,NA,NA,NA,NA,NA,NA
NA,Sky-H5-3,18.8286,-240.26349,NA,NA,NA,NA,299.909185,-22.973683037,NA,NA,NA,NA,NA,NA,NA,NA,NA,NA,NA,NA,NA,NA,NA,NA,NA,NA,NA,NA,18828.6,-240263.49,1.0,S,0.083312389380531,-1.06311278761062,NA,NA,NA,NA,NA,NA,NA,NA,NA,NA,NA,NA,NA,NA,NA,NA,NA,NA
NA,Sky-H5-4,7.2467,-240.89115,NA,NA,NA,NA,299.8568413,-22.976316488,NA,NA,NA,NA,NA,NA,NA,NA,NA,NA,NA,NA,NA,NA,NA,NA,NA,NA,NA,NA,7246.7,-240891.15,1.0,S,0.0320650442477876,-1.06589004424779,NA,NA,NA,NA,NA,NA,NA,NA,NA,NA,NA,NA,NA,NA,NA,NA,NA,NA
NA,Sky-H5-5,-4.44226,-245.95989,NA,NA,NA,NA,299.8040319,-22.995962553,NA,NA,NA,NA,NA,NA,NA,NA,NA,NA,NA,NA,NA,NA,NA,NA,NA,NA,NA,NA,-4442.26,-245959.89,0.0,S,-0.019656017699115,-1.08831809734513,NA,NA,NA,NA,NA,NA,NA,NA,NA,NA,NA,NA,NA,NA,NA,NA,NA,NA
NA,Sky-H5-6,-15.94057,-240.47237,NA,NA,NA,NA,299.7520428,-22.974570675,NA,NA,NA,NA,NA,NA,NA,NA,NA,NA,NA,NA,NA,NA,NA,NA,NA,NA,NA,NA,-15940.57,-240472.37,1.0,S,-0.0705334955752212,-1.06403703539823,NA,NA,NA,NA,NA,NA,NA,NA,NA,NA,NA,NA,NA,NA,NA,NA,NA,NA
NA,Sky-H5-7,-27.49224,-239.4269,NA,NA,NA,NA,299.6998356,-22.970195322,NA,NA,NA,NA,NA,NA,NA,NA,NA,NA,NA,NA,NA,NA,NA,NA,NA,NA,NA,NA,-27492.24,-239426.9,1.0,S,-0.121647079646018,-1.0594110619469,NA,NA,NA,NA,NA,NA,NA,NA,NA,NA,NA,NA,NA,NA,NA,NA,NA,NA
NA,Sky-H5-8,-38.97879,-237.82707,NA,NA,NA,NA,299.6479276,-22.963497757,NA,NA,NA,NA,NA,NA,NA,NA,NA,NA,NA,NA,NA,NA,NA,NA,NA,NA,NA,NA,-38978.79,-237827.07,1.0,S,-0.172472522123894,-1.05233216814159,NA,NA,NA,NA,NA,NA,NA,NA,NA,NA,NA,NA,NA,NA,NA,NA,NA,NA
NA,Sky-H6-1,-58.36925,-233.82492,NA,NA,NA,NA,299.5603199,-22.946740359,NA,NA,NA,NA,NA,NA,NA,NA,NA,NA,NA,NA,NA,NA,NA,NA,NA,NA,NA,NA,-58369.25,-233824.92,1.0,S,-0.258271017699115,-1.03462353982301,NA,NA,NA,NA,NA,NA,NA,NA,NA,NA,NA,NA,NA,NA,NA,NA,NA,NA
NA,Sky-H6-2,-69.55194,-230.74573,NA,NA,NA,NA,299.5098102,-22.933846954,NA,NA,NA,NA,NA,NA,NA,NA,NA,NA,NA,NA,NA,NA,NA,NA,NA,NA,NA,NA,-69551.94,-230745.73,1.0,S,-0.307751946902655,-1.02099880530973,NA,NA,NA,NA,NA,NA,NA,NA,NA,NA,NA,NA,NA,NA,NA,NA,NA,NA
NA,Sky-H6-3,-80.57354,-227.13205,NA,NA,NA,NA,299.4600418,-22.91871574,NA,NA,NA,NA,NA,NA,NA,NA,NA,NA,NA,NA,NA,NA,NA,NA,NA,NA,NA,NA,-80573.54,-227132.05,1.0,S,-0.356520088495575,-1.00500907079646,NA,NA,NA,NA,NA,NA,NA,NA,NA,NA,NA,NA,NA,NA,NA,NA,NA,NA
NA,Sky-H6-4,-93.30489,-227.61853,NA,NA,NA,NA,299.4031013,-22.91927413,NA,NA,NA,NA,NA,NA,NA,NA,NA,NA,NA,NA,NA,NA,NA,NA,NA,NA,NA,NA,-93304.89,-227618.53,0.0,S,-0.412853495575221,-1.00716163716814,NA,NA,NA,NA,NA,NA,NA,NA,NA,NA,NA,NA,NA,NA,NA,NA,NA,NA
NA,Sky-H6-5,-104.1485,-222.86563,NA,NA,NA,NA,299.3542349,-22.899401189,NA,NA,NA,NA,NA,NA,NA,NA,NA,NA,NA,NA,NA,NA,NA,NA,NA,NA,NA,NA,-104148.5,-222865.63,0.0,S,-0.46083407079646,-0.98613110619469,NA,NA,NA,NA,NA,NA,NA,NA,NA,NA,NA,NA,NA,NA,NA,NA,NA,NA
NA,Sky-H6-6,-112.41861,-213.17391,NA,NA,NA,NA,299.316347,-22.860277303,NA,NA,NA,NA,NA,NA,NA,NA,NA,NA,NA,NA,NA,NA,NA,NA,NA,NA,NA,NA,-112418.61,-213173.91,1.0,S,-0.497427477876106,-0.943247389380531,NA,NA,NA,NA,NA,NA,NA,NA,NA,NA,NA,NA,NA,NA,NA,NA,NA,NA
NA,Sky-H6-7,-122.54511,-207.51809,NA,NA,NA,NA,299.2706944,-22.836602333,NA,NA,NA,NA,NA,NA,NA,NA,NA,NA,NA,NA,NA,NA,NA,NA,NA,NA,NA,NA,-122545.11,-207518.09,1.0,S,-0.542235,-0.918221637168142,NA,NA,NA,NA,NA,NA,NA,NA,NA,NA,NA,NA,NA,NA,NA,NA,NA,NA
NA,Sky-H6-8,-131.28781,-199.71107,NA,NA,NA,NA,299.2310127,-22.804444376,NA,NA,NA,NA,NA,NA,NA,NA,NA,NA,NA,NA,NA,NA,NA,NA,NA,NA,NA,NA,-131287.81,-199711.07,2.0,S,-0.580919513274336,-0.883677300884956,NA,NA,NA,NA,NA,NA,NA,NA,NA,NA,NA,NA,NA,NA,NA,NA,NA,NA
NA,Sky-H7-1,-211.4881,-125.65343,NA,NA,NA,NA,298.8725141,-22.493379775,NA,NA,NA,NA,NA,NA,NA,NA,NA,NA,NA,NA,NA,NA,NA,NA,NA,NA,NA,NA,-211488.1,-125653.43,0.0,S,-0.935788053097345,-0.555988628318584,NA,NA,NA,NA,NA,NA,NA,NA,NA,NA,NA,NA,NA,NA,NA,NA,NA,NA
NA,Sky-H7-2,-212.87255,-112.98823,NA,NA,NA,NA,298.8652787,-22.441354209,NA,NA,NA,NA,NA,NA,NA,NA,NA,NA,NA,NA,NA,NA,NA,NA,NA,NA,NA,NA,-212872.55,-112988.23,1.0,S,-0.941913938053097,-0.499947920353982,NA,NA,NA,NA,NA,NA,NA,NA,NA,NA,NA,NA,NA,NA,NA,NA,NA,NA
NA,Sky-H7-3,-218.06235,-102.61518,NA,NA,NA,NA,298.8421851,-22.398037151,NA,NA,NA,NA,NA,NA,NA,NA,NA,NA,NA,NA,NA,NA,NA,NA,NA,NA,NA,NA,-218062.35,-102615.18,1.0,S,-0.964877654867257,-0.454049469026549,NA,NA,NA,NA,NA,NA,NA,NA,NA,NA,NA,NA,NA,NA,NA,NA,NA,NA
NA,Sky-H7-4,-222.74704,-92.00444,NA,NA,NA,NA,298.8213857,-22.353739035,NA,NA,NA,NA,NA,NA,NA,NA,NA,NA,NA,NA,NA,NA,NA,NA,NA,NA,NA,NA,-222747.04,-92004.44,1.0,S,-0.985606371681416,-0.407099292035398,NA,NA,NA,NA,NA,NA,NA,NA,NA,NA,NA,NA,NA,NA,NA,NA,NA,NA
NA,Sky-H7-5,-226.91579,-81.18059,NA,NA,NA,NA,298.8029267,-22.308563271,NA,NA,NA,NA,NA,NA,NA,NA,NA,NA,NA,NA,NA,NA,NA,NA,NA,NA,NA,NA,-226915.79,-81180.59,1.0,S,-1.00405216814159,-0.359206150442478,NA,NA,NA,NA,NA,NA,NA,NA,NA,NA,NA,NA,NA,NA,NA,NA,NA,NA
NA,Sky-H7-6,-230.55892,-70.1687,NA,NA,NA,NA,298.7868494,-22.262615224,NA,NA,NA,NA,NA,NA,NA,NA,NA,NA,NA,NA,NA,NA,NA,NA,NA,NA,NA,NA,-230558.92,-70168.7,1.0,S,-1.02017221238938,-0.310480973451327,NA,NA,NA,NA,NA,NA,NA,NA,NA,NA,NA,NA,NA,NA,NA,NA,NA,NA
NA,Sky-H7-7,-233.66801,-58.99428,NA,NA,NA,NA,298.7731889,-22.216001988,NA,NA,NA,NA,NA,NA,NA,NA,NA,NA,NA,NA,NA,NA,NA,NA,NA,NA,NA,NA,-233668.01,-58994.28,1.0,S,-1.03392924778761,-0.261036637168142,NA,NA,NA,NA,NA,NA,NA,NA,NA,NA,NA,NA,NA,NA,NA,NA,NA,NA
NA,Sky-H7-8,-236.23556,-47.68464,NA,NA,NA,NA,298.7619761,-22.168838055,NA,NA,NA,NA,NA,NA,NA,NA,NA,NA,NA,NA,NA,NA,NA,NA,NA,NA,NA,NA,-236235.56,-47684.64,1.0,S,-1.04529008849558,-0.210993982300885,NA,NA,NA,NA,NA,NA,NA,NA,NA,NA,NA,NA,NA,NA,NA,NA,NA,NA
