#OBSTEMP,8
#CONFIGTEMP,19
#EQUINOX,J2000.0
#CENTRE,20 00 13.56,-22 00 32.4 #Field centre
#UTTIME,14 00 00.00 #Target observing time
#UTDATE,2021 07 10 #Target observing date
#PLATEID,a test_plateID
#LABEL,300_m20_comissioning Tile 000
#TILING_DATE,2021 06 10 # Date the tile was created/configured
#PROXIMITY,220 # tiling proximity value in arcseconds
"ID","RA","DEC","g_mag","r_mag","i_mag","z_mag","y_mag","GAIA_g_mag","GAIA_bp_mag","GAIA_rp_mag","pmRA","pmDEC","Re","GAL_MU_E_R","Mstar","priority","remaining_observations","Tile_number","COMPLETED","MagnetX_noDC","MagnetY_noDC","type","MagnetX","MagnetY","Position","fibre_type","x","y","grads","gangs","gazAngs","gangs_gazAng"
"6865825906392800384",300.3992,-21.50024,NA,11.7093000411987,NA,NA,NA,NA,NA,NA,1.18179553357165,-5.20155589946197,NA,NA,NA,NA,NA,NA,NA,77452.2293877608,114981.217469388,2,74870.19,119437.98,NA,"G",-150.7756,146.54419,210.25812987401,3.24215882506927,-0.771167276343568,4.01332610141284
"6864536076175760128",299.93243,-21.221102,NA,12.2386999130249,NA,NA,NA,NA,NA,NA,1.45566444745194,-12.0459181073714,NA,NA,NA,NA,NA,NA,NA,-28037.7906122513,178066.405469388,2,-27426.87,186531.01,NA,"G",22.80241,205.81699,207.076274050091,2.64896766861752,4.60204922623534,4.33010374956176
"6864317097262996096",299.99063,-21.762323,NA,12.3168001174927,NA,NA,NA,NA,NA,NA,0.857401274660125,-2.78388136381946,NA,NA,NA,NA,NA,NA,NA,-14884.5906122515,55750.459469387,2,-14260.64,57450.81,NA,"G",131.73322,-163.29089,209.803612954021,0.558096520656744,2.249633265091,4.59164856274533
"6864252196016854016",300.53958,-21.967226,NA,13.546799659729,NA,NA,NA,NA,NA,NA,-2.38602879434139,-2.04056246922849,NA,NA,NA,NA,NA,NA,NA,109178.109387759,9442.38146938746,2,104743.33,9626.08,NA,"G",-182.3098,-72.39886,196.159267192095,4.64599402978968,0.37802111867853,4.26797291111115
"6864317994916096000",299.99158,-21.70063,NA,13.5815000534058,NA,NA,NA,NA,NA,NA,-1.70875700504565,0.771386990478433,NA,NA,NA,NA,NA,NA,NA,-14669.8906122411,69693.0774693874,2,-14081.04,71904.23,NA,"G",-163.74374,118.79024,202.294669995146,2.83522557025167,-0.627612468550303,3.46283803880197
"6865815667190729088",300.62823,-21.435041,NA,13.5923004150391,NA,NA,NA,NA,NA,NA,-5.50283737975369,-4.38825110546776,NA,NA,NA,NA,NA,NA,NA,129213.009387753,129716.191469387,2,125919.16,135630.07,NA,"G",22.69381,158.06515,159.685943829877,3.11274601249209,4.56979093833998,4.8261403813317
