#OBSTEMP,8
#CONFIGTEMP,19
#EQUINOX,J2000.0
#CENTRE,20 00 00.69,-21 55 55.1 #Field centre
#UTTIME,14 00 00.00 #Target observing time
#UTDATE,2021 07 10 #Target observing date
#PLATEID,a test_plateID
#LABEL,300_m20_comissioning Tile 000
#TILING_DATE,2021 06 15 # Date the tile was created/configured
#PROXIMITY,220 # tiling proximity value in arcseconds
probe,ID,RA,DEC,g_mag,r_mag,i_mag,z_mag,y_mag,GAIA_g_mag,GAIA_bp_mag,GAIA_rp_mag,pmRA,pmDEC,Re,GAL_MU_E_R,Mstar,priority,remaining_observations,Tile_number,COMPLETED,MagnetX_noDC,MagnetY_noDC,type,MagnetX,MagnetY,SkyFibrePosition,fibre_type,x,y,grads,gangs,gazAngs,gangs_gazAng
22,6864235050507494528,300.73398,-22.083553,NA,11.1969995498657,NA,NA,NA,NA,NA,NA,11.8207138893405,-47.3446832355894,NA,NA,NA,NA,NA,NA,NA,165234.226938768,-34254.2342448975,2,159742.16,-36081.95,NA,G,-187.96072,-43.96854,193.034879678907,5.017722064476,0.229792112014175,4.78792995246183
23,6864317097262996096,299.99063,-21.762323,NA,12.3168001174927,NA,NA,NA,NA,NA,NA,0.857401274660125,-2.78388136381946,NA,NA,NA,NA,NA,NA,NA,-2762.87306122435,38343.7457551025,2,-2649.6,39452.67,NA,G,31.97124,30.19411,43.9754984716456,3.71198956856607,3.89841145352788,6.09676342221779
24,6865743889697129344,300.8598,-21.82489,NA,12.3591995239258,NA,NA,NA,NA,NA,NA,-8.93701048879623,-5.31345667673726,NA,NA,NA,NA,NA,NA,NA,193669.546938775,24203.6037551022,2,188523.21,24896.35,NA,G,122.02713,-64.19612,137.883147190261,3.97935241912556,2.65729882328233,1.32205359584323
25,6864297275993255168,300.32556,-21.936121,NA,13.1969995498657,NA,NA,NA,NA,NA,NA,-0.518102247488317,-2.85894154964932,NA,NA,NA,NA,NA,NA,NA,72931.3069387724,-934.602244897832,2,69798.34,-1022.24,NA,G,-75.74407,131.81149,152.02444881066,0.330055595483928,-1.04923312119933,1.37928871668326
26,6864253432967543680,300.68863,-21.910965,NA,13.5031995773315,NA,NA,NA,NA,NA,NA,4.98119987526924,-5.37968384761146,NA,NA,NA,NA,NA,NA,NA,154985.126938771,4750.65375510196,2,149623.29,4642.17,NA,G,137.62571,117.26321,180.807899364237,-0.212645988894254,3.84727237747763,2.2232669408077
27,6864252196016854016,300.53958,-21.967226,NA,13.546799659729,NA,NA,NA,NA,NA,NA,-2.38602879434139,-2.04056246922849,NA,NA,NA,NA,NA,NA,NA,121299.826938774,-7964.33224489787,2,116554.47,-8429.98,NA,G,140.55012,-109.3032,178.049222863382,0.692937165499927,2.48060960078961,4.4955128718899
