#OBSTEMP,8
#CONFIGTEMP,19
#EQUINOX,J2000.0
#CENTRE,20 00 13.56,-22 00 32.4 #Field centre
#UTTIME,14 00 00.00 #Target observing time
#UTDATE,2021 07 10 #Target observing date
#PLATEID,a test_plateID
#LABEL,300_m20_comissioning Tile 000
#TILING_DATE,2021 06 10 # Date the tile was created/configured
#PROXIMITY,220 # tiling proximity value in arcseconds
probe,ID,x,y,rads,angs,azAngs,angs_azAng,RA,DEC,g_mag,r_mag,i_mag,z_mag,y_mag,GAIA_g_mag,GAIA_bp_mag,GAIA_rp_mag,pmRA,pmDEC,Re,GAL_MU_E_R,Mstar,priority,remaining_observations,Tile_number,COMPLETED,MagnetX_noDC,MagnetY_noDC,type,MagnetX,MagnetY,Position,fibre_type,fraction_plate_radius_X,fraction_plate_radius_Y,grads,gangs,gazAngs,gangs_gazAng,Magnet,Label,order,Pickup_option,Index,Hexabundle,probe_orientation,rectMag_inputOrientat,Magnet_C,Label_C,order_C,Pickup_option_C,offset_P,offset_Q
1.0,6865760588530044416,143.92962367326442,72.74795647741742,161.294467012518,1.12185193587218,3.60974697583602,3.79529026721574,300.71408,-21.698925,16.350200653076197,15.6602001190186,15.331000328064,15.163100242614698,15.0600004196167,15.671238,16.220428,14.962058,-10.1888937226561,-1.43277484862794,1.0,19.0,-99.0,1.0,1.0,-999.0,False,148615.109387765,70078.40746938769,1.0,143939.61,72782.51,NA,P,0.63690092920354,0.322046504424779,NA,NA,NA,NA,rectangular_magnet,R01,2.0,I,1.0,A,-154.27738116405672,3.7952902672157403,circular_magnet,Yel,2.0,TR,0.03546368063999998,0.006
2.0,6864236351880389632,182.71172928990407,-6.431906518141149,182.839955950245,-1.3764731273697002,3.1061966632771703,1.80051551653272,300.8895,-22.034416,17.653699874877898,17.1081008911133,16.8668994903564,16.7723007202148,16.6923007965088,17.131731,17.580133,16.502670000000002,4.74777031727944,-3.64855432414945,1.0,19.0,-99.0,1.0,1.0,-999.0,False,188260.029387759,-5742.5585306125595,1.0,182725.43,-6470.45,NA,P,0.8085196017699109,-0.0286303097345133,NA,NA,NA,NA,rectangular_magnet,R02,2.0,I,2.0,B,-11.133899188542783,1.80051551653272,circular_magnet,Yel,2.0,TL,0.04046368063999998,0.006
3.0,6864130803061422976,-125.65823879670093,-160.9574292224944,204.207881893661,2.66399507611653,0.9078706815801372,1.75612439453639,299.48315,-22.685184,15.9499998092651,15.354999542236301,15.1159000396729,15.013500213622999,14.949700355529801,15.39079,15.862085999999998,14.760525,1.80275708468809,1.63285695921062,1.0,19.0,-99.0,1.0,1.0,-999.0,False,-129575.070612236,-152816.126530612,1.0,-125674.73,-160955.65,NA,P,-0.5560828761061949,-0.71219314159292,NA,NA,NA,NA,rectangular_magnet,R03,2.0,I,3.0,C,117.36432549489048,1.75612439453639,circular_magnet,Mag,2.0,TL,0.015463680639999975,0.006
4.0,6864399427497111680,-179.37986938496016,58.1107511026833,188.603371564562,2.13398324047735,-0.313445487055764,2.4474287275331204,299.24072,-21.761232,15.3673000335693,14.7012996673584,14.396200180053699,14.266500473022498,14.160400390625,14.717987,15.252239,14.033809,2.34260847500104,4.84277983240575,1.0,19.0,-99.0,1.0,1.0,-999.0,False,-184364.25061223895,55997.0254693876,1.0,-179414.02,58153.6,NA,P,-0.7938673451327429,0.257316814159292,NA,NA,NA,NA,rectangular_magnet,R04,2.0,I,4.0,D,147.7317667689965,2.4474287275331204,circular_magnet,Yel,2.0,TR,0.05446368063999998,0.006
5.0,6864207700155177088,13.256581307014924,-102.9836923351832,103.83642645897699,1.4634962844321298,1.6987509925933302,6.047930599018391,300.1177,-22.449522,17.1907005310059,16.5785999298096,16.2789993286133,16.1392993927002,16.040899276733402,16.58624,17.084604000000002,15.90654,3.1763267624050497,-1.2610815024700202,1.0,19.0,-99.0,1.0,1.0,-999.0,False,13833.2293877621,-99556.51453061287,1.0,13250.13,-102987.56,NA,P,0.0586288938053097,-0.455697168141593,NA,NA,NA,NA,rectangular_magnet,R05,2.0,I,5.0,I,-173.85216043103856,6.047930599018391,circular_magnet,Gre,2.0,TR,-0.004536319360000025,0.006
6.0,6866037974698142080,-3.678951710751674,205.9735884567982,206.021607700484,0.450861453491993,-1.55311929911037,2.0039807526023603,300.04028,-21.142012,16.8535995483398,15.6857004165649,15.149900436401401,14.879599571228,14.699199676513699,15.706201,16.254053,14.677565,2.97339079848929,-5.94068507256659,1.0,19.0,-99.0,1.0,1.0,-999.0,False,-3663.690612241911,195940.74546938695,1.0,-3641.66,205989.42,NA,P,-0.0161135398230088,0.9114576106194692,NA,NA,NA,NA,rectangular_magnet,R06,2.0,I,6.0,J,-115.83245843022516,2.0039807526023603,circular_magnet,Mag,2.0,TL,0.04046368063999998,-0.002
7.0,6864224467708009600,36.35736566950157,-11.025996862448894,37.994504980963995,3.80290785040329,2.84744354617316,0.955464304230129,300.2252,-22.056326,18.4220008850098,17.8593997955322,17.5977993011475,17.4878005981445,17.410100936889602,17.876036,18.32291,17.210601999999998,6.341986362548491,-5.52806851576206,1.0,19.0,-99.0,1.0,1.0,-999.0,False,38128.2293877529,-10694.2185306122,1.0,36362.61,-11015.58,NA,P,0.160896504424779,-0.0487415044247788,NA,NA,NA,NA,rectangular_magnet,R07,2.0,I,7.0,K,52.1094302947231,0.955464304230129,circular_magnet,Blu,2.0,TL,-0.010536319360000025,-0.005
8.0,6864385958478931456,-195.2747338029772,-4.2369797233367,195.315222899601,-1.56693231354919,0.0218455033696565,4.6944074902607404,299.16794,-22.024426,15.492600440978999,14.9720001220703,14.7821998596191,14.720600128173801,14.6759996414185,15.008546,15.420235,14.432641,7.21753787894467,-5.315095795450629,1.0,19.0,-99.0,1.0,1.0,-999.0,False,-200812.53061224398,-3484.81853061212,1.0,-195268.62,-4266.42,NA,P,-0.8640204424778759,-0.0188779646017699,NA,NA,NA,NA,rectangular_magnet,R08,2.0,I,8.0,L,-0.2213916509616638,4.6944074902607404,circular_magnet,Yel,2.0,TR,0.029463680639999976,0.006
9.0,6864550885222572544,-137.97904013326576,129.17471012768814,189.02382205840698,2.7598734308255803,-0.752389070893292,3.5122625017188702,299.43042,-21.462156,16.771099090576197,15.8951997756958,15.5571002960205,15.386699676513699,15.266699790954599,15.942951999999998,16.570079999999994,15.17655,0.7795902427801441,-8.382410804841781,1.0,19.0,-99.0,1.0,1.0,-999.0,False,-141492.050612235,123588.20146938699,1.0,-137998.41,129176.02,NA,P,-0.610612433628319,0.571575309734513,NA,NA,NA,NA,rectangular_magnet,R09,2.0,I,9.0,M,111.87090042340358,3.5122625017188702,circular_magnet,Yel,1.0,TR,0.018463680639999976,0.006
10.0,6865828032399651328,102.84431031710612,142.24074792168784,175.51228883669998,2.83664667697056,4.08650023269658,5.0333317514535585,300.5242,-21.406221,18.574499130249,17.896799087524396,17.600700378418,17.4528007507324,17.3556003570557,17.925726,18.457602,17.214973,0.956476965652776,5.01376249860963,1.0,19.0,-99.0,1.0,1.0,-999.0,False,105702.22938776099,136229.511469388,1.0,102818.22,142242.67,NA,P,0.454947876106195,0.6293923451327429,NA,NA,NA,NA,rectangular_magnet,R10,2.0,I,10.0,N,107.47211743977765,5.033331751453559,circular_magnet,Yel,2.0,TR,0.025463680639999976,0.006
11.0,6864313734308124928,10.183992268592634,61.36159297527314,62.183501109416504,3.4130716715133897,4.54829543249537,5.1479615461976,300.1035,-21.74569,17.5452003479004,16.929000854492198,16.6756000518799,16.539400100708,16.4619007110596,16.96218,17.446663,16.315588,-0.429094275394714,-0.98010246773603,1.0,19.0,-99.0,1.0,1.0,-999.0,False,10624.029387758399,59509.517469387596,1.0,10158.18,61348.18,NA,P,0.0449476991150442,0.271452123893805,NA,NA,NA,NA,rectangular_magnet,R11,2.0,I,11.0,O,74.44539804662156,5.1479615461976,circular_magnet,Blu,2.0,TR,0.028463680639999975,0.006
12.0,6852176534686400128,92.27014454106275,-167.59801642165004,191.314377650779,0.5643109397082621,2.07426263938055,4.7732336075073,300.4783,-22.715267,14.9274997711182,14.4395999908447,14.2374000549316,14.161700248718299,14.110600471496598,14.458583,14.861225,13.885306,-1.32403283517071,-1.16516777645328,1.0,19.0,-99.0,1.0,1.0,-999.0,False,95328.82938775679,-159614.884530613,1.0,92302.42,-167575.22,NA,P,0.408417787610619,-0.7414832743362829,NA,NA,NA,NA,rectangular_magnet,R12,2.0,I,12.0,P,-122.3326351783448,4.7732336075073,circular_magnet,Yel,2.0,TR,0.03946368063999998,0.002
13.0,6864163307373909632,-67.67926451043938,-106.91788089921025,126.517041256353,1.90853884632516,1.00618778955078,0.902351056774386,299.74393,-22.464506,17.935100555419897,17.4260005950928,17.2117004394531,17.1278991699219,17.0358009338379,17.453274,17.856054,16.846455,-3.46121298837995,-1.7586675291449,1.0,19.0,-99.0,1.0,1.0,-999.0,False,-70638.790612246,-102942.898530613,1.0,-67697.39,-106881.36,NA,P,-0.299545973451327,-0.4729263716814161,NA,NA,NA,NA,rectangular_magnet,R13,2.0,I,13.0,Q,160.6487790688009,0.902351056774386,circular_magnet,Gre,2.0,TL,0.04046368063999998,0.005
14.0,6864172206546342400,-159.70509956479754,-111.95122461711793,195.04528755667198,2.52147258478944,0.611305740942135,1.9101668438473,299.32767,-22.479158,17.824800491333,17.330299377441403,17.113899230957,17.0174999237061,16.9750995635986,17.351067,17.748522,16.762249,-0.917477410307484,-0.474966990921925,1.0,19.0,-99.0,1.0,1.0,-999.0,False,-164713.550612238,-106254.250530613,1.0,-159722.45,-111943.75,NA,P,-0.7067365044247791,-0.495326327433628,NA,NA,NA,NA,rectangular_magnet,R14,2.0,I,14.0,R,125.53026273362276,1.9101668438473,circular_magnet,Yel,2.0,TL,0.018463680639999976,0.004
15.0,6864519854080979840,-20.372093272221615,142.8582042418537,144.30245073156098,0.0588605806722932,-1.42948417631547,1.48834475698776,299.96375,-21.40097,18.4790000915527,17.8701000213623,17.6289005279541,17.5056991577148,17.440299987793,17.91777,18.407936,17.252487,-5.069364967423692,-5.16019926327112,1.0,19.0,-99.0,1.0,1.0,-999.0,False,-20959.4706122399,137416.23746938698,1.0,-20323.89,142864.05,NA,P,-0.0899287168141593,0.6321418141592919,NA,NA,NA,NA,rectangular_magnet,R15,2.0,I,15.0,S,-93.37246285221173,1.4883447569877601,circular_magnet,Gre,2.0,TL,0.04846368063999998,0.003
16.0,6852213570186830848,171.34051953981503,-65.7134444052364,183.51051300750402,4.2405188099540005,2.77509718686122,1.46542162309278,300.83865,-22.28513,17.180400848388697,16.743999481201197,16.5345993041992,16.4433994293213,16.4148998260498,16.744492,17.115837,16.17099,-18.2915363836647,-15.154465759721699,1.0,19.0,-99.0,1.0,1.0,-999.0,False,176767.929387753,-62403.922530612195,1.0,171323.38,-65760.23,NA,P,0.7580680530973449,-0.290974469026549,NA,NA,NA,NA,rectangular_magnet,R16,2.0,I,16.0,T,27.036169243797193,1.4654216230927801,circular_magnet,Yel,2.0,TL,0.04946368063999998,0.006
17.0,6864279649447693696,-74.21535762791791,-5.619411354877873,74.4177017138597,-0.773340658903338,0.075605515805345,5.4342391324709,299.71326,-22.032679,18.3500995635986,17.7091007232666,17.4403991699219,17.3068008422852,17.2068996429443,17.742739999999994,18.276733,17.057909,2.17438404566932,-8.770239682276,1.0,19.0,-99.0,1.0,1.0,-999.0,False,-77570.2106122429,-5349.99653061288,1.0,-74205.11,-5621.03,NA,P,-0.328341194690266,-0.02487181415929201,NA,NA,NA,NA,rectangular_magnet,R17,2.0,I,17.0,E,-45.690844118972336,5.4342391324709,circular_magnet,Blu,2.0,TR,0.008463680639999974,0.006
18.0,6864097371035736064,-16.880035804408557,-163.68800426422254,164.57915295090402,-1.0599572848345,1.46817971964096,3.7550483027041297,299.9788200000001,-22.703192,17.7618999481201,17.270299911499,17.0669994354248,16.9909992218018,16.918800354003903,17.29433,17.71654,16.705420999999998,-4.13715837024671,-7.087691232416401,1.0,19.0,-99.0,1.0,1.0,-999.0,False,-17553.650612218702,-156885.934530613,1.0,-16858.93,-163713.39,NA,P,-0.0745970353982301,-0.724395530973451,NA,NA,NA,NA,rectangular_magnet,R18,2.0,I,18.0,F,-29.268921114837212,3.7550483027041297,circular_magnet,Yel,2.0,TR,0.03246368063999998,0.006
19.0,6864329024392037504,47.69081855588037,129.80560168761136,138.274050026001,3.0285892816633497,4.3605632895609805,4.95121129928196,300.2747,-21.456038,17.425500869751,17.0650005340576,17.044500350952102,17.0697994232178,17.0228004455566,17.098264999999998,17.316848999999998,16.673745999999998,3.99725169676126,-5.39995736790947,NA,NA,NA,1.0,NA,NA,NA,49315.229387758096,124970.86946938801,0.0,47650.93,129804.09,NA,P,0.21084482300885,0.574354380530973,NA,NA,NA,NA,rectangular_magnet,R19,2.0,I,19.0,H,96.47461628213229,4.95121129928196,circular_magnet,Gre,2.0,TR,0.03946368063999998,0.006
20.0,6864204332900809600,47.734534494941705,-71.8201211033003,86.2226040827305,1.2705901751133502,2.1574806721973,5.39629481009564,300.27734,-22.316353,17.104200363159197,16.988899230957,16.979700088501,16.9682006835938,16.9363994598389,16.949768,17.125220000000002,16.614857,-0.219763443775412,-4.49688272523053,NA,NA,NA,1.0,NA,NA,NA,49911.869387754814,-69460.3205306124,0.0,47733.08,-71804.53,NA,P,0.21120831858407105,-0.317719159292035,NA,NA,NA,NA,rectangular_magnet,R20,2.0,I,20.0,U,-162.7994545247833,5.39629481009564,circular_magnet,Blu,2.0,TR,0.014463680639999974,0.006
21.0,6865825906392800384,-150.75484714543344,146.55231456853969,NA,NA,NA,NA,300.3992,-21.50024,NA,11.7093000411987,NA,NA,NA,NA,NA,NA,1.18179553357165,-5.20155589946197,NA,NA,NA,NA,NA,NA,NA,77452.2293877608,114981.21746938801,2.0,74870.19,119437.98,NA,G,NA,NA,210.25812987401002,3.24215882506927,-0.771167276343568,4.01332610141284,rectangular_magnet,R21,2.0,I,21.0,GS1,84.23798281243694,4.01332610141284,circular_magnet,Mag,2.0,TR,0.021463680639999975,0.006
22.0,6864536076175760128,22.832089021706686,205.80786906207288,NA,NA,NA,NA,299.9324299999999,-21.221102,NA,12.2386999130249,NA,NA,NA,NA,NA,NA,1.4556644474519398,-12.0459181073714,NA,NA,NA,NA,NA,NA,NA,-28037.790612251294,178066.405469388,2.0,-27426.87,186531.01,NA,G,NA,NA,207.07627405009103,2.64896766861752,4.60204922623534,4.33010374956176,rectangular_magnet,R22,2.0,I,22.0,GS2,118.2253325216073,4.33010374956176,circular_magnet,Mag,2.0,TR,0.030463680639999977,0.006
23.0,6864317097262996096,131.7063148474044,-163.31476017822186,NA,NA,NA,NA,299.9906299999999,-21.762323,NA,12.316800117492699,NA,NA,NA,NA,NA,NA,0.857401274660125,-2.7838813638194595,NA,NA,NA,NA,NA,NA,NA,-14884.590612251499,55750.459469387,2.0,-14260.64,57450.81,NA,G,NA,NA,209.803612954021,0.558096520656744,2.249633265091,4.5916485627453305,rectangular_magnet,R23,2.0,I,23.0,GS3,-121.97657519456708,4.5916485627453305,circular_magnet,Mag,2.0,TR,0.03546368063999998,0.006
24.0,6864252196016854016,-182.29427151714805,-72.39141016038478,NA,NA,NA,NA,300.53958,-21.967226,NA,13.546799659728999,NA,NA,NA,NA,NA,NA,-2.38602879434139,-2.04056246922849,NA,NA,NA,NA,NA,NA,NA,109178.109387759,9442.38146938746,2.0,104743.33,9626.08,NA,G,NA,NA,196.159267192095,4.64599402978968,0.37802111867853,4.2679729111111495,rectangular_magnet,R24,2.0,I,24.0,GS4,3.804150450073735,4.2679729111111495,circular_magnet,Mag,2.0,TR,0.008463680639999974,-0.015
25.0,6864317994916096000,-163.72819860404954,118.77483545924193,NA,NA,NA,NA,299.99158,-21.70063,NA,13.581500053405799,NA,NA,NA,NA,NA,NA,-1.70875700504565,0.771386990478433,NA,NA,NA,NA,NA,NA,NA,-14669.8906122411,69693.0774693874,2.0,-14081.04,71904.23,NA,G,NA,NA,202.294669995146,2.8352255702516698,-0.627612468550303,3.4628380388019706,rectangular_magnet,R25,2.0,I,25.0,GS5,107.55354085700729,3.4628380388019706,circular_magnet,Mag,2.0,TR,0.019463680639999974,-0.01
26.0,6865815667190729088,22.744425741800832,158.06969199798405,NA,NA,NA,NA,300.62823,-21.435041,NA,13.5923004150391,NA,NA,NA,NA,NA,NA,-5.502837379753691,-4.38825110546776,NA,NA,NA,NA,NA,NA,NA,129213.009387753,129716.19146938699,2.0,125919.16,135630.07,NA,G,NA,NA,159.685943829877,3.11274601249209,4.56979093833998,4.8261403813317,rectangular_magnet,R26,2.0,I,26.0,GS6,91.65279078802679,4.8261403813317,circular_magnet,Yel,2.0,TR,0.05046368063999998,0.006
NA,Sky-A1-1,-224.58157000000003,81.75646,NA,NA,NA,NA,299.0494022,-21.664980569,NA,NA,NA,NA,NA,NA,NA,NA,NA,NA,NA,NA,NA,NA,NA,NA,NA,NA,NA,NA,-224581.57,81756.46,2.0,S,-0.993723761061947,0.36175424778761106,NA,NA,NA,NA,NA,NA,NA,NA,NA,NA,NA,NA,NA,NA,NA,NA,NA,NA
NA,Sky-A1-2,-220.38782,92.46733,NA,NA,NA,NA,299.0685092,-21.620451953000003,NA,NA,NA,NA,NA,NA,NA,NA,NA,NA,NA,NA,NA,NA,NA,NA,NA,NA,NA,NA,-220387.82,92467.33,2.0,S,-0.975167345132743,0.40914747787610606,NA,NA,NA,NA,NA,NA,NA,NA,NA,NA,NA,NA,NA,NA,NA,NA,NA,NA
NA,Sky-A1-3,-217.48859,103.8257,NA,NA,NA,NA,299.0823533,-21.573425324000002,NA,NA,NA,NA,NA,NA,NA,NA,NA,NA,NA,NA,NA,NA,NA,NA,NA,NA,NA,NA,-217488.59,103825.7,1.0,S,-0.9623388938053101,0.45940575221238894,NA,NA,NA,NA,NA,NA,NA,NA,NA,NA,NA,NA,NA,NA,NA,NA,NA,NA
NA,Sky-A1-4,-212.24121,114.16975,NA,NA,NA,NA,299.1061378,-21.530470749000003,NA,NA,NA,NA,NA,NA,NA,NA,NA,NA,NA,NA,NA,NA,NA,NA,NA,NA,NA,NA,-212241.21,114169.75,1.0,S,-0.9391203982300891,0.505175884955752,NA,NA,NA,NA,NA,NA,NA,NA,NA,NA,NA,NA,NA,NA,NA,NA,NA,NA
NA,Sky-A1-5,-204.78839,123.21816000000001,NA,NA,NA,NA,299.1392492,-21.492682974,NA,NA,NA,NA,NA,NA,NA,NA,NA,NA,NA,NA,NA,NA,NA,NA,NA,NA,NA,NA,-204788.39,123218.16,2.0,S,-0.9061433185840709,0.545213097345133,NA,NA,NA,NA,NA,NA,NA,NA,NA,NA,NA,NA,NA,NA,NA,NA,NA,NA
NA,Sky-A1-6,-198.62268,132.92866999999998,NA,NA,NA,NA,299.16711560000005,-21.452358755,NA,NA,NA,NA,NA,NA,NA,NA,NA,NA,NA,NA,NA,NA,NA,NA,NA,NA,NA,NA,-198622.68,132928.67,2.0,S,-0.8788614159292041,0.588179955752212,NA,NA,NA,NA,NA,NA,NA,NA,NA,NA,NA,NA,NA,NA,NA,NA,NA,NA
NA,Sky-A1-7,-197.62022,146.5,NA,NA,NA,NA,299.1736558,-21.396999932,NA,NA,NA,NA,NA,NA,NA,NA,NA,NA,NA,NA,NA,NA,NA,NA,NA,NA,NA,NA,-197620.22,146500.0,0.0,S,-0.8744257522123892,0.648230088495575,NA,NA,NA,NA,NA,NA,NA,NA,NA,NA,NA,NA,NA,NA,NA,NA,NA,NA
NA,Sky-A2-1,-3.01251,240.9813,NA,NA,NA,NA,300.04330539999995,-21.005098830999998,NA,NA,NA,NA,NA,NA,NA,NA,NA,NA,NA,NA,NA,NA,NA,NA,NA,NA,NA,NA,-3012.51,240981.3,1.0,S,-0.0133296902654867,1.0662889380531,NA,NA,NA,NA,NA,NA,NA,NA,NA,NA,NA,NA,NA,NA,NA,NA,NA,NA
NA,Sky-A2-2,8.5856,240.84715,NA,NA,NA,NA,300.095058,-21.005679661,NA,NA,NA,NA,NA,NA,NA,NA,NA,NA,NA,NA,NA,NA,NA,NA,NA,NA,NA,NA,8585.6,240847.15,1.0,S,0.0379893805309735,1.0656953539823,NA,NA,NA,NA,NA,NA,NA,NA,NA,NA,NA,NA,NA,NA,NA,NA,NA,NA
NA,Sky-A2-3,20.16382,240.15512,NA,NA,NA,NA,300.1467215,-21.008569628,NA,NA,NA,NA,NA,NA,NA,NA,NA,NA,NA,NA,NA,NA,NA,NA,NA,NA,NA,NA,20163.82,240155.12,1.0,S,0.0892204424778761,1.06263327433628,NA,NA,NA,NA,NA,NA,NA,NA,NA,NA,NA,NA,NA,NA,NA,NA,NA,NA
NA,Sky-A2-4,31.69534,238.90682,NA,NA,NA,NA,300.1981784,-21.013762020999998,NA,NA,NA,NA,NA,NA,NA,NA,NA,NA,NA,NA,NA,NA,NA,NA,NA,NA,NA,NA,31695.34,238906.82,1.0,S,0.14024486725663698,1.0571098230088498,NA,NA,NA,NA,NA,NA,NA,NA,NA,NA,NA,NA,NA,NA,NA,NA,NA,NA
NA,Sky-A2-5,44.04872,242.02419,NA,NA,NA,NA,300.2530128,-21.002152265,NA,NA,NA,NA,NA,NA,NA,NA,NA,NA,NA,NA,NA,NA,NA,NA,NA,NA,NA,NA,44048.72,242024.19,0.0,S,0.19490584070796502,1.07090349557522,NA,NA,NA,NA,NA,NA,NA,NA,NA,NA,NA,NA,NA,NA,NA,NA,NA,NA
NA,Sky-A2-6,54.51158,234.75422999999998,NA,NA,NA,NA,300.3000051,-21.03100127,NA,NA,NA,NA,NA,NA,NA,NA,NA,NA,NA,NA,NA,NA,NA,NA,NA,NA,NA,NA,54511.58,234754.23,1.0,S,0.241201681415929,1.0387355309734498,NA,NA,NA,NA,NA,NA,NA,NA,NA,NA,NA,NA,NA,NA,NA,NA,NA,NA
NA,Sky-A2-7,65.74346,231.85957000000002,NA,NA,NA,NA,300.3501434,-21.043008617999998,NA,NA,NA,NA,NA,NA,NA,NA,NA,NA,NA,NA,NA,NA,NA,NA,NA,NA,NA,NA,65743.46,231859.57,1.0,S,0.29090026548672604,1.02592730088496,NA,NA,NA,NA,NA,NA,NA,NA,NA,NA,NA,NA,NA,NA,NA,NA,NA,NA
NA,Sky-A3-1,231.67752000000002,66.38214,NA,NA,NA,NA,301.09481519999997,-21.729609366,NA,NA,NA,NA,NA,NA,NA,NA,NA,NA,NA,NA,NA,NA,NA,NA,NA,NA,NA,NA,231677.52,66382.14,1.0,S,1.0251217699115,0.293726283185841,NA,NA,NA,NA,NA,NA,NA,NA,NA,NA,NA,NA,NA,NA,NA,NA,NA,NA
NA,Sky-A3-2,232.65608999999998,54.7005,NA,NA,NA,NA,301.1000887,-21.778087095,NA,NA,NA,NA,NA,NA,NA,NA,NA,NA,NA,NA,NA,NA,NA,NA,NA,NA,NA,NA,232656.09,54700.5,2.0,S,1.02945172566372,0.242037610619469,NA,NA,NA,NA,NA,NA,NA,NA,NA,NA,NA,NA,NA,NA,NA,NA,NA,NA
NA,Sky-A3-3,236.98531,43.80666,NA,NA,NA,NA,301.1192137,-21.823448873,NA,NA,NA,NA,NA,NA,NA,NA,NA,NA,NA,NA,NA,NA,NA,NA,NA,NA,NA,NA,236985.31,43806.66,1.0,S,1.04860756637168,0.19383477876106198,NA,NA,NA,NA,NA,NA,NA,NA,NA,NA,NA,NA,NA,NA,NA,NA,NA,NA
NA,Sky-A3-4,236.83653999999999,32.08506,NA,NA,NA,NA,301.1194559,-21.872169868,NA,NA,NA,NA,NA,NA,NA,NA,NA,NA,NA,NA,NA,NA,NA,NA,NA,NA,NA,NA,236836.54,32085.06,2.0,S,1.0479492920353999,0.14196929203539801,NA,NA,NA,NA,NA,NA,NA,NA,NA,NA,NA,NA,NA,NA,NA,NA,NA,NA
NA,Sky-A3-5,238.106,20.65269,NA,NA,NA,NA,301.1254689,-21.919748455,NA,NA,NA,NA,NA,NA,NA,NA,NA,NA,NA,NA,NA,NA,NA,NA,NA,NA,NA,NA,238106.0,20652.69,2.0,S,1.05356637168142,0.0913835840707965,NA,NA,NA,NA,NA,NA,NA,NA,NA,NA,NA,NA,NA,NA,NA,NA,NA,NA
NA,Sky-A3-6,238.82392000000002,9.1725,NA,NA,NA,NA,301.12901150000005,-21.967538867,NA,NA,NA,NA,NA,NA,NA,NA,NA,NA,NA,NA,NA,NA,NA,NA,NA,NA,NA,NA,238823.92,9172.5,2.0,S,1.05674300884956,0.0405862831858407,NA,NA,NA,NA,NA,NA,NA,NA,NA,NA,NA,NA,NA,NA,NA,NA,NA,NA
NA,Sky-A3-7,240.98869,2.34844,NA,NA,NA,NA,301.1383245,-21.995904973000002,NA,NA,NA,NA,NA,NA,NA,NA,NA,NA,NA,NA,NA,NA,NA,NA,NA,NA,NA,NA,240988.69,2348.44,1.0,S,1.0663216371681399,0.0103913274336283,NA,NA,NA,NA,NA,NA,NA,NA,NA,NA,NA,NA,NA,NA,NA,NA,NA,NA
NA,Sky-A4-1,210.21182000000002,-117.86456000000001,NA,NA,NA,NA,301.00318010000007,-22.496948876999998,NA,NA,NA,NA,NA,NA,NA,NA,NA,NA,NA,NA,NA,NA,NA,NA,NA,NA,NA,NA,210211.82,-117864.56,1.0,S,0.930140796460177,-0.521524601769911,NA,NA,NA,NA,NA,NA,NA,NA,NA,NA,NA,NA,NA,NA,NA,NA,NA,NA
NA,Sky-A4-2,202.60188,-126.78123000000001,NA,NA,NA,NA,300.96963589999996,-22.534522945,NA,NA,NA,NA,NA,NA,NA,NA,NA,NA,NA,NA,NA,NA,NA,NA,NA,NA,NA,NA,202601.88,-126781.23,2.0,S,0.8964684955752209,-0.5609788938053101,NA,NA,NA,NA,NA,NA,NA,NA,NA,NA,NA,NA,NA,NA,NA,NA,NA,NA
NA,Sky-A4-3,194.62485,-135.24114,NA,NA,NA,NA,300.9343658,-22.570234389,NA,NA,NA,NA,NA,NA,NA,NA,NA,NA,NA,NA,NA,NA,NA,NA,NA,NA,NA,NA,194624.85,-135241.14,3.0,S,0.861171902654867,-0.598412123893805,NA,NA,NA,NA,NA,NA,NA,NA,NA,NA,NA,NA,NA,NA,NA,NA,NA,NA
NA,Sky-A4-4,191.06371000000001,-146.88676999999998,NA,NA,NA,NA,300.9176177,-22.61814612,NA,NA,NA,NA,NA,NA,NA,NA,NA,NA,NA,NA,NA,NA,NA,NA,NA,NA,NA,NA,191063.71,-146886.77,1.0,S,0.8454146460176991,-0.649941460176991,NA,NA,NA,NA,NA,NA,NA,NA,NA,NA,NA,NA,NA,NA,NA,NA,NA,NA
NA,Sky-A4-5,187.58775,-159.14407,NA,NA,NA,NA,300.9010303,-22.66828464,NA,NA,NA,NA,NA,NA,NA,NA,NA,NA,NA,NA,NA,NA,NA,NA,NA,NA,NA,NA,187587.75,-159144.07,0.0,S,0.8300342920353979,-0.704177300884956,NA,NA,NA,NA,NA,NA,NA,NA,NA,NA,NA,NA,NA,NA,NA,NA,NA,NA
NA,Sky-A4-6,176.06079,-164.57115,NA,NA,NA,NA,300.8503741,-22.692043629,NA,NA,NA,NA,NA,NA,NA,NA,NA,NA,NA,NA,NA,NA,NA,NA,NA,NA,NA,NA,176060.79,-164571.15,1.0,S,0.7790300442477879,-0.7281909292035401,NA,NA,NA,NA,NA,NA,NA,NA,NA,NA,NA,NA,NA,NA,NA,NA,NA,NA
NA,Sky-A4-7,171.42278000000002,-176.43761,NA,NA,NA,NA,300.8286086,-22.740470182,NA,NA,NA,NA,NA,NA,NA,NA,NA,NA,NA,NA,NA,NA,NA,NA,NA,NA,NA,NA,171422.78,-176437.61,0.0,S,0.758507876106195,-0.7806973893805309,NA,NA,NA,NA,NA,NA,NA,NA,NA,NA,NA,NA,NA,NA,NA,NA,NA,NA
NA,Sky-A5-1,-148.4702,-189.83588,NA,NA,NA,NA,299.38591319999995,-22.797706697,NA,NA,NA,NA,NA,NA,NA,NA,NA,NA,NA,NA,NA,NA,NA,NA,NA,NA,NA,NA,-148470.2,-189835.88,1.0,S,-0.656947787610619,-0.8399817699115041,NA,NA,NA,NA,NA,NA,NA,NA,NA,NA,NA,NA,NA,NA,NA,NA,NA,NA
NA,Sky-A5-2,-157.43205,-182.47249,NA,NA,NA,NA,299.3455948,-22.766899641,NA,NA,NA,NA,NA,NA,NA,NA,NA,NA,NA,NA,NA,NA,NA,NA,NA,NA,NA,NA,-157432.05,-182472.49,1.0,S,-0.6966019911504421,-0.807400398230088,NA,NA,NA,NA,NA,NA,NA,NA,NA,NA,NA,NA,NA,NA,NA,NA,NA,NA
NA,Sky-A5-3,-164.65131,-173.23667,NA,NA,NA,NA,299.3127867,-22.728722084,NA,NA,NA,NA,NA,NA,NA,NA,NA,NA,NA,NA,NA,NA,NA,NA,NA,NA,NA,NA,-164651.31,-173236.67,2.0,S,-0.728545619469027,-0.766533938053097,NA,NA,NA,NA,NA,NA,NA,NA,NA,NA,NA,NA,NA,NA,NA,NA,NA,NA
NA,Sky-A5-4,-172.79576,-165.11397,NA,NA,NA,NA,299.2761864,-22.694732732,NA,NA,NA,NA,NA,NA,NA,NA,NA,NA,NA,NA,NA,NA,NA,NA,NA,NA,NA,NA,-172795.76,-165113.97,2.0,S,-0.764583008849558,-0.7305927876106191,NA,NA,NA,NA,NA,NA,NA,NA,NA,NA,NA,NA,NA,NA,NA,NA,NA,NA
NA,Sky-A5-5,-182.05086,-157.91943,NA,NA,NA,NA,299.23502110000004,-22.664212181999996,NA,NA,NA,NA,NA,NA,NA,NA,NA,NA,NA,NA,NA,NA,NA,NA,NA,NA,NA,NA,-182050.86,-157919.43,1.0,S,-0.805534778761062,-0.6987585398230091,NA,NA,NA,NA,NA,NA,NA,NA,NA,NA,NA,NA,NA,NA,NA,NA,NA,NA
NA,Sky-A5-6,-189.43818000000002,-148.97731000000002,NA,NA,NA,NA,299.2019083,-22.626828688000003,NA,NA,NA,NA,NA,NA,NA,NA,NA,NA,NA,NA,NA,NA,NA,NA,NA,NA,NA,NA,-189438.18,-148977.31,1.0,S,-0.8382220353982299,-0.6591916371681421,NA,NA,NA,NA,NA,NA,NA,NA,NA,NA,NA,NA,NA,NA,NA,NA,NA,NA
NA,Sky-A5-7,-196.38671000000002,-139.6901,NA,NA,NA,NA,299.1707991,-22.588011035,NA,NA,NA,NA,NA,NA,NA,NA,NA,NA,NA,NA,NA,NA,NA,NA,NA,NA,NA,NA,-196386.71,-139690.1,1.0,S,-0.8689677433628321,-0.61809778761062,NA,NA,NA,NA,NA,NA,NA,NA,NA,NA,NA,NA,NA,NA,NA,NA,NA,NA
NA,Sky-H1-1,-181.17025,158.92893,NA,NA,NA,NA,299.24632189999994,-21.344748518,NA,NA,NA,NA,NA,NA,NA,NA,NA,NA,NA,NA,NA,NA,NA,NA,NA,NA,NA,NA,-181170.25,158928.93,1.0,S,-0.8016382743362829,0.703225353982301,NA,NA,NA,NA,NA,NA,NA,NA,NA,NA,NA,NA,NA,NA,NA,NA,NA,NA
NA,Sky-H1-2,-173.31368,167.46173000000002,NA,NA,NA,NA,299.2816537,-21.309370469,NA,NA,NA,NA,NA,NA,NA,NA,NA,NA,NA,NA,NA,NA,NA,NA,NA,NA,NA,NA,-173313.68,167461.73,1.0,S,-0.7668746902654872,0.7409811061946898,NA,NA,NA,NA,NA,NA,NA,NA,NA,NA,NA,NA,NA,NA,NA,NA,NA,NA
NA,Sky-H1-3,-165.05567,175.60663,NA,NA,NA,NA,299.3187558,-21.275609445,NA,NA,NA,NA,NA,NA,NA,NA,NA,NA,NA,NA,NA,NA,NA,NA,NA,NA,NA,NA,-165055.67,175606.63,1.0,S,-0.7303348230088499,0.777020486725664,NA,NA,NA,NA,NA,NA,NA,NA,NA,NA,NA,NA,NA,NA,NA,NA,NA,NA
NA,Sky-H1-4,-156.41534,183.34476999999998,NA,NA,NA,NA,299.35754249999997,-21.243542653,NA,NA,NA,NA,NA,NA,NA,NA,NA,NA,NA,NA,NA,NA,NA,NA,NA,NA,NA,NA,-156415.34,183344.77,1.0,S,-0.6921032743362829,0.8112600442477879,NA,NA,NA,NA,NA,NA,NA,NA,NA,NA,NA,NA,NA,NA,NA,NA,NA,NA
NA,Sky-H1-5,-147.4127,190.65822,NA,NA,NA,NA,299.39792400000005,-21.213243422,NA,NA,NA,NA,NA,NA,NA,NA,NA,NA,NA,NA,NA,NA,NA,NA,NA,NA,NA,NA,-147412.7,190658.22,1.0,S,-0.652268584070796,0.8436204424778759,NA,NA,NA,NA,NA,NA,NA,NA,NA,NA,NA,NA,NA,NA,NA,NA,NA,NA
NA,Sky-H1-6,-138.06861,197.53006000000002,NA,NA,NA,NA,299.43980730000004,-21.184780894,NA,NA,NA,NA,NA,NA,NA,NA,NA,NA,NA,NA,NA,NA,NA,NA,NA,NA,NA,NA,-138068.61,197530.06,1.0,S,-0.610923053097345,0.874026814159292,NA,NA,NA,NA,NA,NA,NA,NA,NA,NA,NA,NA,NA,NA,NA,NA,NA,NA
NA,Sky-H1-7,-131.06863,208.17543999999998,NA,NA,NA,NA,299.4720773,-21.141754284,NA,NA,NA,NA,NA,NA,NA,NA,NA,NA,NA,NA,NA,NA,NA,NA,NA,NA,NA,NA,-131068.63,208175.44,0.0,S,-0.579949690265487,0.921130265486726,NA,NA,NA,NA,NA,NA,NA,NA,NA,NA,NA,NA,NA,NA,NA,NA,NA,NA
NA,Sky-H1-8,-118.44463999999999,209.88551,NA,NA,NA,NA,299.52768480000003,-21.133624766,NA,NA,NA,NA,NA,NA,NA,NA,NA,NA,NA,NA,NA,NA,NA,NA,NA,NA,NA,NA,-118444.64,209885.51,1.0,S,-0.524091327433628,0.928696946902655,NA,NA,NA,NA,NA,NA,NA,NA,NA,NA,NA,NA,NA,NA,NA,NA,NA,NA
NA,Sky-H2-1,-100.81652,218.89972999999998,NA,NA,NA,NA,299.6065458,-21.096320427000002,NA,NA,NA,NA,NA,NA,NA,NA,NA,NA,NA,NA,NA,NA,NA,NA,NA,NA,NA,NA,-100816.52,218899.73,1.0,S,-0.446090796460177,0.968582876106195,NA,NA,NA,NA,NA,NA,NA,NA,NA,NA,NA,NA,NA,NA,NA,NA,NA,NA
NA,Sky-H2-2,-90.16757,223.49692000000002,NA,NA,NA,NA,299.6541554,-21.077302642,NA,NA,NA,NA,NA,NA,NA,NA,NA,NA,NA,NA,NA,NA,NA,NA,NA,NA,NA,NA,-90167.57,223496.92,1.0,S,-0.39897154867256607,0.988924424778761,NA,NA,NA,NA,NA,NA,NA,NA,NA,NA,NA,NA,NA,NA,NA,NA,NA,NA
NA,Sky-H2-3,-79.30977,227.57641,NA,NA,NA,NA,299.7026793,-21.060431632,NA,NA,NA,NA,NA,NA,NA,NA,NA,NA,NA,NA,NA,NA,NA,NA,NA,NA,NA,NA,-79309.77,227576.41,1.0,S,-0.350928185840708,1.00697526548673,NA,NA,NA,NA,NA,NA,NA,NA,NA,NA,NA,NA,NA,NA,NA,NA,NA,NA
NA,Sky-H2-4,-67.70168000000001,229.21056000000002,NA,NA,NA,NA,299.754354,-21.05322155,NA,NA,NA,NA,NA,NA,NA,NA,NA,NA,NA,NA,NA,NA,NA,NA,NA,NA,NA,NA,-67701.68,229210.56,2.0,S,-0.299564955752212,1.01420601769912,NA,NA,NA,NA,NA,NA,NA,NA,NA,NA,NA,NA,NA,NA,NA,NA,NA,NA
NA,Sky-H2-5,-57.068619999999996,234.14576,NA,NA,NA,NA,299.80202579999997,-21.033278294000002,NA,NA,NA,NA,NA,NA,NA,NA,NA,NA,NA,NA,NA,NA,NA,NA,NA,NA,NA,NA,-57068.62,234145.76,1.0,S,-0.25251601769911497,1.03604318584071,NA,NA,NA,NA,NA,NA,NA,NA,NA,NA,NA,NA,NA,NA,NA,NA,NA,NA
NA,Sky-H2-6,-44.97765,232.69295,NA,NA,NA,NA,299.85576729999997,-21.038372557,NA,NA,NA,NA,NA,NA,NA,NA,NA,NA,NA,NA,NA,NA,NA,NA,NA,NA,NA,NA,-44977.65,232692.95,3.0,S,-0.19901615044247797,1.02961482300885,NA,NA,NA,NA,NA,NA,NA,NA,NA,NA,NA,NA,NA,NA,NA,NA,NA,NA
NA,Sky-H2-7,-34.29902,238.54692999999997,NA,NA,NA,NA,299.90368010000003,-21.015107185,NA,NA,NA,NA,NA,NA,NA,NA,NA,NA,NA,NA,NA,NA,NA,NA,NA,NA,NA,NA,-34299.02,238546.93,1.0,S,-0.151765575221239,1.05551738938053,NA,NA,NA,NA,NA,NA,NA,NA,NA,NA,NA,NA,NA,NA,NA,NA,NA,NA
NA,Sky-H2-8,-22.783260000000002,239.92078999999998,NA,NA,NA,NA,299.9550777,-21.009445213,NA,NA,NA,NA,NA,NA,NA,NA,NA,NA,NA,NA,NA,NA,NA,NA,NA,NA,NA,NA,-22783.26,239920.79,1.0,S,-0.10081088495575201,1.0615964159292,NA,NA,NA,NA,NA,NA,NA,NA,NA,NA,NA,NA,NA,NA,NA,NA,NA,NA
NA,Sky-H3-1,183.0814,153.63008,NA,NA,NA,NA,300.87572819999997,-21.367069397999998,NA,NA,NA,NA,NA,NA,NA,NA,NA,NA,NA,NA,NA,NA,NA,NA,NA,NA,NA,NA,183081.4,153630.08,2.0,S,0.8100946902654871,0.6797791150442479,NA,NA,NA,NA,NA,NA,NA,NA,NA,NA,NA,NA,NA,NA,NA,NA,NA,NA
NA,Sky-H3-2,191.8534,145.85381999999998,NA,NA,NA,NA,300.91465930000004,-21.39963117,NA,NA,NA,NA,NA,NA,NA,NA,NA,NA,NA,NA,NA,NA,NA,NA,NA,NA,NA,NA,191853.4,145853.82,1.0,S,0.848908849557522,0.645370884955752,NA,NA,NA,NA,NA,NA,NA,NA,NA,NA,NA,NA,NA,NA,NA,NA,NA,NA
NA,Sky-H3-3,198.64883999999998,136.45401999999999,NA,NA,NA,NA,300.945253,-21.438632901,NA,NA,NA,NA,NA,NA,NA,NA,NA,NA,NA,NA,NA,NA,NA,NA,NA,NA,NA,NA,198648.84,136454.02,1.0,S,0.878977168141593,0.6037788495575219,NA,NA,NA,NA,NA,NA,NA,NA,NA,NA,NA,NA,NA,NA,NA,NA,NA,NA
NA,Sky-H3-4,204.98415,126.73816000000001,NA,NA,NA,NA,300.9738107,-21.478953419,NA,NA,NA,NA,NA,NA,NA,NA,NA,NA,NA,NA,NA,NA,NA,NA,NA,NA,NA,NA,204984.15,126738.16,1.0,S,0.907009513274336,0.5607883185840711,NA,NA,NA,NA,NA,NA,NA,NA,NA,NA,NA,NA,NA,NA,NA,NA,NA,NA
NA,Sky-H3-5,210.84465,116.72873,NA,NA,NA,NA,301.00026569999994,-21.520500340999998,NA,NA,NA,NA,NA,NA,NA,NA,NA,NA,NA,NA,NA,NA,NA,NA,NA,NA,NA,NA,210844.65,116728.73,1.0,S,0.9329409292035401,0.516498805309734,NA,NA,NA,NA,NA,NA,NA,NA,NA,NA,NA,NA,NA,NA,NA,NA,NA,NA
NA,Sky-H3-6,216.21677000000003,106.44891000000001,NA,NA,NA,NA,301.0245555,-21.56317837,NA,NA,NA,NA,NA,NA,NA,NA,NA,NA,NA,NA,NA,NA,NA,NA,NA,NA,NA,NA,216216.77,106448.91,1.0,S,0.9567113716814158,0.471012876106195,NA,NA,NA,NA,NA,NA,NA,NA,NA,NA,NA,NA,NA,NA,NA,NA,NA,NA
NA,Sky-H3-7,221.08806,95.92253000000001,NA,NA,NA,NA,301.0466229,-21.606889460999998,NA,NA,NA,NA,NA,NA,NA,NA,NA,NA,NA,NA,NA,NA,NA,NA,NA,NA,NA,NA,221088.06,95922.53,1.0,S,0.9782657522123891,0.424435973451327,NA,NA,NA,NA,NA,NA,NA,NA,NA,NA,NA,NA,NA,NA,NA,NA,NA,NA
NA,Sky-H3-8,225.44672000000003,85.17533,NA,NA,NA,NA,301.0664131,-21.651527566,NA,NA,NA,NA,NA,NA,NA,NA,NA,NA,NA,NA,NA,NA,NA,NA,NA,NA,NA,NA,225446.72,85175.33,1.0,S,0.99755185840708,0.37688199115044196,NA,NA,NA,NA,NA,NA,NA,NA,NA,NA,NA,NA,NA,NA,NA,NA,NA,NA
NA,Sky-H4-1,239.9828,-22.12059,NA,NA,NA,NA,301.1344994,-22.097769638000003,NA,NA,NA,NA,NA,NA,NA,NA,NA,NA,NA,NA,NA,NA,NA,NA,NA,NA,NA,NA,239982.8,-22120.59,1.0,S,1.06187079646018,-0.0978787168141593,NA,NA,NA,NA,NA,NA,NA,NA,NA,NA,NA,NA,NA,NA,NA,NA,NA,NA
NA,Sky-H4-2,236.66,-33.36235,NA,NA,NA,NA,301.1204796,-22.144719826,NA,NA,NA,NA,NA,NA,NA,NA,NA,NA,NA,NA,NA,NA,NA,NA,NA,NA,NA,NA,236660.0,-33362.35,2.0,S,1.04716814159292,-0.147621017699115,NA,NA,NA,NA,NA,NA,NA,NA,NA,NA,NA,NA,NA,NA,NA,NA,NA,NA
NA,Sky-H4-3,241.65712000000002,-46.01993,NA,NA,NA,NA,301.1411687,-22.196915684,NA,NA,NA,NA,NA,NA,NA,NA,NA,NA,NA,NA,NA,NA,NA,NA,NA,NA,NA,NA,241657.12,-46019.93,0.0,S,1.0692792920354,-0.203628008849558,NA,NA,NA,NA,NA,NA,NA,NA,NA,NA,NA,NA,NA,NA,NA,NA,NA,NA
NA,Sky-H4-4,234.30212999999998,-56.423190000000005,NA,NA,NA,NA,301.109937,-22.24067404,NA,NA,NA,NA,NA,NA,NA,NA,NA,NA,NA,NA,NA,NA,NA,NA,NA,NA,NA,NA,234302.13,-56423.19,1.0,S,1.03673508849558,-0.24966013274336302,NA,NA,NA,NA,NA,NA,NA,NA,NA,NA,NA,NA,NA,NA,NA,NA,NA,NA
NA,Sky-H4-5,236.11497000000003,-69.0342,NA,NA,NA,NA,301.1169406,-22.292700461,NA,NA,NA,NA,NA,NA,NA,NA,NA,NA,NA,NA,NA,NA,NA,NA,NA,NA,NA,NA,236114.97,-69034.2,0.0,S,1.04475650442478,-0.30546106194690303,NA,NA,NA,NA,NA,NA,NA,NA,NA,NA,NA,NA,NA,NA,NA,NA,NA,NA
NA,Sky-H4-6,227.79408999999998,-78.68236,NA,NA,NA,NA,301.08128419999997,-22.333471244000002,NA,NA,NA,NA,NA,NA,NA,NA,NA,NA,NA,NA,NA,NA,NA,NA,NA,NA,NA,NA,227794.09,-78682.36,1.0,S,1.00793845132743,-0.34815203539823,NA,NA,NA,NA,NA,NA,NA,NA,NA,NA,NA,NA,NA,NA,NA,NA,NA,NA
NA,Sky-H4-7,221.88761,-88.80815,NA,NA,NA,NA,301.0555388,-22.375961899,NA,NA,NA,NA,NA,NA,NA,NA,NA,NA,NA,NA,NA,NA,NA,NA,NA,NA,NA,NA,221887.61,-88808.15,2.0,S,0.9818035840707959,-0.392956415929204,NA,NA,NA,NA,NA,NA,NA,NA,NA,NA,NA,NA,NA,NA,NA,NA,NA,NA
NA,Sky-H4-8,219.17732,-100.21161,NA,NA,NA,NA,301.0430882,-22.423275796,NA,NA,NA,NA,NA,NA,NA,NA,NA,NA,NA,NA,NA,NA,NA,NA,NA,NA,NA,NA,219177.32,-100211.61,1.0,S,0.969811150442478,-0.44341420353982297,NA,NA,NA,NA,NA,NA,NA,NA,NA,NA,NA,NA,NA,NA,NA,NA,NA,NA
NA,Sky-H5-1,41.14043,-233.40194,NA,NA,NA,NA,300.242387,-22.981231148000003,NA,NA,NA,NA,NA,NA,NA,NA,NA,NA,NA,NA,NA,NA,NA,NA,NA,NA,NA,NA,41140.43,-233401.94,3.0,S,0.182037300884956,-1.03275194690265,NA,NA,NA,NA,NA,NA,NA,NA,NA,NA,NA,NA,NA,NA,NA,NA,NA,NA
NA,Sky-H5-2,30.366870000000002,-239.07931000000002,NA,NA,NA,NA,300.193506,-23.003824859,NA,NA,NA,NA,NA,NA,NA,NA,NA,NA,NA,NA,NA,NA,NA,NA,NA,NA,NA,NA,30366.87,-239079.31,1.0,S,0.134366681415929,-1.05787305309735,NA,NA,NA,NA,NA,NA,NA,NA,NA,NA,NA,NA,NA,NA,NA,NA,NA,NA
NA,Sky-H5-3,18.8286,-240.26349,NA,NA,NA,NA,300.14135089999996,-23.008789276999998,NA,NA,NA,NA,NA,NA,NA,NA,NA,NA,NA,NA,NA,NA,NA,NA,NA,NA,NA,NA,18828.6,-240263.49,1.0,S,0.083312389380531,-1.06311278761062,NA,NA,NA,NA,NA,NA,NA,NA,NA,NA,NA,NA,NA,NA,NA,NA,NA,NA
NA,Sky-H5-4,7.1264199999999995,-236.89282999999998,NA,NA,NA,NA,300.08848589999997,-22.995879446,NA,NA,NA,NA,NA,NA,NA,NA,NA,NA,NA,NA,NA,NA,NA,NA,NA,NA,NA,NA,7126.42,-236892.83,3.0,S,0.0315328318584071,-1.04819836283186,NA,NA,NA,NA,NA,NA,NA,NA,NA,NA,NA,NA,NA,NA,NA,NA,NA,NA
NA,Sky-H5-5,-4.31585,-238.96103,NA,NA,NA,NA,300.03671339999994,-23.003951855,NA,NA,NA,NA,NA,NA,NA,NA,NA,NA,NA,NA,NA,NA,NA,NA,NA,NA,NA,NA,-4315.85,-238961.03,2.0,S,-0.0190966814159292,-1.05734969026549,NA,NA,NA,NA,NA,NA,NA,NA,NA,NA,NA,NA,NA,NA,NA,NA,NA,NA
NA,Sky-H5-6,-15.940570000000001,-240.47237,NA,NA,NA,NA,299.98416769999994,-23.009676760999998,NA,NA,NA,NA,NA,NA,NA,NA,NA,NA,NA,NA,NA,NA,NA,NA,NA,NA,NA,NA,-15940.57,-240472.37,1.0,S,-0.0705334955752212,-1.06403703539823,NA,NA,NA,NA,NA,NA,NA,NA,NA,NA,NA,NA,NA,NA,NA,NA,NA,NA
NA,Sky-H5-7,-27.03592,-235.45288,NA,NA,NA,NA,299.93389210000004,-22.98985258,NA,NA,NA,NA,NA,NA,NA,NA,NA,NA,NA,NA,NA,NA,NA,NA,NA,NA,NA,NA,-27035.92,-235452.88,3.0,S,-0.11962796460177001,-1.04182690265487,NA,NA,NA,NA,NA,NA,NA,NA,NA,NA,NA,NA,NA,NA,NA,NA,NA,NA
NA,Sky-H5-8,-38.978790000000004,-237.82707000000002,NA,NA,NA,NA,299.8800255,-22.998603596,NA,NA,NA,NA,NA,NA,NA,NA,NA,NA,NA,NA,NA,NA,NA,NA,NA,NA,NA,NA,-38978.79,-237827.07,1.0,S,-0.17247252212389402,-1.0523321681415898,NA,NA,NA,NA,NA,NA,NA,NA,NA,NA,NA,NA,NA,NA,NA,NA,NA,NA
NA,Sky-H6-1,-58.36925,-233.82492000000002,NA,NA,NA,NA,299.792395,-22.981845899999996,NA,NA,NA,NA,NA,NA,NA,NA,NA,NA,NA,NA,NA,NA,NA,NA,NA,NA,NA,NA,-58369.25,-233824.92,1.0,S,-0.258271017699115,-1.03462353982301,NA,NA,NA,NA,NA,NA,NA,NA,NA,NA,NA,NA,NA,NA,NA,NA,NA,NA
NA,Sky-H6-2,-69.55194,-230.74572999999998,NA,NA,NA,NA,299.7418723,-22.968952285,NA,NA,NA,NA,NA,NA,NA,NA,NA,NA,NA,NA,NA,NA,NA,NA,NA,NA,NA,NA,-69551.94,-230745.73,1.0,S,-0.307751946902655,-1.02099880530973,NA,NA,NA,NA,NA,NA,NA,NA,NA,NA,NA,NA,NA,NA,NA,NA,NA,NA
NA,Sky-H6-3,-80.57354000000001,-227.13205,NA,NA,NA,NA,299.692091,-22.953820839000002,NA,NA,NA,NA,NA,NA,NA,NA,NA,NA,NA,NA,NA,NA,NA,NA,NA,NA,NA,NA,-80573.54,-227132.05,1.0,S,-0.35652008849557504,-1.0050090707964598,NA,NA,NA,NA,NA,NA,NA,NA,NA,NA,NA,NA,NA,NA,NA,NA,NA,NA
NA,Sky-H6-4,-90.64986999999999,-221.14157999999998,NA,NA,NA,NA,299.6463925,-22.929305475,NA,NA,NA,NA,NA,NA,NA,NA,NA,NA,NA,NA,NA,NA,NA,NA,NA,NA,NA,NA,-90649.87,-221141.58,2.0,S,-0.40110561946902706,-0.978502566371681,NA,NA,NA,NA,NA,NA,NA,NA,NA,NA,NA,NA,NA,NA,NA,NA,NA,NA
NA,Sky-H6-5,-102.03171999999999,-218.33596,NA,NA,NA,NA,299.59522069999997,-22.916992189000002,NA,NA,NA,NA,NA,NA,NA,NA,NA,NA,NA,NA,NA,NA,NA,NA,NA,NA,NA,NA,-102031.72,-218335.96,1.0,S,-0.45146778761061995,-0.966088318584071,NA,NA,NA,NA,NA,NA,NA,NA,NA,NA,NA,NA,NA,NA,NA,NA,NA,NA
NA,Sky-H6-6,-112.41861000000002,-213.17391,NA,NA,NA,NA,299.5483595,-22.895381581,NA,NA,NA,NA,NA,NA,NA,NA,NA,NA,NA,NA,NA,NA,NA,NA,NA,NA,NA,NA,-112418.61,-213173.91,1.0,S,-0.49742747787610603,-0.9432473893805309,NA,NA,NA,NA,NA,NA,NA,NA,NA,NA,NA,NA,NA,NA,NA,NA,NA,NA
NA,Sky-H6-7,-122.54511000000001,-207.51809,NA,NA,NA,NA,299.5026952,-22.871706305,NA,NA,NA,NA,NA,NA,NA,NA,NA,NA,NA,NA,NA,NA,NA,NA,NA,NA,NA,NA,-122545.11,-207518.09,1.0,S,-0.542235,-0.9182216371681421,NA,NA,NA,NA,NA,NA,NA,NA,NA,NA,NA,NA,NA,NA,NA,NA,NA,NA
NA,Sky-H6-8,-132.38652,-201.3824,NA,NA,NA,NA,299.45834069999995,-22.846025398000002,NA,NA,NA,NA,NA,NA,NA,NA,NA,NA,NA,NA,NA,NA,NA,NA,NA,NA,NA,NA,-132386.52,-201382.4,1.0,S,-0.5857810619469029,-0.891072566371681,NA,NA,NA,NA,NA,NA,NA,NA,NA,NA,NA,NA,NA,NA,NA,NA,NA,NA
NA,Sky-H7-1,-207.18967,-123.09956000000001,NA,NA,NA,NA,299.1225214,-22.51868956,NA,NA,NA,NA,NA,NA,NA,NA,NA,NA,NA,NA,NA,NA,NA,NA,NA,NA,NA,NA,-207189.67,-123099.56,1.0,S,-0.916768451327434,-0.5446883185840711,NA,NA,NA,NA,NA,NA,NA,NA,NA,NA,NA,NA,NA,NA,NA,NA,NA,NA
NA,Sky-H7-2,-212.87255,-112.98823,NA,NA,NA,NA,299.09718,-22.476454480999998,NA,NA,NA,NA,NA,NA,NA,NA,NA,NA,NA,NA,NA,NA,NA,NA,NA,NA,NA,NA,-212872.55,-112988.23,1.0,S,-0.941913938053097,-0.49994792035398206,NA,NA,NA,NA,NA,NA,NA,NA,NA,NA,NA,NA,NA,NA,NA,NA,NA,NA
NA,Sky-H7-3,-218.06235,-102.61518000000001,NA,NA,NA,NA,299.07408119999997,-22.433137159,NA,NA,NA,NA,NA,NA,NA,NA,NA,NA,NA,NA,NA,NA,NA,NA,NA,NA,NA,NA,-218062.35,-102615.18,1.0,S,-0.9648776548672571,-0.454049469026549,NA,NA,NA,NA,NA,NA,NA,NA,NA,NA,NA,NA,NA,NA,NA,NA,NA,NA
NA,Sky-H7-4,-222.74704,-92.00444,NA,NA,NA,NA,299.0532771,-22.388838802,NA,NA,NA,NA,NA,NA,NA,NA,NA,NA,NA,NA,NA,NA,NA,NA,NA,NA,NA,NA,-222747.04,-92004.44,1.0,S,-0.9856063716814158,-0.40709929203539796,NA,NA,NA,NA,NA,NA,NA,NA,NA,NA,NA,NA,NA,NA,NA,NA,NA,NA
NA,Sky-H7-5,-231.62346000000002,-82.86479,NA,NA,NA,NA,299.01503130000003,-22.350064188,NA,NA,NA,NA,NA,NA,NA,NA,NA,NA,NA,NA,NA,NA,NA,NA,NA,NA,NA,NA,-231623.46,-82864.79,0.0,S,-1.02488256637168,-0.36665836283185793,NA,NA,NA,NA,NA,NA,NA,NA,NA,NA,NA,NA,NA,NA,NA,NA,NA,NA
NA,Sky-H7-6,-228.64545,-69.58635,NA,NA,NA,NA,299.026796,-22.295501419,NA,NA,NA,NA,NA,NA,NA,NA,NA,NA,NA,NA,NA,NA,NA,NA,NA,NA,NA,NA,-228645.45,-69586.35,2.0,S,-1.01170553097345,-0.307904203539823,NA,NA,NA,NA,NA,NA,NA,NA,NA,NA,NA,NA,NA,NA,NA,NA,NA,NA
NA,Sky-H7-7,-233.66801,-58.99428,NA,NA,NA,NA,299.0050702,-22.251101177,NA,NA,NA,NA,NA,NA,NA,NA,NA,NA,NA,NA,NA,NA,NA,NA,NA,NA,NA,NA,-233668.01,-58994.28,1.0,S,-1.03392924778761,-0.261036637168142,NA,NA,NA,NA,NA,NA,NA,NA,NA,NA,NA,NA,NA,NA,NA,NA,NA,NA
NA,Sky-H7-8,-241.13657999999998,-48.67392,NA,NA,NA,NA,298.9732977,-22.207635103,NA,NA,NA,NA,NA,NA,NA,NA,NA,NA,NA,NA,NA,NA,NA,NA,NA,NA,NA,NA,-241136.58,-48673.92,0.0,S,-1.0669760176991099,-0.21537132743362802,NA,NA,NA,NA,NA,NA,NA,NA,NA,NA,NA,NA,NA,NA,NA,NA,NA,NA
