#OBSTEMP,8
#CONFIGTEMP,19
#EQUINOX,J2000.0
#CENTRE,17 59 24.01,-21 43 13.8 #Field centre
#UTTIME,14 00 00.00 #Target observing time
#UTDATE,2021 07 10 #Target observing date
#PLATEID,a test_plateID
#LABEL,a test_label
#TILING_DATE,2021 06 15 # Date the tile was created/configured
#PROXIMITY,220 # tiling proximity value in arcseconds
"ID","RA","DEC","g_mag","r_mag","i_mag","z_mag","y_mag","GAIA_g_mag","GAIA_bp_mag","GAIA_rp_mag","pmRA","pmDEC","priority","remaining_observations","Tile_number","COMPLETED","MagnetX_noDC","MagnetY_noDC","type","MagnetX","MagnetY","SkyFibrePosition","fibre_type","x","y","grads","gangs","gazAngs","gangs_gazAng"
"4069936676414174080",270.14764,-22.055763,NA,11.0059003829956,NA,NA,NA,NA,NA,NA,7.45161963487154,-26.0707434097788,NA,NA,NA,NA,67261.1265934094,-75770.2327252751,2,64472.16,-78419.22,NA,"G",-179.00468,-35.33212,182.458308020207,4.95410093649007,0.194876012225946,4.75922492426413
"4069976464991195136",270.5328,-21.684666,NA,11.4086999893188,NA,NA,NA,NA,NA,NA,-3.26546408430572,-7.41570941942578,NA,NA,NA,NA,154307.286593406,8097.68927472468,2,149195.91,8105.39,NA,"G",-116.19877,133.23215,176.785067081853,3.0768202294779,-0.853581274433449,3.93040150391135
"4069926815170942336",270.56815,-22.088623,NA,11.4259004592896,NA,NA,NA,NA,NA,NA,-22.8226772463412,-7.17210201091266,NA,NA,NA,NA,162296.386593405,-83196.5927252749,2,157398.88,-87434.45,NA,"G",187.54194,44.00191,192.634751129208,0.963707189444798,3.37204861517198,3.8748438814524
"4070368376505816064",269.03455,-21.86783,NA,11.5804996490479,NA,NA,NA,NA,NA,NA,0.801774287970134,0.329035572537338,NA,NA,NA,NA,-184297.213406591,-33297.3747252756,2,-179004.68,-35332.12,NA,"G",125.72899,-172.73368,213.646210199859,0.400734946929751,2.19998817017744,4.4839320839319
"4070297316229990912",269.2731,-22.209093,NA,11.6814002990723,NA,NA,NA,NA,NA,NA,0.419752698707477,0.26229035280156,NA,NA,NA,NA,-130384.913406596,-110422.812725275,2,-126078.85,-115579.67,NA,"G",-161.97878,-68.49807,175.866741494841,2.37020646921883,0.400076151093724,1.97013031812511
"4069985226725356160",270.70035,-21.532795,NA,12.6087999343872,NA,NA,NA,NA,NA,NA,-4.71445790587273,-2.73456157274179,NA,NA,NA,NA,192173.586593407,42420.5352747247,2,187541.94,44001.91,NA,"G",-118.36522,-56.05471,130.967384561319,2.17916279883551,0.44228433877478,1.73687846006073
