#OBSTEMP,8
#CONFIGTEMP,19
#EQUINOX,J2000.0
#CENTRE,17 59 24.77,-21 51 19.7 #Field centre
#UTTIME,14 00 00.00 #Target observing time
#UTDATE,2021 07 10 #Target observing date
#PLATEID,a test_plateID
#LABEL,270_m20_comissioning Tile 003
#TILING_DATE,2021 06 15 # Date the tile was created/configured
#PROXIMITY,220 # tiling proximity value in arcseconds
"ID","RA","DEC","g_mag","r_mag","i_mag","z_mag","y_mag","GAIA_g_mag","GAIA_bp_mag","GAIA_rp_mag","pmRA","pmDEC","priority","remaining_observations","Tile_number","COMPLETED","MagnetX_noDC","MagnetY_noDC","type","MagnetX","MagnetY","SkyFibrePosition","fibre_type","x","y","grads","gangs","gazAngs","gangs_gazAng"
"4069936676414174080",270.14764,-22.055763,NA,11.0059003829956,NA,NA,NA,NA,NA,NA,7.45161963487154,-26.0707434097788,NA,NA,NA,NA,66541.8361290333,-45265.1244516132,2,63687.87,-46801.37,NA,"G",-103.87187,-156.39247,187.744427480545,2.35263283851184,0.984521145764576,1.36811169274727
"4069926815170942336",270.56815,-22.088623,NA,11.4259004592896,NA,NA,NA,NA,NA,NA,-22.8226772463412,-7.17210201091266,NA,NA,NA,NA,161577.096129029,-52691.484451613,2,156256.47,-55348.03,NA,"G",187.14496,76.13202,202.037918526899,1.01622362314995,3.52795396870803,3.77145496162151
"4070297316229990912",269.2731,-22.209093,NA,11.6814002990723,NA,NA,NA,NA,NA,NA,0.419752698707477,0.26229035280156,NA,NA,NA,NA,-131104.203870972,-79917.7044516133,2,-126318.44,-83419.63,NA,"G",-173.36233,-65.65637,185.378683738465,2.1898894738985,0.362031012999695,1.8278584608988
"4070769865709852288",269.6652,-21.428143,NA,11.9498996734619,NA,NA,NA,NA,NA,NA,-2.28703884745424,-7.06313497192834,NA,NA,NA,NA,-42489.603870966,96576.9955483869,2,-40920.66,99883.09,NA,"G",-96.3179,166.00203,191.921368858527,0.489852745409177,-1.04504701652837,1.53489976193755
"4069458045260931840",270.05502,-22.764162,NA,12.3839998245239,NA,NA,NA,NA,NA,NA,-3.14348588571836,-4.91018997424881,NA,NA,NA,NA,45609.7161290309,-205363.298451613,2,44434.53,-216959.44,NA,"G",164.19213,-98.12915,191.280907655885,0.71422048982867,2.60290412687963,4.39450167012863
"4069985226725356160",270.70035,-21.532795,NA,12.6087999343872,NA,NA,NA,NA,NA,NA,-4.71445790587273,-2.73456157274179,NA,NA,NA,NA,191454.296129031,72925.6435483865,2,187144.96,76132.02,NA,"G",-179.58874,-3.40856,179.621083996454,4.97698918833629,0.01897753053079,4.9580116578055
