#OBSTEMP,8
#CONFIGTEMP,19
#EQUINOX,J2000.0
#CENTRE,17 59 26.21,-21 51 41.2 #Field centre
#UTTIME,14 00 00.00 #Target observing time
#UTDATE,2021 07 10 #Target observing date
#PLATEID,a test_plateID
#LABEL,a test_label
#TILING_DATE,2021 06 15 # Date the tile was created/configured
#PROXIMITY,220 # tiling proximity value in arcseconds
"ID","RA","DEC","g_mag","r_mag","i_mag","z_mag","y_mag","GAIA_g_mag","GAIA_bp_mag","GAIA_rp_mag","pmRA","pmDEC","priority","remaining_observations","Tile_number","COMPLETED","MagnetX_noDC","MagnetY_noDC","type","MagnetX","MagnetY","SkyFibrePosition","fibre_type","x","y","grads","gangs","gazAngs","gangs_gazAng"
"4069936676414174080",270.14764,-22.055763,NA,11.0059003829956,NA,NA,NA,NA,NA,NA,7.45161963487154,-26.0707434097788,NA,NA,NA,NA,65192.239587637,-43913.0837731956,2,62385.16,-45394.8,NA,"G",-36.34843,-184.56734,188.112496549646,5.20409954258843,1.37634616480595,3.82775337778248
"4069976464991195136",270.5328,-21.684666,NA,11.4086999893188,NA,NA,NA,NA,NA,NA,-3.26546408430572,-7.41570941942578,NA,NA,NA,NA,152238.399587634,39954.8382268041,2,147272.54,41282.71,NA,"G",-118.88935,167.46563,205.376276075693,0.594265850503549,-0.953435088969382,1.54770093947293
"4069926815170942336",270.56815,-22.088623,NA,11.4259004592896,NA,NA,NA,NA,NA,NA,-22.8226772463412,-7.17210201091266,NA,NA,NA,NA,160227.499587632,-51339.4437731955,2,154900.48,-53913.33,NA,"G",185.79449,77.54682,201.32834327653,1.22726449268508,3.53699104385442,3.97345875601024
"4070368376505816064",269.03455,-21.86783,NA,11.5804996490479,NA,NA,NA,NA,NA,NA,0.801774287970134,0.329035572537338,NA,NA,NA,NA,-186366.100412363,-1440.22577319618,2,-180946.68,-2002.1,NA,"G",156.18535,-72.42633,172.16107815616,4.46629724064905,2.70738761895761,1.75890962169144
"4070726508051615232",270.36368,-21.66716,NA,12.2666997909546,NA,NA,NA,NA,NA,NA,-0.223468087667875,-0.722618253573241,NA,NA,NA,NA,114017.279587629,43911.1942268043,2,109798.32,45328.96,NA,"G",100.83862,169.34048,197.090399183052,2.68818807495514,4.17530072359672,4.796072658538
"4070381330110159872",269.267,-21.834843,NA,13.3522996902466,NA,NA,NA,NA,NA,NA,-1.23992777034147,-5.65836441699514,NA,NA,NA,NA,-133832.400412369,6014.83622680429,2,-128888.4,5985.1,NA,"G",25.09576,-157.91433,159.896006170656,4.1503344920186,1.72839846044511,2.42193603157349
