#OBSTEMP,8
#CONFIGTEMP,19
#EQUINOX,J2000.0
#CENTRE,17 59 24.01,-21 43 13.8 #Field centre
#UTTIME,14 00 00.00 #Target observing time
#UTDATE,2021 07 10 #Target observing date
#PLATEID,a test_plateID
#LABEL,a test_label
#TILING_DATE,2021 06 15 # Date the tile was created/configured
#PROXIMITY,220 # tiling proximity value in arcseconds
"probe","ID","x","y","rads","angs","azAngs","angs_azAng","RA","DEC","g_mag","r_mag","i_mag","z_mag","y_mag","GAIA_g_mag","GAIA_bp_mag","GAIA_rp_mag","pmRA","pmDEC","priority","remaining_observations","Tile_number","COMPLETED","MagnetX_noDC","MagnetY_noDC","type","MagnetX","MagnetY","SkyFibrePosition","fibre_type","fraction_plate_radius_X","fraction_plate_radius_Y"
1,"4070987225425320832",-122.00859,156.05127,198.086079527061,0.528599933186796,-0.907221232687579,1.43582116587437,269.29874,-21.06153,19.2835998535156,17.3405990600586,16.2616004943848,15.5869998931885,15.1923999786377,16.907755,18.294155,15.538108,-0.794631210531753,-0.472378532015614,1,1,-999,"False",-124590.273406594,148926.425274724,1,-122008.59,156051.27,NA,"P",-0.539861017699115,0.690492345132743
2,"4069926986970964480",140.04997,-94.9985,169.229752405571,0.752027707974799,2.54556664638526,4.48964636876913,270.4905,-22.121767,19.1639003753662,17.8768005371094,17.1664009094238,16.7476997375488,16.4678001403809,17.76136,18.68803,16.640793,-0.33052968985802,-1.058203854474,1,1,-999,"False",144747.486593403,-90687.136725275,1,140049.97,-94998.5,NA,"P",0.619690132743363,-0.420347345132743
3,"4070742034324822656",140.96001,89.58545,167.018793166825,3.38386940040871,3.70773402871577,5.95932067887252,270.4917,-21.339457,17.2987995147705,15.1968002319336,14.0882997512817,13.2419996261597,12.753399848938,14.628639,16.38463,13.330672,-0.287926323456863,0.494806793053092,1,1,-999,"False",145018.686593399,86114.9232747248,1,140960.01,89585.45,NA,"P",0.62371685840708,0.396395796460177
4,"4069535285952031360",21.36423,-186.69338,187.911810324198,4.18546955100351,1.68473555001791,2.5007340009856,269.9476,-22.508425,15.5687999725342,14.8210000991821,14.4713001251221,14.3236999511719,14.1680002212524,14.819184,15.417232,14.093926,-2.4209616822071,0.0385679474901415,1,1,-999,"False",22052.0865934091,-178071.844725275,1,21364.23,-186693.38,NA,"P",0.0945319911504425,-0.826076902654867
5,"4070722758508774016",20.25039,41.19986,45.9075893417603,3.52999145897328,4.25555158515199,5.55762518100087,269.9436,-21.543406,19.202600479126,17.6044006347656,16.6769008636475,16.1266002655029,15.7609996795654,17.30913,18.576214,16.160301,-1.30011787291352,-4.18172796855365,1,1,-999,"False",21148.0865934047,40022.4492747245,1,20250.39,41199.86,NA,"P",0.0896034955752212,0.182300265486726
6,"4069880055881002112",183.51574,-99.43009,208.720793466189,4.65499318023799,2.64506150219202,2.00993167804597,270.6826,-22.136303,18.764799118042,17.5468997955322,16.8430995941162,16.3740997314453,16.0839004516602,17.372446,18.42673,16.316683,-0.708024304302504,-1.73849841002399,1,1,-999,"False",188162.086593399,-93972.2727252757,1,183515.74,-99430.09,NA,"P",0.812016548672566,-0.439956150442478
7,"4069552092177829888",-27.83755,-162.4466,164.814523151215,-1.023422152855,1.40108047747287,3.85868267685171,269.72232,-22.40927,16.7061996459961,15.8888998031616,15.4940004348755,15.2617998123169,15.118800163269,15.871467,16.53053,15.092447,0.571940896876126,-6.74690124879499,1,1,-999,"False",-28861.1934065905,-155662.814725275,1,-27837.55,-162446.6,NA,"P",-0.123175,-0.718790265486726
8,"4070838280269520512",164.7999,129.88952,209.833968760638,-0.292739781007514,3.80907538158122,2.18137014459085,270.59293,-21.172892,18.3388996124268,17.0275001525879,16.247200012207,15.746600151062,15.3838996887207,16.810326,17.948517,15.756089,-0.867932445194617,-1.83538034663836,1,1,-999,"False",167896.666593409,123758.613274724,1,164799.9,129889.52,NA,"P",0.729203097345133,0.574732389380531
9,"4069870606952594432",125.19828,-141.51088,188.944273460015,0.593641456376775,2.2951080823342,4.58171868122216,270.42105,-22.316652,16.3190994262695,15.4162998199463,14.9837999343872,14.6784000396729,14.5019998550415,15.387081,16.088388,14.53384,-1.00912579250699,-2.18864744980413,1,1,-999,"False",129051.786593399,-134731.146725276,1,125198.28,-141510.88,NA,"P",0.553974690265487,-0.626154336283186
10,"4070821439679685248",5.29614,168.76964,168.852718321705,3.12454227203619,4.68101839411459,4.72670918510118,269.8741,-21.00493,17.6557998657227,16.8342990875244,16.4083003997803,16.3311996459961,16.1030006408691,16.794334,17.449219,15.965817,0.79071100137442,-2.88729053181686,1,1,-999,"False",5441.08659340361,161718.025274724,1,5296.14,168769.64,NA,"P",0.0234342477876106,0.746768318584071
11,"4070817866266839296",-0.48417,154.93869,154.939446492832,2.74276202749673,-1.56767142349268,4.31043345098941,269.84784,-21.061937,15.5281000137329,14.7326002120972,14.315899848938,14.1040000915527,13.9668998718262,14.694008,15.339954,13.86001,1.70594686477084,-4.63139526723554,1,1,-999,"False",-493.673406591711,148834.443274725,1,-484.17,154938.69,NA,"P",-0.00214234513274336,0.685569424778761
12,"4070399781294013696",-165.68788,17.65059,166.625378938031,2.66435514576854,-0.106128897123689,2.77048404289223,269.094,-21.643883,20.2935009002686,17.8089008331299,15.6405000686646,14.5276002883911,13.8846998214722,16.256302,18.958963,14.73019,-4.36378586813528,-5.03875663605403,1,1,-999,"False",-170861.513406597,17314.6472747249,1,-165687.88,17650.59,NA,"P",-0.733132212389381,0.0780999557522124
13,"4070977329810425472",-147.8052,108.2062,183.180126830069,3.23246180671576,-0.631937587998985,3.86439939471474,269.17944,-21.261597,19.9456996917725,17.7098007202148,16.3633003234863,15.5616998672485,15.0468997955322,17.035177,18.867052,15.660513,0.450070333628941,-0.495299313275307,1,1,-999,"False",-151552.073406596,103711.283274725,1,-147805.2,108206.2,NA,"P",-0.654005309734513,0.478788495575221
14,"4070592741258652800",-186.40294,55.9137,194.608319165275,2.82893374981326,-0.291421445997333,3.12035519581059,269.00513,-21.482485,19.3854007720947,16.6109008789063,14.7433004379272,13.6577997207642,12.9647998809814,15.32239,17.893442,13.829695,-0.451147209408513,-8.36728598772542,1,1,-999,"False",-190946.133406594,53790.5952747246,1,-186402.94,55913.7,NA,"P",-0.824791769911504,0.247405752212389
15,"4070799312009228032",52.45814,112.42447,124.060944325926,2.7609793900021,4.27581012172732,4.76835457545437,270.09024,-21.240526,18.1277008056641,17.1574001312256,16.6315002441406,16.2770004272461,16.0571994781494,17.075506,17.87294,16.103113,-0.0273775633819832,-0.642687232458158,1,1,-999,"False",54288.7265934027,108473.329274725,1,52458.14,112424.47,NA,"P",0.232115663716814,0.497453407079646
16,"4070317760272546304",-28.36085,-76.55185,81.6365331891611,1.75833675930766,1.21599518480632,0.542341574501342,269.71893,-22.048382,17.2761993408203,15.8093996047974,14.9602003097534,14.3494997024536,13.9212999343872,15.534061,16.734169,14.318368,-0.372240832765787,-3.41312815027736,1,1,-999,"False",-29627.333406596,-74102.1267252754,1,-28360.85,-76551.85,NA,"P",-0.125490486725664,-0.338725
17,"4070782407014724352",-68.91791,73.16107,100.509802916497,0.0157643217028092,-0.815254087014695,0.831018408717505,269.53314,-21.406984,18.5687999725342,17.1825008392334,16.3864002227783,15.9062995910645,15.5903997421265,16.992384,18.050886,15.842211,-0.199145001509147,0.396753467812052,1,1,-999,"False",-71615.8734065954,70853.8212747244,1,-68917.91,73161.07,NA,"P",-0.304946504424779,0.323721548672566
18,"4070767911538128640",-67.3376,51.91494,85.0265450842477,-0.101419040283012,-0.656784315959881,0.555365275676869,269.54,-21.497799,18.3136005401611,16.2192001342773,15.0066995620728,14.2453002929688,13.8101997375488,15.655847,17.360682,14.3519945,-0.527630443797569,-2.64466832876009,1,1,-999,"False",-70065.5134065914,50329.6312747246,1,-67337.6,51914.94,NA,"P",-0.297953982300885,0.229712123893805
19,"4070837485675011456",164.70922,114.74785,200.739124817836,-0.260608854025687,3.75007972068178,2.27249673247212,270.5944,-21.235518,19.2068996429443,17.8407001495361,17.0510997772217,16.5492000579834,16.2296009063721,17.644331,18.779581,16.570787,1.07716604778209,-4.13631924455387,1,1,-999,"False",168228.886593406,109605.137274725,1,164709.22,114747.85,NA,"P",0.72880185840708,0.507733849557522
20,"4070343633158296704",-177.41234,-94.02642,200.788709947278,2.50201954327008,0.487349249542051,2.01467029372803,269.28867,-22.453444,14.7627000808716,14.2149000167847,13.9397001266479,13.7665996551514,13.6344995498657,14.193,14.668583,13.544598,0.919643127241888,0.0531227806089146,1,NA,NA,"",-126866.09340659,-165646.138725276,0,-123582.94,-174834.27,NA,"P",-0.546827168141593,-0.77360296460177
21,"4070275983164521216",-123.58294,-174.83427,214.102230314111,2.74905934347108,0.955482729786152,1.79357661368492,269.04337,-22.114552,14.7348003387451,14.1871995925903,13.9231004714966,13.7277002334595,13.5769996643066,14.159039,14.650431,13.49057,-1.09748690793635,-1.74742430154345,1,NA,NA,"",-182303.8934066,-89056.5467252753,0,-177412.34,-94026.42,NA,"P",-0.785010353982301,-0.41604610619469
NA,"Sky-A1-1",-226.46104,82.44066,NA,NA,NA,NA,268.8370044,-21.373957077,NA,NA,NA,NA,NA,NA,NA,NA,NA,NA,NA,NA,NA,"",NA,NA,NA,-226461.04,82440.66,1,"S",-1.00204,0.364781681415929
NA,"Sky-A1-2",-222.23219,93.24117,NA,NA,NA,NA,268.8562101,-21.329076473,NA,NA,NA,NA,NA,NA,NA,NA,NA,NA,NA,NA,NA,"",NA,NA,NA,-222232.19,93241.17,1,"S",-0.983328274336283,0.412571548672566
NA,"Sky-A1-3",-217.48859,103.8257,NA,NA,NA,NA,268.8777007,-21.285105485,NA,NA,NA,NA,NA,NA,NA,NA,NA,NA,NA,NA,NA,"",NA,NA,NA,-217488.59,103825.7,1,"S",-0.96233889380531,0.459405752212389
NA,"Sky-A1-4",-212.24121,114.16975,NA,NA,NA,NA,268.9014249,-21.242145212,NA,NA,NA,NA,NA,NA,NA,NA,NA,NA,NA,NA,NA,"",NA,NA,NA,-212241.21,114169.75,1,"S",-0.939120398230089,0.505175884955752
NA,"Sky-A1-5",-206.50222,124.24934,NA,NA,NA,NA,268.9273264,-21.200294503,NA,NA,NA,NA,NA,NA,NA,NA,NA,NA,NA,NA,NA,"",NA,NA,NA,-206502.22,124249.34,1,"S",-0.913726637168142,0.549775840707965
NA,"Sky-A1-6",-200.2849,134.04112,NA,NA,NA,NA,268.955344,-21.159649511,NA,NA,NA,NA,NA,NA,NA,NA,NA,NA,NA,NA,NA,"",NA,NA,NA,-200284.9,134041.12,1,"S",-0.886216371681416,0.593102300884956
NA,"Sky-A1-7",-193.60365,143.52243,NA,NA,NA,NA,268.985412,-21.120303452,NA,NA,NA,NA,NA,NA,NA,NA,NA,NA,NA,NA,NA,"",NA,NA,NA,-193603.65,143522.43,1,"S",-0.856653318584071,0.635055
NA,"Sky-A2-1",-3.01251,240.9813,NA,NA,NA,NA,269.8366388,-20.716589884,NA,NA,NA,NA,NA,NA,NA,NA,NA,NA,NA,NA,NA,"",NA,NA,NA,-3012.51,240981.3,1,"S",-0.0133296902654867,1.0662889380531
NA,"Sky-A2-2",8.5856,240.84715,NA,NA,NA,NA,269.8882928,-20.717162863,NA,NA,NA,NA,NA,NA,NA,NA,NA,NA,NA,NA,NA,"",NA,NA,NA,8585.6,240847.15,1,"S",0.0379893805309735,1.0656953539823
NA,"Sky-A2-3",20.16382,240.15512,NA,NA,NA,NA,269.9398583,-20.720045229,NA,NA,NA,NA,NA,NA,NA,NA,NA,NA,NA,NA,NA,"",NA,NA,NA,20163.82,240155.12,1,"S",0.0892204424778761,1.06263327433628
NA,"Sky-A2-4",31.69534,238.90682,NA,NA,NA,NA,269.9912181,-20.725230285,NA,NA,NA,NA,NA,NA,NA,NA,NA,NA,NA,NA,NA,"",NA,NA,NA,31695.34,238906.82,1,"S",0.140244867256637,1.05710982300885
NA,"Sky-A2-5",43.15344,237.10513,NA,NA,NA,NA,270.0422553,-20.732706163,NA,NA,NA,NA,NA,NA,NA,NA,NA,NA,NA,NA,NA,"",NA,NA,NA,43153.44,237105.13,1,"S",0.190944424778761,1.04913774336283
NA,"Sky-A2-6",54.51158,234.75423,NA,NA,NA,NA,270.0928539,-20.742455703,NA,NA,NA,NA,NA,NA,NA,NA,NA,NA,NA,NA,NA,"",NA,NA,NA,54511.58,234754.23,1,"S",0.241201681415929,1.03873553097345
NA,"Sky-A2-7",65.74346,231.85957,NA,NA,NA,NA,270.1428987,-20.754456578,NA,NA,NA,NA,NA,NA,NA,NA,NA,NA,NA,NA,NA,"",NA,NA,NA,65743.46,231859.57,1,"S",0.290900265486726,1.02592730088496
NA,"Sky-A3-1",231.67752,66.38214,NA,NA,NA,NA,270.8862273,-21.440987293,NA,NA,NA,NA,NA,NA,NA,NA,NA,NA,NA,NA,NA,"",NA,NA,NA,231677.52,66382.14,1,"S",1.0251217699115,0.293726283185841
NA,"Sky-A3-2",234.60313,55.15828,NA,NA,NA,NA,270.8996174,-21.487634759,NA,NA,NA,NA,NA,NA,NA,NA,NA,NA,NA,NA,NA,"",NA,NA,NA,234603.13,55158.28,1,"S",1.03806694690265,0.244063185840708
NA,"Sky-A3-3",236.98531,43.80666,NA,NA,NA,NA,270.9105882,-21.534825357,NA,NA,NA,NA,NA,NA,NA,NA,NA,NA,NA,NA,NA,"",NA,NA,NA,236985.31,43806.66,1,"S",1.04860756637168,0.193834778761062
NA,"Sky-A3-4",238.81857,32.35357,NA,NA,NA,NA,270.9191124,-21.582450325,NA,NA,NA,NA,NA,NA,NA,NA,NA,NA,NA,NA,NA,"",NA,NA,NA,238818.57,32353.57,1,"S",1.05671933628319,0.143157389380531
NA,"Sky-A3-5",240.09865,20.82553,NA,NA,NA,NA,270.9251682,-21.630399831,NA,NA,NA,NA,NA,NA,NA,NA,NA,NA,NA,NA,NA,"",NA,NA,NA,240098.65,20825.53,1,"S",1.06238340707965,0.0921483628318584
NA,"Sky-A3-6",240.82258,9.24926,NA,NA,NA,NA,270.9287392,-21.678563099,NA,NA,NA,NA,NA,NA,NA,NA,NA,NA,NA,NA,NA,"",NA,NA,NA,240822.58,9249.26,1,"S",1.06558663716814,0.0409259292035398
NA,"Sky-A3-7",240.98869,2.34844,NA,NA,NA,NA,270.9296804,-21.707280412,NA,NA,NA,NA,NA,NA,NA,NA,NA,NA,NA,NA,NA,"",NA,NA,NA,240988.69,2348.44,1,"S",1.06632163716814,0.0103913274336283
NA,"Sky-A4-1",210.21182,-117.86456,NA,NA,NA,NA,270.7948713,-22.208333298,NA,NA,NA,NA,NA,NA,NA,NA,NA,NA,NA,NA,NA,"",NA,NA,NA,210211.82,-117864.56,1,"S",0.930140796460177,-0.521524601769911
NA,"Sky-A4-2",204.2974,-127.84223,NA,NA,NA,NA,270.7685423,-22.24999143,NA,NA,NA,NA,NA,NA,NA,NA,NA,NA,NA,NA,NA,"",NA,NA,NA,204297.4,-127842.23,1,"S",0.903970796460177,-0.565673584070796
NA,"Sky-A4-3",197.90977,-137.52377,NA,NA,NA,NA,270.7400642,-22.290424139,NA,NA,NA,NA,NA,NA,NA,NA,NA,NA,NA,NA,NA,"",NA,NA,NA,197909.77,-137523.77,1,"S",0.875706946902655,-0.608512256637168
NA,"Sky-A4-4",191.06371,-146.88677,NA,NA,NA,NA,270.7095017,-22.329536965,NA,NA,NA,NA,NA,NA,NA,NA,NA,NA,NA,NA,NA,"",NA,NA,NA,191063.71,-146886.77,1,"S",0.845414646017699,-0.649941460176991
NA,"Sky-A4-5",183.77509,-155.90952,NA,NA,NA,NA,270.6769247,-22.367238297,NA,NA,NA,NA,NA,NA,NA,NA,NA,NA,NA,NA,NA,"",NA,NA,NA,183775.09,-155909.52,1,"S",0.813164115044248,-0.689865132743363
NA,"Sky-A4-6",176.06079,-164.57115,NA,NA,NA,NA,270.642408,-22.403439965,NA,NA,NA,NA,NA,NA,NA,NA,NA,NA,NA,NA,NA,"",NA,NA,NA,176060.79,-164571.15,1,"S",0.779030044247788,-0.72819092920354
NA,"Sky-A4-7",167.93867,-172.85157,NA,NA,NA,NA,270.6060311,-22.438057017,NA,NA,NA,NA,NA,NA,NA,NA,NA,NA,NA,NA,NA,"",NA,NA,NA,167938.67,-172851.57,1,"S",0.743091460176991,-0.764829955752212
NA,"Sky-A5-1",-148.4702,-189.83588,NA,NA,NA,NA,269.1810227,-22.509319988,NA,NA,NA,NA,NA,NA,NA,NA,NA,NA,NA,NA,NA,"",NA,NA,NA,-148470.2,-189835.88,1,"S",-0.656947787610619,-0.839981769911504
NA,"Sky-A5-2",-156.12548,-180.9581,NA,NA,NA,NA,269.1463052,-22.472658987,NA,NA,NA,NA,NA,NA,NA,NA,NA,NA,NA,NA,NA,"",NA,NA,NA,-156125.48,-180958.1,2,"S",-0.690820707964602,-0.800699557522124
NA,"Sky-A5-3",-166.02924,-174.68645,NA,NA,NA,NA,269.1022028,-22.445960192,NA,NA,NA,NA,NA,NA,NA,NA,NA,NA,NA,NA,NA,"",NA,NA,NA,-166029.24,-174686.45,1,"S",-0.734642654867257,-0.77294889380531
NA,"Sky-A5-4",-174.24185,-166.49577,NA,NA,NA,NA,269.0653827,-22.411712332,NA,NA,NA,NA,NA,NA,NA,NA,NA,NA,NA,NA,NA,"",NA,NA,NA,-174241.85,-166495.77,1,"S",-0.770981637168142,-0.736706946902655
NA,"Sky-A5-5",-182.05086,-157.91943,NA,NA,NA,NA,269.0304044,-22.375858323,NA,NA,NA,NA,NA,NA,NA,NA,NA,NA,NA,NA,NA,"",NA,NA,NA,-182050.86,-157919.43,1,"S",-0.805534778761062,-0.698758539823009
NA,"Sky-A5-6",-189.43818,-148.97731,NA,NA,NA,NA,268.9973486,-22.338482292,NA,NA,NA,NA,NA,NA,NA,NA,NA,NA,NA,NA,NA,"",NA,NA,NA,-189438.18,-148977.31,1,"S",-0.83822203539823,-0.659191637168142
NA,"Sky-A5-7",-196.38671,-139.6901,NA,NA,NA,NA,268.9662916,-22.299671733,NA,NA,NA,NA,NA,NA,NA,NA,NA,NA,NA,NA,NA,"",NA,NA,NA,-196386.71,-139690.1,1,"S",-0.868967743362832,-0.61809778761062
NA,"Sky-H1-1",-181.17025,158.92893,NA,NA,NA,NA,269.0412778,-21.056390503,NA,NA,NA,NA,NA,NA,NA,NA,NA,NA,NA,NA,NA,"",NA,NA,NA,-181170.25,158928.93,1,"S",-0.801638274336283,0.703225353982301
NA,"Sky-H1-2",-173.31368,167.46173,NA,NA,NA,NA,269.0765305,-21.021004556,NA,NA,NA,NA,NA,NA,NA,NA,NA,NA,NA,NA,NA,"",NA,NA,NA,-173313.68,167461.73,1,"S",-0.766874690265487,0.74098110619469
NA,"Sky-H1-3",-165.05567,175.60663,NA,NA,NA,NA,269.1135508,-20.987235361,NA,NA,NA,NA,NA,NA,NA,NA,NA,NA,NA,NA,NA,"",NA,NA,NA,-165055.67,175606.63,1,"S",-0.73033482300885,0.777020486725664
NA,"Sky-H1-4",-156.41534,183.34477,NA,NA,NA,NA,269.1522531,-20.955160161,NA,NA,NA,NA,NA,NA,NA,NA,NA,NA,NA,NA,NA,"",NA,NA,NA,-156415.34,183344.77,1,"S",-0.692103274336283,0.811260044247788
NA,"Sky-H1-5",-147.4127,190.65822,NA,NA,NA,NA,269.1925479,-20.924852321,NA,NA,NA,NA,NA,NA,NA,NA,NA,NA,NA,NA,NA,"",NA,NA,NA,-147412.7,190658.22,1,"S",-0.652268584070796,0.843620442477876
NA,"Sky-H1-6",-138.06861,197.53006,NA,NA,NA,NA,269.2343424,-20.896381019,NA,NA,NA,NA,NA,NA,NA,NA,NA,NA,NA,NA,NA,"",NA,NA,NA,-138068.61,197530.06,1,"S",-0.610923053097345,0.874026814159292
NA,"Sky-H1-7",-128.4047,203.94434,NA,NA,NA,NA,269.2775403,-20.869811404,NA,NA,NA,NA,NA,NA,NA,NA,NA,NA,NA,NA,NA,"",NA,NA,NA,-128404.7,203944.34,1,"S",-0.568162389380531,0.902408584070796
NA,"Sky-H1-8",-118.44464,209.88551,NA,NA,NA,NA,269.3220367,-20.845206992,NA,NA,NA,NA,NA,NA,NA,NA,NA,NA,NA,NA,NA,"",NA,NA,NA,-118444.64,209885.51,1,"S",-0.524091327433628,0.928696946902655
NA,"Sky-H2-1",-100.81652,218.89973,NA,NA,NA,NA,269.4007364,-20.807887179,NA,NA,NA,NA,NA,NA,NA,NA,NA,NA,NA,NA,NA,"",NA,NA,NA,-100816.52,218899.73,1,"S",-0.446090796460177,0.968582876106195
NA,"Sky-H2-2",-90.16757,223.49692,NA,NA,NA,NA,269.4482498,-20.78886032,NA,NA,NA,NA,NA,NA,NA,NA,NA,NA,NA,NA,NA,"",NA,NA,NA,-90167.57,223496.92,1,"S",-0.398971548672566,0.988924424778761
NA,"Sky-H2-3",-79.30977,227.57641,NA,NA,NA,NA,269.4966765,-20.77198027,NA,NA,NA,NA,NA,NA,NA,NA,NA,NA,NA,NA,NA,"",NA,NA,NA,-79309.77,227576.41,1,"S",-0.350928185840708,1.00697526548673
NA,"Sky-H2-4",-68.26826,231.12877,NA,NA,NA,NA,269.5459061,-20.757285367,NA,NA,NA,NA,NA,NA,NA,NA,NA,NA,NA,NA,NA,"",NA,NA,NA,-68268.26,231128.77,1,"S",-0.302071946902655,1.02269367256637
NA,"Sky-H2-5",-57.06862,234.14576,NA,NA,NA,NA,269.5958263,-20.744809075,NA,NA,NA,NA,NA,NA,NA,NA,NA,NA,NA,NA,NA,"",NA,NA,NA,-57068.62,234145.76,1,"S",-0.252516017699115,1.03604318584071
NA,"Sky-H2-6",-45.73679,236.62039,NA,NA,NA,NA,269.6463233,-20.734579749,NA,NA,NA,NA,NA,NA,NA,NA,NA,NA,NA,NA,NA,"",NA,NA,NA,-45736.79,236620.39,1,"S",-0.20237517699115,1.04699287610619
NA,"Sky-H2-7",-34.29902,238.54693,NA,NA,NA,NA,269.6972822,-20.7266206,NA,NA,NA,NA,NA,NA,NA,NA,NA,NA,NA,NA,NA,"",NA,NA,NA,-34299.02,238546.93,1,"S",-0.151765575221239,1.05551738938053
NA,"Sky-H2-8",-22.78326,239.92079,NA,NA,NA,NA,269.7485804,-20.720950196,NA,NA,NA,NA,NA,NA,NA,NA,NA,NA,NA,NA,NA,"",NA,NA,NA,-22783.26,239920.79,1,"S",-0.100810884955752,1.0615964159292
NA,"Sky-H3-1",184.61356,154.91577,NA,NA,NA,NA,270.6738835,-21.073430584,NA,NA,NA,NA,NA,NA,NA,NA,NA,NA,NA,NA,NA,"",NA,NA,NA,184613.56,154915.77,1,"S",0.816874159292035,0.685468008849557
NA,"Sky-H3-2",191.8534,145.85382,NA,NA,NA,NA,270.7063836,-21.111021527,NA,NA,NA,NA,NA,NA,NA,NA,NA,NA,NA,NA,NA,"",NA,NA,NA,191853.4,145853.82,1,"S",0.848908849557522,0.645370884955752
NA,"Sky-H3-3",198.64884,136.45402,NA,NA,NA,NA,270.7369228,-21.15002094,NA,NA,NA,NA,NA,NA,NA,NA,NA,NA,NA,NA,NA,"",NA,NA,NA,198648.84,136454.02,1,"S",0.878977168141593,0.603778849557522
NA,"Sky-H3-4",204.98415,126.73816,NA,NA,NA,NA,270.7654301,-21.190339371,NA,NA,NA,NA,NA,NA,NA,NA,NA,NA,NA,NA,NA,"",NA,NA,NA,204984.15,126738.16,1,"S",0.907009513274336,0.560788318584071
NA,"Sky-H3-5",210.84465,116.72873,NA,NA,NA,NA,270.7918385,-21.231884423,NA,NA,NA,NA,NA,NA,NA,NA,NA,NA,NA,NA,NA,"",NA,NA,NA,210844.65,116728.73,1,"S",0.93294092920354,0.516498805309734
NA,"Sky-H3-6",216.21677,106.44891,NA,NA,NA,NA,270.8160861,-21.274560792,NA,NA,NA,NA,NA,NA,NA,NA,NA,NA,NA,NA,NA,"",NA,NA,NA,216216.77,106448.91,1,"S",0.956711371681416,0.471012876106195
NA,"Sky-H3-7",221.08806,95.92253,NA,NA,NA,NA,270.8381154,-21.318270421,NA,NA,NA,NA,NA,NA,NA,NA,NA,NA,NA,NA,NA,"",NA,NA,NA,221088.06,95922.53,1,"S",0.978265752212389,0.424435973451327
NA,"Sky-H3-8",225.44672,85.17533,NA,NA,NA,NA,270.857872,-21.362907254,NA,NA,NA,NA,NA,NA,NA,NA,NA,NA,NA,NA,NA,"",NA,NA,NA,225446.72,85175.33,1,"S",0.99755185840708,0.376881991150442
NA,"Sky-H4-1",239.9828,-22.12059,NA,NA,NA,NA,270.9258746,-21.809145352,NA,NA,NA,NA,NA,NA,NA,NA,NA,NA,NA,NA,NA,"",NA,NA,NA,239982.8,-22120.59,1,"S",1.06187079646018,-0.0978787168141593
NA,"Sky-H4-2",238.64054,-33.64155,NA,NA,NA,NA,270.9201877,-21.857128457,NA,NA,NA,NA,NA,NA,NA,NA,NA,NA,NA,NA,NA,"",NA,NA,NA,238640.54,-33641.55,1,"S",1.05593159292035,-0.148856415929204
NA,"Sky-H4-3",236.74552,-45.08459,NA,NA,NA,NA,270.9120167,-21.90480066,NA,NA,NA,NA,NA,NA,NA,NA,NA,NA,NA,NA,NA,"",NA,NA,NA,236745.52,-45084.59,1,"S",1.04754654867257,-0.199489336283186
NA,"Sky-H4-4",234.30213,-56.42319,NA,NA,NA,NA,270.9013784,-21.952051301,NA,NA,NA,NA,NA,NA,NA,NA,NA,NA,NA,NA,NA,"",NA,NA,NA,234302.13,-56423.19,1,"S",1.03673508849558,-0.249660132743363
NA,"Sky-H4-5",231.31601,-67.6311,NA,NA,NA,NA,270.8882951,-21.99877072,NA,NA,NA,NA,NA,NA,NA,NA,NA,NA,NA,NA,NA,"",NA,NA,NA,231316.01,-67631.1,1,"S",1.02352216814159,-0.299252654867257
NA,"Sky-H4-6",227.79409,-78.68236,NA,NA,NA,NA,270.872795,-22.044850339,NA,NA,NA,NA,NA,NA,NA,NA,NA,NA,NA,NA,NA,"",NA,NA,NA,227794.09,-78682.36,1,"S",1.00793845132743,-0.34815203539823
NA,"Sky-H4-7",223.74453,-89.55136,NA,NA,NA,NA,270.8549119,-22.090182919,NA,NA,NA,NA,NA,NA,NA,NA,NA,NA,NA,NA,NA,"",NA,NA,NA,223744.53,-89551.36,1,"S",0.990020044247788,-0.396244955752212
NA,"Sky-H4-8",219.17732,-100.21161,NA,NA,NA,NA,270.8346881,-22.134657433,NA,NA,NA,NA,NA,NA,NA,NA,NA,NA,NA,NA,NA,"",NA,NA,NA,219177.32,-100211.61,1,"S",0.969811150442478,-0.443414203539823
NA,"Sky-H5-1",41.83481,-237.34134,NA,NA,NA,NA,270.0386908,-22.70800464,NA,NA,NA,NA,NA,NA,NA,NA,NA,NA,NA,NA,NA,"",NA,NA,NA,41834.81,-237341.34,1,"S",0.185109778761062,-1.05018292035398
NA,"Sky-H5-2",30.36687,-239.07931,NA,NA,NA,NA,269.9869719,-22.715295505,NA,NA,NA,NA,NA,NA,NA,NA,NA,NA,NA,NA,NA,"",NA,NA,NA,30366.87,-239079.31,1,"S",0.134366681415929,-1.05787305309735
NA,"Sky-H5-3",18.8286,-240.26349,NA,NA,NA,NA,269.9349279,-22.720267431,NA,NA,NA,NA,NA,NA,NA,NA,NA,NA,NA,NA,NA,"",NA,NA,NA,18828.6,-240263.49,1,"S",0.083312389380531,-1.06311278761062
NA,"Sky-H5-4",7.2467,-240.89115,NA,NA,NA,NA,269.8826817,-22.722908634,NA,NA,NA,NA,NA,NA,NA,NA,NA,NA,NA,NA,NA,"",NA,NA,NA,7246.7,-240891.15,1,"S",0.0320650442477876,-1.06589004424779
NA,"Sky-H5-5",-4.35197,-240.96083,NA,NA,NA,NA,269.8303569,-22.723212753,NA,NA,NA,NA,NA,NA,NA,NA,NA,NA,NA,NA,NA,"",NA,NA,NA,-4351.97,-240960.83,1,"S",-0.0192565044247788,-1.06619836283186
NA,"Sky-H5-6",-15.94057,-240.47237,NA,NA,NA,NA,269.7780769,-22.721178969,NA,NA,NA,NA,NA,NA,NA,NA,NA,NA,NA,NA,NA,"",NA,NA,NA,-15940.57,-240472.37,1,"S",-0.0705334955752212,-1.06403703539823
NA,"Sky-H5-7",-27.49224,-239.4269,NA,NA,NA,NA,269.7259653,-22.716811973,NA,NA,NA,NA,NA,NA,NA,NA,NA,NA,NA,NA,NA,"",NA,NA,NA,-27492.24,-239426.9,1,"S",-0.121647079646018,-1.0594110619469
NA,"Sky-H5-8",-38.97879,-237.82707,NA,NA,NA,NA,269.6741518,-22.710122921,NA,NA,NA,NA,NA,NA,NA,NA,NA,NA,NA,NA,NA,"",NA,NA,NA,-38978.79,-237827.07,1,"S",-0.172472522123894,-1.05233216814159
NA,"Sky-H6-1",-58.36925,-233.82492,NA,NA,NA,NA,269.586702,-22.693380356,NA,NA,NA,NA,NA,NA,NA,NA,NA,NA,NA,NA,NA,"",NA,NA,NA,-58369.25,-233824.92,1,"S",-0.258271017699115,-1.03462353982301
NA,"Sky-H6-2",-69.55194,-230.74573,NA,NA,NA,NA,269.5362825,-22.680495767,NA,NA,NA,NA,NA,NA,NA,NA,NA,NA,NA,NA,NA,"",NA,NA,NA,-69551.94,-230745.73,1,"S",-0.307751946902655,-1.02099880530973
NA,"Sky-H6-3",-80.57354,-227.13205,NA,NA,NA,NA,269.4866021,-22.665373428,NA,NA,NA,NA,NA,NA,NA,NA,NA,NA,NA,NA,NA,"",NA,NA,NA,-80573.54,-227132.05,1,"S",-0.356520088495575,-1.00500907079646
NA,"Sky-H6-4",-91.4085,-222.99226,NA,NA,NA,NA,269.4377782,-22.648048946,NA,NA,NA,NA,NA,NA,NA,NA,NA,NA,NA,NA,NA,"",NA,NA,NA,-91408.5,-222992.26,1,"S",-0.404462389380531,-0.986691415929204
NA,"Sky-H6-5",-102.03172,-218.33596,NA,NA,NA,NA,269.3899256,-22.628563114,NA,NA,NA,NA,NA,NA,NA,NA,NA,NA,NA,NA,NA,"",NA,NA,NA,-102031.72,-218335.96,1,"S",-0.45146778761062,-0.966088318584071
NA,"Sky-H6-6",-112.41861,-213.17391,NA,NA,NA,NA,269.3431568,-22.606961665,NA,NA,NA,NA,NA,NA,NA,NA,NA,NA,NA,NA,NA,"",NA,NA,NA,-112418.61,-213173.91,1,"S",-0.497427477876106,-0.943247389380531
NA,"Sky-H6-7",-122.54511,-207.51809,NA,NA,NA,NA,269.2975818,-22.583295496,NA,NA,NA,NA,NA,NA,NA,NA,NA,NA,NA,NA,NA,"",NA,NA,NA,-122545.11,-207518.09,1,"S",-0.542235,-0.918221637168142
NA,"Sky-H6-8",-132.38652,-201.3824,NA,NA,NA,NA,269.2533128,-22.557623605,NA,NA,NA,NA,NA,NA,NA,NA,NA,NA,NA,NA,NA,"",NA,NA,NA,-132386.52,-201382.4,1,"S",-0.585781061946903,-0.891072566371681
NA,"Sky-H7-1",-207.18967,-123.09956,NA,NA,NA,NA,268.9180914,-22.230361421,NA,NA,NA,NA,NA,NA,NA,NA,NA,NA,NA,NA,NA,"",NA,NA,NA,-207189.67,-123099.56,1,"S",-0.916768451327434,-0.544688318584071
NA,"Sky-H7-2",-212.87255,-112.98823,NA,NA,NA,NA,268.8927885,-22.188132274,NA,NA,NA,NA,NA,NA,NA,NA,NA,NA,NA,NA,NA,"",NA,NA,NA,-212872.55,-112988.23,1,"S",-0.941913938053097,-0.499947920353982
NA,"Sky-H7-3",-218.06235,-102.61518,NA,NA,NA,NA,268.8697231,-22.144820402,NA,NA,NA,NA,NA,NA,NA,NA,NA,NA,NA,NA,NA,"",NA,NA,NA,-218062.35,-102615.18,1,"S",-0.964877654867257,-0.454049469026549
NA,"Sky-H7-4",-222.74704,-92.00444,NA,NA,NA,NA,268.8489472,-22.100526985,NA,NA,NA,NA,NA,NA,NA,NA,NA,NA,NA,NA,NA,"",NA,NA,NA,-222747.04,-92004.44,1,"S",-0.985606371681416,-0.407099292035398
NA,"Sky-H7-5",-226.91579,-81.18059,NA,NA,NA,NA,268.8305071,-22.055355411,NA,NA,NA,NA,NA,NA,NA,NA,NA,NA,NA,NA,NA,"",NA,NA,NA,-226915.79,-81180.59,1,"S",-1.00405216814159,-0.359206150442478
NA,"Sky-H7-6",-230.55892,-70.1687,NA,NA,NA,NA,268.814444,-22.009411026,NA,NA,NA,NA,NA,NA,NA,NA,NA,NA,NA,NA,NA,"",NA,NA,NA,-230558.92,-70168.7,1,"S",-1.02017221238938,-0.310480973451327
NA,"Sky-H7-7",-233.66801,-58.99428,NA,NA,NA,NA,268.8007931,-21.962800906,NA,NA,NA,NA,NA,NA,NA,NA,NA,NA,NA,NA,NA,"",NA,NA,NA,-233668.01,-58994.28,1,"S",-1.03392924778761,-0.261036637168142
NA,"Sky-H7-8",-236.23556,-47.68464,NA,NA,NA,NA,268.7895854,-21.91563953,NA,NA,NA,NA,NA,NA,NA,NA,NA,NA,NA,NA,NA,"",NA,NA,NA,-236235.56,-47684.64,1,"S",-1.04529008849558,-0.210993982300885
