#OBSTEMP,8
#CONFIGTEMP,19
#EQUINOX,J2000.0
#CENTRE,17 59 24.77,-21 51 19.7 #Field centre
#UTTIME,14 00 00.00 #Target observing time
#UTDATE,2021 07 10 #Target observing date
#PLATEID,a test_plateID
#LABEL,270_m20_comissioning Tile 003
#TILING_DATE,2021 06 15 # Date the tile was created/configured
#PROXIMITY,220 # tiling proximity value in arcseconds
"probe","ID","x","y","rads","angs","azAngs","angs_azAng","RA","DEC","g_mag","r_mag","i_mag","z_mag","y_mag","GAIA_g_mag","GAIA_bp_mag","GAIA_rp_mag","pmRA","pmDEC","priority","remaining_observations","Tile_number","COMPLETED","MagnetX_noDC","MagnetY_noDC","type","MagnetX","MagnetY","SkyFibrePosition","fibre_type","fraction_plate_radius_X","fraction_plate_radius_Y"
1,"4070817939319957888",-3.12794,189.53542,189.561228744752,0.378256907002079,-1.55429462977226,1.93255153677434,269.83908,-21.055143,17.2917995452881,15.4603996276855,14.7760000228882,13.8559999465942,13.4765996932983,15.091938,16.541285,13.884062,-1.97168984640381,-3.12598172229356,1,1,-999,"False",-3192.72387096669,180874.995548386,1,-3127.94,189535.42,NA,"P",-0.0138404424778761,0.838652300884956
2,"4070330752588647552",-47.04013,-32.43265,57.1371211773869,1.80919190315975,0.603622272652298,1.20556963050746,269.63538,-21.99457,18.025899887085,16.8896007537842,16.2187995910645,15.8114995956421,15.5200004577637,16.766113,17.687128,15.752833,-0.433944042673307,-2.63574155491896,1,1,-999,"False",-49228.9238709726,-31435.5064516133,1,-47040.13,-32432.65,NA,"P",-0.208142168141593,-0.143507300884956
3,"4069872634159993216",147.03427,-90.06401,172.425643254456,0.746197596644765,2.59200534200902,4.43737756181533,270.52576,-22.235476,18.5331001281738,17.4053001403809,16.7709007263184,16.3565998077393,16.0895004272461,17.275358,18.172916,16.247768,0.439590358811109,-1.4091414674313,1,1,-999,"False",151996.956129026,-85880.2624516131,1,147034.27,-90064.01,NA,"P",0.650594115044248,-0.398513318584071
4,"4070811544077313152",54.58946,195.33943,202.823820237704,2.85410895133715,4.4398815504252,4.69741270809154,270.09955,-21.032604,18.838399887085,17.0715007781982,16.0548992156982,15.438099861145,15.0443000793457,16.70458,18.173145,15.497901,-1.08774066253341,-1.95419451123101,1,1,-999,"False",55673.4961290329,185968.809548387,1,54589.46,195339.43,NA,"P",0.241546283185841,0.864333761061947
5,"4069502128804104064",-30.99494,-214.27219,216.502327269246,-1.10448609837649,1.42714057681593,3.75155863198717,269.7122,-22.754171,16.4535007476807,15.3482999801636,14.7412996292114,14.3698997497559,14.1162996292114,15.241429,16.137936,14.284066,-1.00190141342555,-4.64279642643342,1,1,-999,"False",-31867.6038709731,-203105.332451613,1,-30994.94,-214272.19,NA,"P",-0.137145752212389,-0.94810703539823
6,"4070395245805801728",-129.8443,41.13114,136.203204515127,-0.855411859280867,-0.306772759621491,5.73454620752021,269.25787,-21.679129,19.3462009429932,17.7653007507324,16.782600402832,16.1772994995117,15.7581996917725,17.508524,18.80098,16.126774,-0.109125919474819,-2.66560381427213,1,1,-999,"False",-134546.183870966,39854.1595483867,1,-129844.3,41131.14,NA,"P",-0.574532300884956,0.181996194690265
7,"4070396998170449280",-170.17264,27.89828,172.444314001732,-1.21561827789308,-0.162495552287782,5.23006258157429,269.07706,-21.735424,19.9796009063721,17.9230995178223,16.6865997314453,15.957799911499,15.5333003997803,17.375053,18.792404,15.898046,-4.9248070146023,0.418566461238198,1,1,-999,"False",-175409.243870968,27131.489548387,1,-170172.64,27898.28,NA,"P",-0.752976283185841,0.123443716814159
8,"4070720112812594944",51.01372,64.46814,82.2103442596976,3.48384673359206,4.0429747042412,5.72405733653044,270.08826,-21.579107,20.993200302124,17.949499130249,16.070499420166,14.8625001907349,14.0691003799438,16.61906,19.251923,15.067524,-1.47767573126118,-3.02480295083388,1,1,-999,"False",53121.9561290259,62459.1315483865,1,51013.72,64468.14,NA,"P",0.225724424778761,0.285257256637168
9,"4069880502538503168",190.63042,-62.95296,200.756151094152,4.68346135663652,2.8226326032978,1.86082875333872,270.71964,-22.118322,20.457799911499,17.9216003417969,16.4365997314453,15.4970998764038,14.8829002380371,17.080175,19.286936,15.631997,3.26275517767698,-4.26665069742017,1,1,-999,"False",195813.836129034,-59403.4584516132,1,190630.42,-62952.96,NA,"P",0.843497433628319,-0.278552920353982
10,"4069562743696801024",6.62667,-69.59613,69.9109009115589,1.5284526877111,1.66572620603593,6.14591178885476,269.88388,-22.153927,15.8866996765137,14.8851003646851,14.2951002120972,13.9462995529175,13.708399772644,14.78174,15.636626,13.858214,-0.303593924722267,-1.66624063489151,1,1,-999,"False",6932.07612902256,-67450.1884516133,1,6626.67,-69596.13,NA,"P",0.0293215486725664,-0.307947477876106
11,"4070784850888223488",-116.23971,107.9351,158.62426041717,-0.111175547405548,-0.74836985418918,0.637194306783632,269.3229,-21.396107,20.6816997528076,17.8810997009277,16.0484008789063,14.9855003356934,14.3311004638672,16.648064,19.15349,15.138316,-2.52628730951959,-6.16972472239176,1,1,-999,"False",-119849.403870971,103817.131548386,1,-116239.71,107935.1,NA,"P",-0.514335,0.477588938053097
12,"4070811067371893248",40.72487,186.45393,190.849634657659,2.42544741765214,4.49734826673551,4.21128445809622,270.03745,-21.068327,18.0398998260498,16.148099899292,15.0940999984741,14.4018001556396,13.9927997589111,15.703414,17.286648,14.468357,0.0149443326534378,-8.24032455548808,1,1,-999,"False",41638.896129023,177895.411548387,1,40724.87,186453.93,NA,"P",0.180198539823009,0.825017389380531
13,"4070793509543599872",-68.00755,147.60098,162.514849026059,0.264573875809172,-1.13903651932687,1.40361039513604,269.54352,-21.2286,18.9011001586914,16.4743995666504,15.0712995529175,14.233099937439,13.6808004379272,15.716092,17.763601,14.351905,-1.40607216083707,-2.67248893347506,1,1,-999,"False",-69989.2838709719,141673.713548387,1,-68007.55,147600.98,NA,"P",-0.300918362831858,0.653101681415929
14,"4069922387067541504",94.20495,-74.96911,120.394933691973,0.898907952390916,2.4694126695144,4.71268059005611,270.2874,-22.174911,18.7015991210938,17.3868007659912,16.6587009429932,16.2005004882813,15.8704996109009,17.21562,18.204882,16.112835,-0.460684543155294,0.475668519783198,1,1,-999,"False",98127.5961290258,-72192.5724516138,1,94204.95,-74969.11,NA,"P",0.416836061946903,-0.331721725663717
15,"4070378061613659904",-114.18259,-2.15023,114.202834238739,2.04247998563541,0.0188292793021363,2.02365070633327,269.32745,-21.863802,17.3465995788574,16.3159999847412,15.9180002212524,15.6715002059937,15.4995002746582,16.332312,17.092192,15.453559,6.5494681431451,1.52833276420943,1,1,-999,"False",-118821.103870972,-1881.93845161337,1,-114182.59,-2150.23,NA,"P",-0.505232699115044,-0.00951429203539823
16,"4070351673337528704",-151.29912,-39.63954,156.405616408702,2.25272892692772,0.256235375168366,1.99649355175936,269.15982,-22.022392,17.4388008117676,16.5741996765137,16.1179008483887,15.8711004257202,15.6911001205444,16.540741,17.211489,15.656601,9.76247193653429,-10.8832623157394,1,1,-999,"False",-156705.483870967,-37723.2784516134,1,-151299.12,-39639.54,NA,"P",-0.669465132743363,-0.175396194690266
17,"4070712454916955904",5.98718,39.34008,39.793067471091,3.34115463008723,4.56135758608111,5.06298235118571,269.88092,-21.686304,15.5184001922607,14.729100227356,14.3404998779297,14.1284999847412,13.9882001876831,14.71578,15.349184,13.951559,0.838426814953305,-6.83658519792785,1,1,-999,"False",6263.11612902862,38232.6095483866,1,5987.18,39340.08,NA,"P",0.0264919469026549,0.174071150442478
18,"4069540478585886208",70.14717,-130.18729,147.882912929632,1.24928644994176,2.06501348671445,5.46745827040689,270.17587,-22.408827,19.2264003753662,17.6905994415283,16.7513008117676,16.1844997406006,15.8752002716064,17.393793,18.653236,16.229883,-2.82208118581025,-3.33844038150118,1,1,-999,"False",72921.8161290222,-125057.588451613,1,70147.17,-130187.29,NA,"P",0.310385707964602,-0.576049955752212
19,"4070747188285985920",80.15914,102.0194,129.743769414564,3.46602335778434,4.04641344003569,5.70279522492824,270.2204,-21.420055,17.5125007629395,16.4934997558594,15.9976997375488,15.7082996368408,15.5480003356934,16.45732,17.26423,15.597615,-2.03483720520182,-12.0718694772023,1,1,-999,"False",82985.5961290242,98404.8835483863,1,80159.14,102019.4,NA,"P",0.354686460176991,0.451413274336283
20,"4070773817080178560",8.57585,113.65373,113.97682021418,3.25138070560984,4.63707574996671,4.89749026282271,270.17014,-21.897993,14.9315004348755,14.3871002197266,14.1408004760742,14.0138998031616,13.9358997344971,14.387402,14.860154,13.753561,-0.0688143450664145,-2.93969946392061,1,NA,NA,"",71626.8361290287,-9609.10445161333,0,68565.72,-9980.55,NA,"P",0.30338814159292,-0.0441617256637168
21,"4069943312163009536",68.56572,-9.98055,69.2883059211358,3.91029960118603,2.99704603904143,0.913253562144598,269.89258,-21.36974,15.5537004470825,14.9425001144409,14.6772003173828,14.5319995880127,14.4456996917725,14.953457,15.446507,14.271867,2.10412985744103,-3.53055234696342,1,NA,NA,"",8898.27612903002,109776.073548387,0,8575.85,113653.73,NA,"P",0.0379462389380531,0.502892610619469
NA,"Sky-A1-1",-226.46104,82.44066,NA,NA,NA,NA,268.8392496,-21.508914372,NA,NA,NA,NA,NA,NA,NA,NA,NA,NA,NA,NA,NA,"",NA,NA,NA,-226461.04,82440.66,1,"S",-1.00204,0.364781681415929
NA,"Sky-A1-2",-222.23219,93.24117,NA,NA,NA,NA,268.8584752,-21.464034572,NA,NA,NA,NA,NA,NA,NA,NA,NA,NA,NA,NA,NA,"",NA,NA,NA,-222232.19,93241.17,1,"S",-0.983328274336283,0.412571548672566
NA,"Sky-A1-3",-217.48859,103.8257,NA,NA,NA,NA,268.8799877,-21.420064465,NA,NA,NA,NA,NA,NA,NA,NA,NA,NA,NA,NA,NA,"",NA,NA,NA,-217488.59,103825.7,1,"S",-0.96233889380531,0.459405752212389
NA,"Sky-A1-4",-212.24121,114.16975,NA,NA,NA,NA,268.9037357,-21.377105141,NA,NA,NA,NA,NA,NA,NA,NA,NA,NA,NA,NA,NA,"",NA,NA,NA,-212241.21,114169.75,1,"S",-0.939120398230089,0.505175884955752
NA,"Sky-A1-5",-206.50222,124.24934,NA,NA,NA,NA,268.9296629,-21.33525544,NA,NA,NA,NA,NA,NA,NA,NA,NA,NA,NA,NA,NA,"",NA,NA,NA,-206502.22,124249.34,1,"S",-0.913726637168142,0.549775840707965
NA,"Sky-A1-6",-200.2849,134.04112,NA,NA,NA,NA,268.957708,-21.294611505,NA,NA,NA,NA,NA,NA,NA,NA,NA,NA,NA,NA,NA,"",NA,NA,NA,-200284.9,134041.12,1,"S",-0.886216371681416,0.593102300884956
NA,"Sky-A1-7",-193.60365,143.52243,NA,NA,NA,NA,268.9878051,-21.255266546,NA,NA,NA,NA,NA,NA,NA,NA,NA,NA,NA,NA,NA,"",NA,NA,NA,-193603.65,143522.43,1,"S",-0.856653318584071,0.635055
NA,"Sky-A2-1",-3.01251,240.9813,NA,NA,NA,NA,269.8398099,-20.851568478,NA,NA,NA,NA,NA,NA,NA,NA,NA,NA,NA,NA,NA,"",NA,NA,NA,-3012.51,240981.3,1,"S",-0.0133296902654867,1.0662889380531
NA,"Sky-A2-2",8.5856,240.84715,NA,NA,NA,NA,269.8915102,-20.852141432,NA,NA,NA,NA,NA,NA,NA,NA,NA,NA,NA,NA,NA,"",NA,NA,NA,8585.6,240847.15,1,"S",0.0379893805309735,1.0656953539823
NA,"Sky-A2-3",20.16382,240.15512,NA,NA,NA,NA,269.9431218,-20.855023662,NA,NA,NA,NA,NA,NA,NA,NA,NA,NA,NA,NA,NA,"",NA,NA,NA,20163.82,240155.12,1,"S",0.0892204424778761,1.06263327433628
NA,"Sky-A2-4",31.69534,238.90682,NA,NA,NA,NA,269.9945276,-20.860208475,NA,NA,NA,NA,NA,NA,NA,NA,NA,NA,NA,NA,NA,"",NA,NA,NA,31695.34,238906.82,1,"S",0.140244867256637,1.05710982300885
NA,"Sky-A2-5",43.15344,237.10513,NA,NA,NA,NA,270.0456105,-20.867684002,NA,NA,NA,NA,NA,NA,NA,NA,NA,NA,NA,NA,NA,"",NA,NA,NA,43153.44,237105.13,1,"S",0.190944424778761,1.04913774336283
NA,"Sky-A2-6",54.51158,234.75423,NA,NA,NA,NA,270.0962545,-20.877433089,NA,NA,NA,NA,NA,NA,NA,NA,NA,NA,NA,NA,NA,"",NA,NA,NA,54511.58,234754.23,1,"S",0.241201681415929,1.03873553097345
NA,"Sky-A2-7",65.74346,231.85957,NA,NA,NA,NA,270.1463443,-20.889433411,NA,NA,NA,NA,NA,NA,NA,NA,NA,NA,NA,NA,NA,"",NA,NA,NA,65743.46,231859.57,1,"S",0.290900265486726,1.02592730088496
NA,"Sky-A3-1",231.67752,66.38214,NA,NA,NA,NA,270.8903724,-21.575943665,NA,NA,NA,NA,NA,NA,NA,NA,NA,NA,NA,NA,NA,"",NA,NA,NA,231677.52,66382.14,1,"S",1.0251217699115,0.293726283185841
NA,"Sky-A3-2",234.60313,55.15828,NA,NA,NA,NA,270.9037773,-21.622590546,NA,NA,NA,NA,NA,NA,NA,NA,NA,NA,NA,NA,NA,"",NA,NA,NA,234603.13,55158.28,1,"S",1.03806694690265,0.244063185840708
NA,"Sky-A3-3",236.98531,43.80666,NA,NA,NA,NA,270.9147607,-21.669780658,NA,NA,NA,NA,NA,NA,NA,NA,NA,NA,NA,NA,NA,"",NA,NA,NA,236985.31,43806.66,1,"S",1.04860756637168,0.193834778761062
NA,"Sky-A3-4",238.81857,32.35357,NA,NA,NA,NA,270.9232953,-21.717405242,NA,NA,NA,NA,NA,NA,NA,NA,NA,NA,NA,NA,NA,"",NA,NA,NA,238818.57,32353.57,1,"S",1.05671933628319,0.143157389380531
NA,"Sky-A3-5",240.09865,20.82553,NA,NA,NA,NA,270.9293591,-21.76535447,NA,NA,NA,NA,NA,NA,NA,NA,NA,NA,NA,NA,NA,"",NA,NA,NA,240098.65,20825.53,1,"S",1.06238340707965,0.0921483628318584
NA,"Sky-A3-6",240.82258,9.24926,NA,NA,NA,NA,270.9329359,-21.813517569,NA,NA,NA,NA,NA,NA,NA,NA,NA,NA,NA,NA,NA,"",NA,NA,NA,240822.58,9249.26,1,"S",1.06558663716814,0.0409259292035398
NA,"Sky-A3-7",240.98869,2.34844,NA,NA,NA,NA,270.9338795,-21.842234834,NA,NA,NA,NA,NA,NA,NA,NA,NA,NA,NA,NA,NA,"",NA,NA,NA,240988.69,2348.44,1,"S",1.06632163716814,0.0103913274336283
NA,"Sky-A4-1",210.21182,-117.86456,NA,NA,NA,NA,270.7989659,-22.343293217,NA,NA,NA,NA,NA,NA,NA,NA,NA,NA,NA,NA,NA,"",NA,NA,NA,210211.82,-117864.56,1,"S",0.930140796460177,-0.521524601769911
NA,"Sky-A4-2",204.2974,-127.84223,NA,NA,NA,NA,270.7726134,-22.384952349,NA,NA,NA,NA,NA,NA,NA,NA,NA,NA,NA,NA,NA,"",NA,NA,NA,204297.4,-127842.23,1,"S",0.903970796460177,-0.565673584070796
NA,"Sky-A4-3",197.90977,-137.52377,NA,NA,NA,NA,270.7441094,-22.425386108,NA,NA,NA,NA,NA,NA,NA,NA,NA,NA,NA,NA,NA,"",NA,NA,NA,197909.77,-137523.77,1,"S",0.875706946902655,-0.608512256637168
NA,"Sky-A4-4",191.06371,-146.88677,NA,NA,NA,NA,270.7135189,-22.464500023,NA,NA,NA,NA,NA,NA,NA,NA,NA,NA,NA,NA,NA,"",NA,NA,NA,191063.71,-146886.77,1,"S",0.845414646017699,-0.649941460176991
NA,"Sky-A4-5",183.77509,-155.90952,NA,NA,NA,NA,270.6809118,-22.502202476,NA,NA,NA,NA,NA,NA,NA,NA,NA,NA,NA,NA,NA,"",NA,NA,NA,183775.09,-155909.52,1,"S",0.813164115044248,-0.689865132743363
NA,"Sky-A4-6",176.06079,-164.57115,NA,NA,NA,NA,270.6463629,-22.538405285,NA,NA,NA,NA,NA,NA,NA,NA,NA,NA,NA,NA,NA,"",NA,NA,NA,176060.79,-164571.15,1,"S",0.779030044247788,-0.72819092920354
NA,"Sky-A4-7",167.93867,-172.85157,NA,NA,NA,NA,270.6099517,-22.573023486,NA,NA,NA,NA,NA,NA,NA,NA,NA,NA,NA,NA,NA,"",NA,NA,NA,167938.67,-172851.57,1,"S",0.743091460176991,-0.764829955752212
NA,"Sky-A5-1",-148.4702,-189.83588,NA,NA,NA,NA,269.1835495,-22.644288937,NA,NA,NA,NA,NA,NA,NA,NA,NA,NA,NA,NA,NA,"",NA,NA,NA,-148470.2,-189835.88,1,"S",-0.656947787610619,-0.839981769911504
NA,"Sky-A5-2",-157.43205,-182.47249,NA,NA,NA,NA,269.1432678,-22.613489335,NA,NA,NA,NA,NA,NA,NA,NA,NA,NA,NA,NA,NA,"",NA,NA,NA,-157432.05,-182472.49,1,"S",-0.696601991150442,-0.807400398230088
NA,"Sky-A5-3",-166.02924,-174.68645,NA,NA,NA,NA,269.1046547,-22.580926855,NA,NA,NA,NA,NA,NA,NA,NA,NA,NA,NA,NA,NA,"",NA,NA,NA,-166029.24,-174686.45,1,"S",-0.734642654867257,-0.77294889380531
NA,"Sky-A5-4",-174.24185,-166.49577,NA,NA,NA,NA,269.0677999,-22.546677841,NA,NA,NA,NA,NA,NA,NA,NA,NA,NA,NA,NA,NA,"",NA,NA,NA,-174241.85,-166495.77,1,"S",-0.770981637168142,-0.736706946902655
NA,"Sky-A5-5",-182.05086,-157.91943,NA,NA,NA,NA,269.0327889,-22.510822683,NA,NA,NA,NA,NA,NA,NA,NA,NA,NA,NA,NA,NA,"",NA,NA,NA,-182050.86,-157919.43,1,"S",-0.805534778761062,-0.698758539823009
NA,"Sky-A5-6",-189.43818,-148.97731,NA,NA,NA,NA,268.9997025,-22.473445523,NA,NA,NA,NA,NA,NA,NA,NA,NA,NA,NA,NA,NA,"",NA,NA,NA,-189438.18,-148977.31,1,"S",-0.83822203539823,-0.659191637168142
NA,"Sky-A5-7",-196.38671,-139.6901,NA,NA,NA,NA,268.968617,-22.434633861,NA,NA,NA,NA,NA,NA,NA,NA,NA,NA,NA,NA,NA,"",NA,NA,NA,-196386.71,-139690.1,1,"S",-0.868967743362832,-0.61809778761062
NA,"Sky-H1-1",-181.17025,158.92893,NA,NA,NA,NA,269.0437244,-21.191355537,NA,NA,NA,NA,NA,NA,NA,NA,NA,NA,NA,NA,NA,"",NA,NA,NA,-181170.25,158928.93,1,"S",-0.801638274336283,0.703225353982301
NA,"Sky-H1-2",-173.31368,167.46173,NA,NA,NA,NA,269.0790105,-21.155970747,NA,NA,NA,NA,NA,NA,NA,NA,NA,NA,NA,NA,NA,"",NA,NA,NA,-173313.68,167461.73,1,"S",-0.766874690265487,0.74098110619469
NA,"Sky-H1-3",-165.05567,175.60663,NA,NA,NA,NA,269.1160656,-21.122202712,NA,NA,NA,NA,NA,NA,NA,NA,NA,NA,NA,NA,NA,"",NA,NA,NA,-165055.67,175606.63,1,"S",-0.73033482300885,0.777020486725664
NA,"Sky-H1-4",-156.41534,183.34477,NA,NA,NA,NA,269.1548041,-21.090128662,NA,NA,NA,NA,NA,NA,NA,NA,NA,NA,NA,NA,NA,"",NA,NA,NA,-156415.34,183344.77,1,"S",-0.692103274336283,0.811260044247788
NA,"Sky-H1-5",-147.4127,190.65822,NA,NA,NA,NA,269.1951364,-21.059821954,NA,NA,NA,NA,NA,NA,NA,NA,NA,NA,NA,NA,NA,"",NA,NA,NA,-147412.7,190658.22,1,"S",-0.652268584070796,0.843620442477876
NA,"Sky-H1-6",-138.06861,197.53006,NA,NA,NA,NA,269.2369695,-21.031351755,NA,NA,NA,NA,NA,NA,NA,NA,NA,NA,NA,NA,NA,"",NA,NA,NA,-138068.61,197530.06,1,"S",-0.610923053097345,0.874026814159292
NA,"Sky-H1-7",-128.4047,203.94434,NA,NA,NA,NA,269.2802071,-21.004783205,NA,NA,NA,NA,NA,NA,NA,NA,NA,NA,NA,NA,NA,"",NA,NA,NA,-128404.7,203944.34,1,"S",-0.568162389380531,0.902408584070796
NA,"Sky-H1-8",-118.44464,209.88551,NA,NA,NA,NA,269.3247443,-20.980179807,NA,NA,NA,NA,NA,NA,NA,NA,NA,NA,NA,NA,NA,"",NA,NA,NA,-118444.64,209885.51,1,"S",-0.524091327433628,0.928696946902655
NA,"Sky-H2-1",-100.81652,218.89973,NA,NA,NA,NA,269.4035157,-20.942861588,NA,NA,NA,NA,NA,NA,NA,NA,NA,NA,NA,NA,NA,"",NA,NA,NA,-100816.52,218899.73,1,"S",-0.446090796460177,0.968582876106195
NA,"Sky-H2-2",-90.16757,223.49692,NA,NA,NA,NA,269.4510721,-20.923835567,NA,NA,NA,NA,NA,NA,NA,NA,NA,NA,NA,NA,NA,"",NA,NA,NA,-90167.57,223496.92,1,"S",-0.398971548672566,0.988924424778761
NA,"Sky-H2-3",-79.30977,227.57641,NA,NA,NA,NA,269.4995426,-20.906956275,NA,NA,NA,NA,NA,NA,NA,NA,NA,NA,NA,NA,NA,"",NA,NA,NA,-79309.77,227576.41,1,"S",-0.350928185840708,1.00697526548673
NA,"Sky-H2-4",-68.26826,231.12877,NA,NA,NA,NA,269.5488166,-20.892262043,NA,NA,NA,NA,NA,NA,NA,NA,NA,NA,NA,NA,NA,"",NA,NA,NA,-68268.26,231128.77,1,"S",-0.302071946902655,1.02269367256637
NA,"Sky-H2-5",-57.06862,234.14576,NA,NA,NA,NA,269.5987817,-20.879786329,NA,NA,NA,NA,NA,NA,NA,NA,NA,NA,NA,NA,NA,"",NA,NA,NA,-57068.62,234145.76,1,"S",-0.252516017699115,1.03604318584071
NA,"Sky-H2-6",-45.73679,236.62039,NA,NA,NA,NA,269.649324,-20.869557482,NA,NA,NA,NA,NA,NA,NA,NA,NA,NA,NA,NA,NA,"",NA,NA,NA,-45736.79,236620.39,1,"S",-0.20237517699115,1.04699287610619
NA,"Sky-H2-7",-34.29902,238.54693,NA,NA,NA,NA,269.7003286,-20.861598711,NA,NA,NA,NA,NA,NA,NA,NA,NA,NA,NA,NA,NA,"",NA,NA,NA,-34299.02,238546.93,1,"S",-0.151765575221239,1.05551738938053
NA,"Sky-H2-8",-22.78326,239.92079,NA,NA,NA,NA,269.7516727,-20.855928578,NA,NA,NA,NA,NA,NA,NA,NA,NA,NA,NA,NA,NA,"",NA,NA,NA,-22783.26,239920.79,1,"S",-0.100810884955752,1.0615964159292
NA,"Sky-H3-1",184.61356,154.91577,NA,NA,NA,NA,270.6778173,-21.208395159,NA,NA,NA,NA,NA,NA,NA,NA,NA,NA,NA,NA,NA,"",NA,NA,NA,184613.56,154915.77,1,"S",0.816874159292035,0.685468008849557
NA,"Sky-H3-2",191.8534,145.85382,NA,NA,NA,NA,270.7103485,-21.245984972,NA,NA,NA,NA,NA,NA,NA,NA,NA,NA,NA,NA,NA,"",NA,NA,NA,191853.4,145853.82,1,"S",0.848908849557522,0.645370884955752
NA,"Sky-H3-3",198.64884,136.45402,NA,NA,NA,NA,270.7409172,-21.284983281,NA,NA,NA,NA,NA,NA,NA,NA,NA,NA,NA,NA,NA,"",NA,NA,NA,198648.84,136454.02,1,"S",0.878977168141593,0.603778849557522
NA,"Sky-H3-4",204.98415,126.73816,NA,NA,NA,NA,270.7694523,-21.325300647,NA,NA,NA,NA,NA,NA,NA,NA,NA,NA,NA,NA,NA,"",NA,NA,NA,204984.15,126738.16,1,"S",0.907009513274336,0.560788318584071
NA,"Sky-H3-5",210.84465,116.72873,NA,NA,NA,NA,270.7958868,-21.366844681,NA,NA,NA,NA,NA,NA,NA,NA,NA,NA,NA,NA,NA,"",NA,NA,NA,210844.65,116728.73,1,"S",0.93294092920354,0.516498805309734
NA,"Sky-H3-6",216.21677,106.44891,NA,NA,NA,NA,270.8201585,-21.40952009,NA,NA,NA,NA,NA,NA,NA,NA,NA,NA,NA,NA,NA,"",NA,NA,NA,216216.77,106448.91,1,"S",0.956711371681416,0.471012876106195
NA,"Sky-H3-7",221.08806,95.92253,NA,NA,NA,NA,270.8422102,-21.453228824,NA,NA,NA,NA,NA,NA,NA,NA,NA,NA,NA,NA,NA,"",NA,NA,NA,221088.06,95922.53,1,"S",0.978265752212389,0.424435973451327
NA,"Sky-H3-8",225.44672,85.17533,NA,NA,NA,NA,270.8619871,-21.497864835,NA,NA,NA,NA,NA,NA,NA,NA,NA,NA,NA,NA,NA,"",NA,NA,NA,225446.72,85175.33,1,"S",0.99755185840708,0.376881991150442
NA,"Sky-H4-1",239.9828,-22.12059,NA,NA,NA,NA,270.9300753,-21.94409992,NA,NA,NA,NA,NA,NA,NA,NA,NA,NA,NA,NA,NA,"",NA,NA,NA,239982.8,-22120.59,1,"S",1.06187079646018,-0.0978787168141593
NA,"Sky-H4-2",238.64054,-33.64155,NA,NA,NA,NA,270.9243854,-21.992083265,NA,NA,NA,NA,NA,NA,NA,NA,NA,NA,NA,NA,NA,"",NA,NA,NA,238640.54,-33641.55,1,"S",1.05593159292035,-0.148856415929204
NA,"Sky-H4-3",236.74552,-45.08459,NA,NA,NA,NA,270.9162091,-22.039755815,NA,NA,NA,NA,NA,NA,NA,NA,NA,NA,NA,NA,NA,"",NA,NA,NA,236745.52,-45084.59,1,"S",1.04754654867257,-0.199489336283186
NA,"Sky-H4-4",234.30213,-56.42319,NA,NA,NA,NA,270.9055631,-22.087006907,NA,NA,NA,NA,NA,NA,NA,NA,NA,NA,NA,NA,NA,"",NA,NA,NA,234302.13,-56423.19,1,"S",1.03673508849558,-0.249660132743363
NA,"Sky-H4-5",231.31601,-67.6311,NA,NA,NA,NA,270.8924696,-22.133726878,NA,NA,NA,NA,NA,NA,NA,NA,NA,NA,NA,NA,NA,"",NA,NA,NA,231316.01,-67631.1,1,"S",1.02352216814159,-0.299252654867257
NA,"Sky-H4-6",227.79409,-78.68236,NA,NA,NA,NA,270.8769569,-22.179807143,NA,NA,NA,NA,NA,NA,NA,NA,NA,NA,NA,NA,NA,"",NA,NA,NA,227794.09,-78682.36,1,"S",1.00793845132743,-0.34815203539823
NA,"Sky-H4-7",223.74453,-89.55136,NA,NA,NA,NA,270.8590589,-22.225140459,NA,NA,NA,NA,NA,NA,NA,NA,NA,NA,NA,NA,NA,"",NA,NA,NA,223744.53,-89551.36,1,"S",0.990020044247788,-0.396244955752212
NA,"Sky-H4-8",219.17732,-100.21161,NA,NA,NA,NA,270.8388177,-22.269615789,NA,NA,NA,NA,NA,NA,NA,NA,NA,NA,NA,NA,NA,"",NA,NA,NA,219177.32,-100211.61,1,"S",0.969811150442478,-0.443414203539823
NA,"Sky-H5-1",41.83481,-237.34134,NA,NA,NA,NA,270.0420598,-22.842982055,NA,NA,NA,NA,NA,NA,NA,NA,NA,NA,NA,NA,NA,"",NA,NA,NA,41834.81,-237341.34,1,"S",0.185109778761062,-1.05018292035398
NA,"Sky-H5-2",30.36687,-239.07931,NA,NA,NA,NA,269.9902897,-22.850273262,NA,NA,NA,NA,NA,NA,NA,NA,NA,NA,NA,NA,NA,"",NA,NA,NA,30366.87,-239079.31,1,"S",0.134366681415929,-1.05787305309735
NA,"Sky-H5-3",18.8286,-240.26349,NA,NA,NA,NA,269.9381943,-22.855245423,NA,NA,NA,NA,NA,NA,NA,NA,NA,NA,NA,NA,NA,"",NA,NA,NA,18828.6,-240263.49,1,"S",0.083312389380531,-1.06311278761062
NA,"Sky-H5-4",7.2467,-240.89115,NA,NA,NA,NA,269.8858964,-22.85788675,NA,NA,NA,NA,NA,NA,NA,NA,NA,NA,NA,NA,NA,"",NA,NA,NA,7246.7,-240891.15,1,"S",0.0320650442477876,-1.06589004424779
NA,"Sky-H5-5",-4.35197,-240.96083,NA,NA,NA,NA,269.8335197,-22.85819088,NA,NA,NA,NA,NA,NA,NA,NA,NA,NA,NA,NA,NA,"",NA,NA,NA,-4351.97,-240960.83,1,"S",-0.0192565044247788,-1.06619836283186
NA,"Sky-H5-6",-15.94057,-240.47237,NA,NA,NA,NA,269.7811879,-22.856156997,NA,NA,NA,NA,NA,NA,NA,NA,NA,NA,NA,NA,NA,"",NA,NA,NA,-15940.57,-240472.37,1,"S",-0.0705334955752212,-1.06403703539823
NA,"Sky-H5-7",-27.49224,-239.4269,NA,NA,NA,NA,269.7290248,-22.851789789,NA,NA,NA,NA,NA,NA,NA,NA,NA,NA,NA,NA,NA,"",NA,NA,NA,-27492.24,-239426.9,1,"S",-0.121647079646018,-1.0594110619469
NA,"Sky-H5-8",-38.97879,-237.82707,NA,NA,NA,NA,269.67716,-22.845100417,NA,NA,NA,NA,NA,NA,NA,NA,NA,NA,NA,NA,NA,"",NA,NA,NA,-38978.79,-237827.07,1,"S",-0.172472522123894,-1.05233216814159
NA,"Sky-H6-1",-58.36925,-233.82492,NA,NA,NA,NA,269.5896239,-22.828357062,NA,NA,NA,NA,NA,NA,NA,NA,NA,NA,NA,NA,NA,"",NA,NA,NA,-58369.25,-233824.92,1,"S",-0.258271017699115,-1.03462353982301
NA,"Sky-H6-2",-69.55194,-230.74573,NA,NA,NA,NA,269.5391547,-22.815471875,NA,NA,NA,NA,NA,NA,NA,NA,NA,NA,NA,NA,NA,"",NA,NA,NA,-69551.94,-230745.73,1,"S",-0.307751946902655,-1.02099880530973
NA,"Sky-H6-3",-80.57354,-227.13205,NA,NA,NA,NA,269.4894255,-22.800348846,NA,NA,NA,NA,NA,NA,NA,NA,NA,NA,NA,NA,NA,"",NA,NA,NA,-80573.54,-227132.05,1,"S",-0.356520088495575,-1.00500907079646
NA,"Sky-H6-4",-91.4085,-222.99226,NA,NA,NA,NA,269.4405537,-22.783023586,NA,NA,NA,NA,NA,NA,NA,NA,NA,NA,NA,NA,NA,"",NA,NA,NA,-91408.5,-222992.26,1,"S",-0.404462389380531,-0.986691415929204
NA,"Sky-H6-5",-102.03172,-218.33596,NA,NA,NA,NA,269.3926544,-22.763536898,NA,NA,NA,NA,NA,NA,NA,NA,NA,NA,NA,NA,NA,"",NA,NA,NA,-102031.72,-218335.96,1,"S",-0.45146778761062,-0.966088318584071
NA,"Sky-H6-6",-112.41861,-213.17391,NA,NA,NA,NA,269.3458401,-22.741934521,NA,NA,NA,NA,NA,NA,NA,NA,NA,NA,NA,NA,NA,"",NA,NA,NA,-112418.61,-213173.91,1,"S",-0.497427477876106,-0.943247389380531
NA,"Sky-H6-7",-122.54511,-207.51809,NA,NA,NA,NA,269.3002208,-22.718267362,NA,NA,NA,NA,NA,NA,NA,NA,NA,NA,NA,NA,NA,"",NA,NA,NA,-122545.11,-207518.09,1,"S",-0.542235,-0.918221637168142
NA,"Sky-H6-8",-132.38652,-201.3824,NA,NA,NA,NA,269.2559091,-22.692594429,NA,NA,NA,NA,NA,NA,NA,NA,NA,NA,NA,NA,NA,"",NA,NA,NA,-132386.52,-201382.4,1,"S",-0.585781061946903,-0.891072566371681
NA,"Sky-H7-1",-207.18967,-123.09956,NA,NA,NA,NA,268.9203732,-22.365321763,NA,NA,NA,NA,NA,NA,NA,NA,NA,NA,NA,NA,NA,"",NA,NA,NA,-207189.67,-123099.56,1,"S",-0.916768451327434,-0.544688318584071
NA,"Sky-H7-2",-212.87255,-112.98823,NA,NA,NA,NA,268.8950478,-22.323091641,NA,NA,NA,NA,NA,NA,NA,NA,NA,NA,NA,NA,NA,"",NA,NA,NA,-212872.55,-112988.23,1,"S",-0.941913938053097,-0.499947920353982
NA,"Sky-H7-3",-218.06235,-102.61518,NA,NA,NA,NA,268.8719622,-22.279778859,NA,NA,NA,NA,NA,NA,NA,NA,NA,NA,NA,NA,NA,"",NA,NA,NA,-218062.35,-102615.18,1,"S",-0.964877654867257,-0.454049469026549
NA,"Sky-H7-4",-222.74704,-92.00444,NA,NA,NA,NA,268.8511684,-22.235484605,NA,NA,NA,NA,NA,NA,NA,NA,NA,NA,NA,NA,NA,"",NA,NA,NA,-222747.04,-92004.44,1,"S",-0.985606371681416,-0.407099292035398
NA,"Sky-H7-5",-226.91579,-81.18059,NA,NA,NA,NA,268.8327129,-22.190312274,NA,NA,NA,NA,NA,NA,NA,NA,NA,NA,NA,NA,NA,"",NA,NA,NA,-226915.79,-81180.59,1,"S",-1.00405216814159,-0.359206150442478
NA,"Sky-H7-6",-230.55892,-70.1687,NA,NA,NA,NA,268.8166367,-22.14436722,NA,NA,NA,NA,NA,NA,NA,NA,NA,NA,NA,NA,NA,"",NA,NA,NA,-230558.92,-70168.7,1,"S",-1.02017221238938,-0.310480973451327
NA,"Sky-H7-7",-233.66801,-58.99428,NA,NA,NA,NA,268.8029752,-22.097756525,NA,NA,NA,NA,NA,NA,NA,NA,NA,NA,NA,NA,NA,"",NA,NA,NA,-233668.01,-58994.28,1,"S",-1.03392924778761,-0.261036637168142
NA,"Sky-H7-8",-236.23556,-47.68464,NA,NA,NA,NA,268.7917591,-22.050594673,NA,NA,NA,NA,NA,NA,NA,NA,NA,NA,NA,NA,NA,"",NA,NA,NA,-236235.56,-47684.64,1,"S",-1.04529008849558,-0.210993982300885
