#OBSTEMP,8
#CONFIGTEMP,19
#EQUINOX,J2000.0
#CENTRE,17 59 26.87,-21 51 51.4 #Field centre
#UTTIME,14 00 00.00 #Target observing time
#UTDATE,2021 07 10 #Target observing date
#PLATEID,a test_plateID
#LABEL,270_m20_comissioning Tile 000
#TILING_DATE,2021 06 15 # Date the tile was created/configured
#PROXIMITY,220 # tiling proximity value in arcseconds
"probe","ID","x","y","rads","angs","azAngs","angs_azAng","RA","DEC","g_mag","r_mag","i_mag","z_mag","y_mag","GAIA_g_mag","GAIA_bp_mag","GAIA_rp_mag","pmRA","pmDEC","priority","remaining_observations","Tile_number","COMPLETED","MagnetX_noDC","MagnetY_noDC","type","MagnetX","MagnetY","SkyFibrePosition","fibre_type","fraction_plate_radius_X","fraction_plate_radius_Y"
1,"4070780933851378560",-82.52071,104.09121,132.833156923142,-0.321281256357446,-0.900477599152731,0.579196342795285,269.4841,-21.420065,18.7784004211426,17.3101997375488,16.4580001831055,15.9764995574951,15.6541996002197,17.074425,18.172087,15.916091,-0.0959239429901214,-3.83047986295964,1,1,-999,"False",-85401.701818175,100389.713636363,1,-82520.71,104091.21,NA,"P",-0.365135884955752,0.460580575221239
2,"4070719837934144768",54.25351,61.62183,82.1017251942308,3.48995889480337,3.99049365387398,5.78265054810898,270.112,-21.600073,17.346700668335,16.4409008026123,15.9843997955322,15.724100112915,15.5436000823975,16.421085,17.133904,15.577789,-0.225023172918313,-1.99074931334526,1,1,-999,"False",56503.6981818275,59707.9056363638,1,54253.51,61621.83,NA,"P",0.240059778761062,0.27266296460177
3,"4069484609649191808",80.85693,-172.61842,190.617318343117,0.583510885959345,2.00885759525834,4.85783859788059,270.23135,-22.59197,18.5743007659912,16.2119007110596,14.753999710083,13.9061002731323,13.3347997665405,15.428352,17.485,14.057334,0.495285646934257,-2.74423240330462,1,1,-999,"False",83476.7981818269,-164460.816363637,1,80856.93,-172618.42,NA,"P",0.357774026548673,-0.763798318584071
4,"4070320856983949440",-24.43722,-21.07864,32.2720743922358,1.68948750756776,0.711742427078469,0.977745080489293,269.7486,-21.954927,19.1919002532959,17.6730995178223,16.7961006164551,16.1949005126953,15.8460998535156,17.394695,18.647055,16.242481,-1.12337767183122,-1.95698682832114,1,1,-999,"False",-25624.7018181754,-20489.0983636369,1,-24437.22,-21078.64,NA,"P",-0.108129292035398,-0.0932683185840708
5,"4070795777285798144",-55.77936,170.09083,179.003428604311,0.38734916441701,-1.25390880446848,1.64125796888549,269.60892,-21.144258,16.3127994537354,15.4942998886108,15.0896997451782,14.9069995880127,14.7449998855591,15.472328,16.111563,14.680038,-5.86145528410854,-6.24531807496395,1,1,-999,"False",-57192.381818175,162722.095636363,1,-55779.36,170090.83,NA,"P",-0.246811327433628,0.752614292035398
6,"4070393008099996928",-153.58685,21.83035,155.130540752119,-1.13787695269578,-0.141191089764254,5.28649944424806,269.15912,-21.769964,15.4019002914429,14.7628002166748,14.4743003845215,14.2804002761841,14.1805000305176,14.7628565,15.285738,13.9996,3.01662181498721,0.0802607590204015,1,1,-999,"False",-158847.181818184,21312.539636363,1,-153586.85,21830.35,NA,"P",-0.679587831858407,0.0965944690265487
7,"4070595215159844352",-155.97607,95.60052,182.942597108807,2.80620090210305,-0.549863825119873,3.35606472722292,269.15335,-21.458487,18.5900001525879,17.2879009246826,16.5209007263184,16.0412998199463,15.7679996490479,17.079142,18.149948,15.976203,2.94924068529683,-7.26869179238288,1,1,-999,"False",-160151.20181818,91706.341636363,1,-155976.07,95600.52,NA,"P",-0.690159601769911,0.423011150442478
8,"4070793234643755904",-56.3004,153.37342,163.380356844562,3.25431097006628,-1.21898674448333,4.4732977145496,269.60568,-21.213085,19.3624000549316,17.7492008209229,16.7856998443604,16.1436004638672,15.7658004760742,17.381708,18.718784,16.047297,-0.807654044642515,-0.835746313378629,1,1,-999,"False",-57924.6218181762,147167.193636364,1,-56300.4,153373.42,NA,"P",-0.249116814159292,0.678643451327434
9,"4069959255083022592",183.76869,12.5088,184.193923628756,4.60914388093015,3.20955599716772,1.39958788376243,270.69824,-21.809355,17.7632007598877,16.1135005950928,15.112099647522,14.4467000961304,13.9778995513916,15.72762,17.166794,14.507741,-0.252000830779802,-1.53202079782404,1,1,-999,"False",188993.938181822,12410.1736363634,1,183768.69,12508.8,NA,"P",0.813135796460177,0.0553486725663717
10,"4070761756811737344",-50.542,43.92501,66.9619314797602,-0.179721282158053,-0.715466872697484,0.535745590539431,269.62863,-21.675625,18.3852005004883,17.2007999420166,16.5765991210938,16.2119998931885,15.9979000091553,17.121647,18.06723,16.15977,0.240599211573853,-2.50649268923252,1,1,-999,"False",-52737.9218181807,42633.1536363634,1,-50542,43925.01,NA,"P",-0.223637168141593,0.194358451327434
11,"4069876860425258496",193.50437,-72.11899,206.506876223812,4.61906385364289,2.78484034732531,1.83422350631758,270.74057,-22.16523,18.6650009155273,17.3803005218506,16.6394004821777,16.1408996582031,15.8512001037598,17.175467,18.231699,16.122086,-0.892741692640376,-2.79448958094991,1,1,-999,"False",198560.51818182,-68017.5763636368,1,193504.37,-72118.99,NA,"P",0.856214026548673,-0.319110575221239
12,"4070799586887151616",68.66465,151.21501,166.074722365936,2.63887161289207,4.28614216418719,4.63591475588447,270.17444,-21.222593,17.7789993286133,16.8206005096436,16.3281993865967,16.1021995544434,15.8922996520996,16.789066,17.559778,15.91556,1.13271309957853,0.674249887205054,1,1,-999,"False",70615.1381818232,145018.385636363,1,68664.65,151215.01,NA,"P",0.303825884955752,0.66909296460177
13,"4070338758407874048",-43.26937,23.5609,49.2681884080073,-0.199190532027337,-0.498623735548882,0.299433203521545,269.6618,-21.762901,18.2026996612549,16.9965000152588,16.3141994476318,15.8886995315552,15.5769996643066,16.84323,17.83254,15.831986,-1.18348582112323,-2.08650181791756,1,1,-999,"False",-45241.5018181714,22908.7776363636,1,-43269.37,23560.9,NA,"P",-0.191457389380531,0.104251769911504
14,"4070699634404718464",24.82124,27.32109,36.9125441269726,1.47312478885447,3.97489694861233,3.78141314742173,269.97693,-21.74672,18.5897006988525,17.0891990661621,16.2828006744385,15.7583999633789,15.456600189209,16.878086,18.068506,15.6746645,-1.610143919845,-4.66154769870566,1,1,-999,"False",25977.8781818181,26565.6836363635,1,24821.24,27321.09,NA,"P",0.109828495575221,0.120889778761062
15,"4069935954860681984",60.88574,-58.39296,84.3611943544495,1.2223535204514,2.37709023419499,5.12844859343599,270.14343,-22.114115,18.5268001556396,17.1417007446289,16.3808002471924,15.9163999557495,15.589599609375,16.954752,18.076553,15.890055,1.22335860057494,-3.06405026383267,1,1,-999,"False",63606.8781818276,-56465.586363637,1,60885.74,-58392.96,NA,"P",0.26940592920354,-0.25837592920354
16,"4070280308159718144",-65.74984,-120.10316,136.922644226626,2.12643161552624,1.06991706481301,1.05651455071323,269.55917,-22.375439,16.8173999786377,15.9993000030518,15.5957002639771,15.3480997085571,15.2026996612549,15.975429,16.64899,15.185843,-0.647871845398346,1.41757078871267,1,1,-999,"False",-68435.8818181789,-115524.810363637,1,-65749.84,-120103.16,NA,"P",-0.290928495575221,-0.531429911504425
17,"4070798384293212544",29.10908,136.83074,139.892780183232,2.74855367923956,4.50277600692294,4.5289629794962,269.99503,-21.281546,17.2777996063232,16.3551006317139,15.8369998931885,15.4815998077393,15.305100440979,16.29788,17.032028,15.3125925,-0.47468699402389,-1.7250489391714,1,1,-999,"False",30068.478181819,131695.007636364,1,29109.08,136830.74,NA,"P",0.128801238938053,0.605445752212389
18,"4069540306771527808",54.32774,-131.47804,142.260248614113,1.04914006007439,1.96263655571886,5.36968881153511,270.112,-22.42345,19.1615009307861,17.6583995819092,16.5879001617432,16.0275001525879,15.6674995422363,17.422577,18.351284,15.930046,-0.87601627404736,-3.76811883088887,1,1,-999,"False",56503.6981818275,-126375.296363636,1,54327.74,-131478.04,NA,"P",0.240388230088496,-0.581761238938053
19,"4070350195868642560",-165.43718,-44.01882,171.193215521366,2.30861061561533,0.2600506150866,2.04856000052873,269.1057,-22.049007,17.1868991851807,15.8794002532959,15.9654998779297,15.6714000701904,16.3083000183105,16.356405,17.06661,15.241304,-4.02318478238244,-14.0578939690602,1,1,-999,"False",-170920.101818175,-41751.1783636365,1,-165437.18,-44018.82,NA,"P",-0.732022920353982,-0.194773539823009
20,"4069519003748464768",-105.11295,-175.57618,204.635596221906,2.69430772985143,1.03135216206579,1.66295556778564,269.4629,-22.025928,14.9752998352051,14.4441003799438,14.1803998947144,14.0831003189087,14.0180997848511,14.432655,14.881757,13.813971,0.0544239683775683,-0.534294638804831,1,NA,NA,"",-90192.9018181798,-36535.3243636367,0,-86373.04,-37860.78,NA,"P",-0.382181592920354,-0.167525575221239
21,"4070326796883759232",-86.37304,-37.86078,94.3066312676367,2.00118463720803,0.413115483471912,1.58806915373612,269.38293,-22.60225,14.6854000091553,14.1328001022339,13.8763999938965,13.7358999252319,13.6154003143311,14.114243,14.586706,13.474069,-0.900743859548436,-0.83110219813758,1,NA,NA,"",-108266.121818181,-166784.096363637,0,-105112.95,-175576.18,NA,"P",-0.465101548672566,-0.776885752212389
NA,"Sky-A1-1",-226.46104,82.44066,NA,NA,NA,NA,268.8479649,-21.517705389,NA,NA,NA,NA,NA,NA,NA,NA,NA,NA,NA,NA,NA,"",NA,NA,NA,-226461.04,82440.66,1,"S",-1.00204,0.364781681415929
NA,"Sky-A1-2",-222.23219,93.24117,NA,NA,NA,NA,268.8671918,-21.472825642,NA,NA,NA,NA,NA,NA,NA,NA,NA,NA,NA,NA,NA,"",NA,NA,NA,-222232.19,93241.17,1,"S",-0.983328274336283,0.412571548672566
NA,"Sky-A1-3",-217.48859,103.8257,NA,NA,NA,NA,268.8887057,-21.428855594,NA,NA,NA,NA,NA,NA,NA,NA,NA,NA,NA,NA,NA,"",NA,NA,NA,-217488.59,103825.7,1,"S",-0.96233889380531,0.459405752212389
NA,"Sky-A1-4",-212.24121,114.16975,NA,NA,NA,NA,268.9124553,-21.385896332,NA,NA,NA,NA,NA,NA,NA,NA,NA,NA,NA,NA,NA,"",NA,NA,NA,-212241.21,114169.75,1,"S",-0.939120398230089,0.505175884955752
NA,"Sky-A1-5",-206.50222,124.24934,NA,NA,NA,NA,268.9383841,-21.344046699,NA,NA,NA,NA,NA,NA,NA,NA,NA,NA,NA,NA,NA,"",NA,NA,NA,-206502.22,124249.34,1,"S",-0.913726637168142,0.549775840707965
NA,"Sky-A1-6",-200.2849,134.04112,NA,NA,NA,NA,268.966431,-21.303402834,NA,NA,NA,NA,NA,NA,NA,NA,NA,NA,NA,NA,NA,"",NA,NA,NA,-200284.9,134041.12,1,"S",-0.886216371681416,0.593102300884956
NA,"Sky-A1-7",-193.60365,143.52243,NA,NA,NA,NA,268.99653,-21.264057947,NA,NA,NA,NA,NA,NA,NA,NA,NA,NA,NA,NA,NA,"",NA,NA,NA,-193603.65,143522.43,1,"S",-0.856653318584071,0.635055
NA,"Sky-A2-1",-3.01251,240.9813,NA,NA,NA,NA,269.8485858,-20.860360929,NA,NA,NA,NA,NA,NA,NA,NA,NA,NA,NA,NA,NA,"",NA,NA,NA,-3012.51,240981.3,1,"S",-0.0133296902654867,1.0662889380531
NA,"Sky-A2-2",8.5856,240.84715,NA,NA,NA,NA,269.9002891,-20.860933883,NA,NA,NA,NA,NA,NA,NA,NA,NA,NA,NA,NA,NA,"",NA,NA,NA,8585.6,240847.15,1,"S",0.0379893805309735,1.0656953539823
NA,"Sky-A2-3",20.16382,240.15512,NA,NA,NA,NA,269.9519037,-20.863816107,NA,NA,NA,NA,NA,NA,NA,NA,NA,NA,NA,NA,NA,"",NA,NA,NA,20163.82,240155.12,1,"S",0.0892204424778761,1.06263327433628
NA,"Sky-A2-4",31.69534,238.90682,NA,NA,NA,NA,270.0033125,-20.869000906,NA,NA,NA,NA,NA,NA,NA,NA,NA,NA,NA,NA,NA,"",NA,NA,NA,31695.34,238906.82,1,"S",0.140244867256637,1.05710982300885
NA,"Sky-A2-5",43.15344,237.10513,NA,NA,NA,NA,270.0543984,-20.876476413,NA,NA,NA,NA,NA,NA,NA,NA,NA,NA,NA,NA,NA,"",NA,NA,NA,43153.44,237105.13,1,"S",0.190944424778761,1.04913774336283
NA,"Sky-A2-6",54.51158,234.75423,NA,NA,NA,NA,270.1050453,-20.886225473,NA,NA,NA,NA,NA,NA,NA,NA,NA,NA,NA,NA,NA,"",NA,NA,NA,54511.58,234754.23,1,"S",0.241201681415929,1.03873553097345
NA,"Sky-A2-7",65.74346,231.85957,NA,NA,NA,NA,270.1551381,-20.89822576,NA,NA,NA,NA,NA,NA,NA,NA,NA,NA,NA,NA,NA,"",NA,NA,NA,65743.46,231859.57,1,"S",0.290900265486726,1.02592730088496
NA,"Sky-A3-1",231.67752,66.38214,NA,NA,NA,NA,270.8992119,-21.584734713,NA,NA,NA,NA,NA,NA,NA,NA,NA,NA,NA,NA,NA,"",NA,NA,NA,231677.52,66382.14,1,"S",1.0251217699115,0.293726283185841
NA,"Sky-A3-2",234.60313,55.15828,NA,NA,NA,NA,270.9126177,-21.631381556,NA,NA,NA,NA,NA,NA,NA,NA,NA,NA,NA,NA,NA,"",NA,NA,NA,234603.13,55158.28,1,"S",1.03806694690265,0.244063185840708
NA,"Sky-A3-3",236.98531,43.80666,NA,NA,NA,NA,270.923602,-21.678571637,NA,NA,NA,NA,NA,NA,NA,NA,NA,NA,NA,NA,NA,"",NA,NA,NA,236985.31,43806.66,1,"S",1.04860756637168,0.193834778761062
NA,"Sky-A3-4",238.81857,32.35357,NA,NA,NA,NA,270.9321372,-21.726196195,NA,NA,NA,NA,NA,NA,NA,NA,NA,NA,NA,NA,NA,"",NA,NA,NA,238818.57,32353.57,1,"S",1.05671933628319,0.143157389380531
NA,"Sky-A3-5",240.09865,20.82553,NA,NA,NA,NA,270.9382016,-21.774145406,NA,NA,NA,NA,NA,NA,NA,NA,NA,NA,NA,NA,NA,"",NA,NA,NA,240098.65,20825.53,1,"S",1.06238340707965,0.0921483628318584
NA,"Sky-A3-6",240.82258,9.24926,NA,NA,NA,NA,270.9417788,-21.822308494,NA,NA,NA,NA,NA,NA,NA,NA,NA,NA,NA,NA,NA,"",NA,NA,NA,240822.58,9249.26,1,"S",1.06558663716814,0.0409259292035398
NA,"Sky-A3-7",240.98869,2.34844,NA,NA,NA,NA,270.9427225,-21.851025756,NA,NA,NA,NA,NA,NA,NA,NA,NA,NA,NA,NA,NA,"",NA,NA,NA,240988.69,2348.44,1,"S",1.06632163716814,0.0103913274336283
NA,"Sky-A4-1",210.21182,-117.86456,NA,NA,NA,NA,270.8078021,-22.352084491,NA,NA,NA,NA,NA,NA,NA,NA,NA,NA,NA,NA,NA,"",NA,NA,NA,210211.82,-117864.56,1,"S",0.930140796460177,-0.521524601769911
NA,"Sky-A4-2",204.2974,-127.84223,NA,NA,NA,NA,270.781448,-22.393743686,NA,NA,NA,NA,NA,NA,NA,NA,NA,NA,NA,NA,NA,"",NA,NA,NA,204297.4,-127842.23,1,"S",0.903970796460177,-0.565673584070796
NA,"Sky-A4-3",197.90977,-137.52377,NA,NA,NA,NA,270.7529423,-22.434177512,NA,NA,NA,NA,NA,NA,NA,NA,NA,NA,NA,NA,NA,"",NA,NA,NA,197909.77,-137523.77,1,"S",0.875706946902655,-0.608512256637168
NA,"Sky-A4-4",191.06371,-146.88677,NA,NA,NA,NA,270.72235,-22.473291497,NA,NA,NA,NA,NA,NA,NA,NA,NA,NA,NA,NA,NA,"",NA,NA,NA,191063.71,-146886.77,1,"S",0.845414646017699,-0.649941460176991
NA,"Sky-A4-5",183.77509,-155.90952,NA,NA,NA,NA,270.6897409,-22.510994021,NA,NA,NA,NA,NA,NA,NA,NA,NA,NA,NA,NA,NA,"",NA,NA,NA,183775.09,-155909.52,1,"S",0.813164115044248,-0.689865132743363
NA,"Sky-A4-6",176.06079,-164.57115,NA,NA,NA,NA,270.6551899,-22.547196903,NA,NA,NA,NA,NA,NA,NA,NA,NA,NA,NA,NA,NA,"",NA,NA,NA,176060.79,-164571.15,1,"S",0.779030044247788,-0.72819092920354
NA,"Sky-A4-7",167.93867,-172.85157,NA,NA,NA,NA,270.6187765,-22.581815178,NA,NA,NA,NA,NA,NA,NA,NA,NA,NA,NA,NA,NA,"",NA,NA,NA,167938.67,-172851.57,1,"S",0.743091460176991,-0.764829955752212
NA,"Sky-A5-1",-148.4702,-189.83588,NA,NA,NA,NA,269.1922831,-22.653080727,NA,NA,NA,NA,NA,NA,NA,NA,NA,NA,NA,NA,NA,"",NA,NA,NA,-148470.2,-189835.88,1,"S",-0.656947787610619,-0.839981769911504
NA,"Sky-A5-2",-157.43205,-182.47249,NA,NA,NA,NA,269.1519989,-22.622281049,NA,NA,NA,NA,NA,NA,NA,NA,NA,NA,NA,NA,NA,"",NA,NA,NA,-157432.05,-182472.49,1,"S",-0.696601991150442,-0.807400398230088
NA,"Sky-A5-3",-166.02924,-174.68645,NA,NA,NA,NA,269.1133834,-22.589718492,NA,NA,NA,NA,NA,NA,NA,NA,NA,NA,NA,NA,NA,"",NA,NA,NA,-166029.24,-174686.45,1,"S",-0.734642654867257,-0.77294889380531
NA,"Sky-A5-4",-174.24185,-166.49577,NA,NA,NA,NA,269.0765264,-22.555469401,NA,NA,NA,NA,NA,NA,NA,NA,NA,NA,NA,NA,NA,"",NA,NA,NA,-174241.85,-166495.77,1,"S",-0.770981637168142,-0.736706946902655
NA,"Sky-A5-5",-182.05086,-157.91943,NA,NA,NA,NA,269.0415132,-22.519614167,NA,NA,NA,NA,NA,NA,NA,NA,NA,NA,NA,NA,NA,"",NA,NA,NA,-182050.86,-157919.43,1,"S",-0.805534778761062,-0.698758539823009
NA,"Sky-A5-6",-189.43818,-148.97731,NA,NA,NA,NA,269.0084248,-22.482236931,NA,NA,NA,NA,NA,NA,NA,NA,NA,NA,NA,NA,NA,"",NA,NA,NA,-189438.18,-148977.31,1,"S",-0.83822203539823,-0.659191637168142
NA,"Sky-A5-7",-196.38671,-139.6901,NA,NA,NA,NA,268.9773374,-22.443425197,NA,NA,NA,NA,NA,NA,NA,NA,NA,NA,NA,NA,NA,"",NA,NA,NA,-196386.71,-139690.1,1,"S",-0.868967743362832,-0.61809778761062
NA,"Sky-H1-1",-181.17025,158.92893,NA,NA,NA,NA,269.0524529,-21.200147068,NA,NA,NA,NA,NA,NA,NA,NA,NA,NA,NA,NA,NA,"",NA,NA,NA,-181170.25,158928.93,1,"S",-0.801638274336283,0.703225353982301
NA,"Sky-H1-2",-173.31368,167.46173,NA,NA,NA,NA,269.0877411,-21.164762355,NA,NA,NA,NA,NA,NA,NA,NA,NA,NA,NA,NA,NA,"",NA,NA,NA,-173313.68,167461.73,1,"S",-0.766874690265487,0.74098110619469
NA,"Sky-H1-3",-165.05567,175.60663,NA,NA,NA,NA,269.1247985,-21.130994397,NA,NA,NA,NA,NA,NA,NA,NA,NA,NA,NA,NA,NA,"",NA,NA,NA,-165055.67,175606.63,1,"S",-0.73033482300885,0.777020486725664
NA,"Sky-H1-4",-156.41534,183.34477,NA,NA,NA,NA,269.1635394,-21.098920425,NA,NA,NA,NA,NA,NA,NA,NA,NA,NA,NA,NA,NA,"",NA,NA,NA,-156415.34,183344.77,1,"S",-0.692103274336283,0.811260044247788
NA,"Sky-H1-5",-147.4127,190.65822,NA,NA,NA,NA,269.2038741,-21.068613792,NA,NA,NA,NA,NA,NA,NA,NA,NA,NA,NA,NA,NA,"",NA,NA,NA,-147412.7,190658.22,1,"S",-0.652268584070796,0.843620442477876
NA,"Sky-H1-6",-138.06861,197.53006,NA,NA,NA,NA,269.2457097,-21.040143667,NA,NA,NA,NA,NA,NA,NA,NA,NA,NA,NA,NA,NA,"",NA,NA,NA,-138068.61,197530.06,1,"S",-0.610923053097345,0.874026814159292
NA,"Sky-H1-7",-128.4047,203.94434,NA,NA,NA,NA,269.28895,-21.013575188,NA,NA,NA,NA,NA,NA,NA,NA,NA,NA,NA,NA,NA,"",NA,NA,NA,-128404.7,203944.34,1,"S",-0.568162389380531,0.902408584070796
NA,"Sky-H1-8",-118.44464,209.88551,NA,NA,NA,NA,269.3334898,-20.988971858,NA,NA,NA,NA,NA,NA,NA,NA,NA,NA,NA,NA,NA,"",NA,NA,NA,-118444.64,209885.51,1,"S",-0.524091327433628,0.928696946902655
NA,"Sky-H2-1",-100.81652,218.89973,NA,NA,NA,NA,269.4122659,-20.951653746,NA,NA,NA,NA,NA,NA,NA,NA,NA,NA,NA,NA,NA,"",NA,NA,NA,-100816.52,218899.73,1,"S",-0.446090796460177,0.968582876106195
NA,"Sky-H2-2",-90.16757,223.49692,NA,NA,NA,NA,269.4598252,-20.932627782,NA,NA,NA,NA,NA,NA,NA,NA,NA,NA,NA,NA,NA,"",NA,NA,NA,-90167.57,223496.92,1,"S",-0.398971548672566,0.988924424778761
NA,"Sky-H2-3",-79.30977,227.57641,NA,NA,NA,NA,269.5082985,-20.915748542,NA,NA,NA,NA,NA,NA,NA,NA,NA,NA,NA,NA,NA,"",NA,NA,NA,-79309.77,227576.41,1,"S",-0.350928185840708,1.00697526548673
NA,"Sky-H2-4",-68.26826,231.12877,NA,NA,NA,NA,269.5575754,-20.901054356,NA,NA,NA,NA,NA,NA,NA,NA,NA,NA,NA,NA,NA,"",NA,NA,NA,-68268.26,231128.77,1,"S",-0.302071946902655,1.02269367256637
NA,"Sky-H2-5",-57.06862,234.14576,NA,NA,NA,NA,269.6075434,-20.888578681,NA,NA,NA,NA,NA,NA,NA,NA,NA,NA,NA,NA,NA,"",NA,NA,NA,-57068.62,234145.76,1,"S",-0.252516017699115,1.03604318584071
NA,"Sky-H2-6",-45.73679,236.62039,NA,NA,NA,NA,269.6580887,-20.878349869,NA,NA,NA,NA,NA,NA,NA,NA,NA,NA,NA,NA,NA,"",NA,NA,NA,-45736.79,236620.39,1,"S",-0.20237517699115,1.04699287610619
NA,"Sky-H2-7",-34.29902,238.54693,NA,NA,NA,NA,269.7090963,-20.870391124,NA,NA,NA,NA,NA,NA,NA,NA,NA,NA,NA,NA,NA,"",NA,NA,NA,-34299.02,238546.93,1,"S",-0.151765575221239,1.05551738938053
NA,"Sky-H2-8",-22.78326,239.92079,NA,NA,NA,NA,269.7604434,-20.864721011,NA,NA,NA,NA,NA,NA,NA,NA,NA,NA,NA,NA,NA,"",NA,NA,NA,-22783.26,239920.79,1,"S",-0.100810884955752,1.0615964159292
NA,"Sky-H3-1",184.61356,154.91577,NA,NA,NA,NA,270.686643,-21.217186733,NA,NA,NA,NA,NA,NA,NA,NA,NA,NA,NA,NA,NA,"",NA,NA,NA,184613.56,154915.77,1,"S",0.816874159292035,0.685468008849557
NA,"Sky-H3-2",191.8534,145.85382,NA,NA,NA,NA,270.7191762,-21.254776473,NA,NA,NA,NA,NA,NA,NA,NA,NA,NA,NA,NA,NA,"",NA,NA,NA,191853.4,145853.82,1,"S",0.848908849557522,0.645370884955752
NA,"Sky-H3-3",198.64884,136.45402,NA,NA,NA,NA,270.7497469,-21.293774712,NA,NA,NA,NA,NA,NA,NA,NA,NA,NA,NA,NA,NA,"",NA,NA,NA,198648.84,136454.02,1,"S",0.878977168141593,0.603778849557522
NA,"Sky-H3-4",204.98415,126.73816,NA,NA,NA,NA,270.7782838,-21.334092009,NA,NA,NA,NA,NA,NA,NA,NA,NA,NA,NA,NA,NA,"",NA,NA,NA,204984.15,126738.16,1,"S",0.907009513274336,0.560788318584071
NA,"Sky-H3-5",210.84465,116.72873,NA,NA,NA,NA,270.8047199,-21.375635978,NA,NA,NA,NA,NA,NA,NA,NA,NA,NA,NA,NA,NA,"",NA,NA,NA,210844.65,116728.73,1,"S",0.93294092920354,0.516498805309734
NA,"Sky-H3-6",216.21677,106.44891,NA,NA,NA,NA,270.8289933,-21.418311325,NA,NA,NA,NA,NA,NA,NA,NA,NA,NA,NA,NA,NA,"",NA,NA,NA,216216.77,106448.91,1,"S",0.956711371681416,0.471012876106195
NA,"Sky-H3-7",221.08806,95.92253,NA,NA,NA,NA,270.8510464,-21.462020002,NA,NA,NA,NA,NA,NA,NA,NA,NA,NA,NA,NA,NA,"",NA,NA,NA,221088.06,95922.53,1,"S",0.978265752212389,0.424435973451327
NA,"Sky-H3-8",225.44672,85.17533,NA,NA,NA,NA,270.8708246,-21.50665596,NA,NA,NA,NA,NA,NA,NA,NA,NA,NA,NA,NA,NA,"",NA,NA,NA,225446.72,85175.33,1,"S",0.99755185840708,0.376881991150442
NA,"Sky-H4-1",239.9828,-22.12059,NA,NA,NA,NA,270.9389184,-21.95289085,NA,NA,NA,NA,NA,NA,NA,NA,NA,NA,NA,NA,NA,"",NA,NA,NA,239982.8,-22120.59,1,"S",1.06187079646018,-0.0978787168141593
NA,"Sky-H4-2",238.64054,-33.64155,NA,NA,NA,NA,270.9332283,-22.000874211,NA,NA,NA,NA,NA,NA,NA,NA,NA,NA,NA,NA,NA,"",NA,NA,NA,238640.54,-33641.55,1,"S",1.05593159292035,-0.148856415929204
NA,"Sky-H4-3",236.74552,-45.08459,NA,NA,NA,NA,270.9250517,-22.048546783,NA,NA,NA,NA,NA,NA,NA,NA,NA,NA,NA,NA,NA,"",NA,NA,NA,236745.52,-45084.59,1,"S",1.04754654867257,-0.199489336283186
NA,"Sky-H4-4",234.30213,-56.42319,NA,NA,NA,NA,270.9144051,-22.095797904,NA,NA,NA,NA,NA,NA,NA,NA,NA,NA,NA,NA,NA,"",NA,NA,NA,234302.13,-56423.19,1,"S",1.03673508849558,-0.249660132743363
NA,"Sky-H4-5",231.31601,-67.6311,NA,NA,NA,NA,270.901311,-22.14251791,NA,NA,NA,NA,NA,NA,NA,NA,NA,NA,NA,NA,NA,"",NA,NA,NA,231316.01,-67631.1,1,"S",1.02352216814159,-0.299252654867257
NA,"Sky-H4-6",227.79409,-78.68236,NA,NA,NA,NA,270.8857974,-22.188598217,NA,NA,NA,NA,NA,NA,NA,NA,NA,NA,NA,NA,NA,"",NA,NA,NA,227794.09,-78682.36,1,"S",1.00793845132743,-0.34815203539823
NA,"Sky-H4-7",223.74453,-89.55136,NA,NA,NA,NA,270.8678984,-22.23393158,NA,NA,NA,NA,NA,NA,NA,NA,NA,NA,NA,NA,NA,"",NA,NA,NA,223744.53,-89551.36,1,"S",0.990020044247788,-0.396244955752212
NA,"Sky-H4-8",219.17732,-100.21161,NA,NA,NA,NA,270.8476562,-22.278406963,NA,NA,NA,NA,NA,NA,NA,NA,NA,NA,NA,NA,NA,"",NA,NA,NA,219177.32,-100211.61,1,"S",0.969811150442478,-0.443414203539823
NA,"Sky-H5-1",41.83481,-237.34134,NA,NA,NA,NA,270.0508484,-22.851774434,NA,NA,NA,NA,NA,NA,NA,NA,NA,NA,NA,NA,NA,"",NA,NA,NA,41834.81,-237341.34,1,"S",0.185109778761062,-1.05018292035398
NA,"Sky-H5-2",30.36687,-239.07931,NA,NA,NA,NA,269.999075,-22.859065662,NA,NA,NA,NA,NA,NA,NA,NA,NA,NA,NA,NA,NA,"",NA,NA,NA,30366.87,-239079.31,1,"S",0.134366681415929,-1.05787305309735
NA,"Sky-H5-3",18.8286,-240.26349,NA,NA,NA,NA,269.9469762,-22.864037835,NA,NA,NA,NA,NA,NA,NA,NA,NA,NA,NA,NA,NA,"",NA,NA,NA,18828.6,-240263.49,1,"S",0.083312389380531,-1.06311278761062
NA,"Sky-H5-4",7.2467,-240.89115,NA,NA,NA,NA,269.8946749,-22.866679168,NA,NA,NA,NA,NA,NA,NA,NA,NA,NA,NA,NA,NA,"",NA,NA,NA,7246.7,-240891.15,1,"S",0.0320650442477876,-1.06589004424779
NA,"Sky-H5-5",-4.35197,-240.96083,NA,NA,NA,NA,269.8422949,-22.866983297,NA,NA,NA,NA,NA,NA,NA,NA,NA,NA,NA,NA,NA,"",NA,NA,NA,-4351.97,-240960.83,1,"S",-0.0192565044247788,-1.06619836283186
NA,"Sky-H5-6",-15.94057,-240.47237,NA,NA,NA,NA,269.7899597,-22.864949404,NA,NA,NA,NA,NA,NA,NA,NA,NA,NA,NA,NA,NA,"",NA,NA,NA,-15940.57,-240472.37,1,"S",-0.0705334955752212,-1.06403703539823
NA,"Sky-H5-7",-27.49224,-239.4269,NA,NA,NA,NA,269.7377932,-22.860582181,NA,NA,NA,NA,NA,NA,NA,NA,NA,NA,NA,NA,NA,"",NA,NA,NA,-27492.24,-239426.9,1,"S",-0.121647079646018,-1.0594110619469
NA,"Sky-H5-8",-38.97879,-237.82707,NA,NA,NA,NA,269.6859251,-22.853892786,NA,NA,NA,NA,NA,NA,NA,NA,NA,NA,NA,NA,NA,"",NA,NA,NA,-38978.79,-237827.07,1,"S",-0.172472522123894,-1.05233216814159
NA,"Sky-H6-1",-58.36925,-233.82492,NA,NA,NA,NA,269.5983833,-22.837149376,NA,NA,NA,NA,NA,NA,NA,NA,NA,NA,NA,NA,NA,"",NA,NA,NA,-58369.25,-233824.92,1,"S",-0.258271017699115,-1.03462353982301
NA,"Sky-H6-2",-70.99489,-235.53286,NA,NA,NA,NA,269.541806,-22.842786706,NA,NA,NA,NA,NA,NA,NA,NA,NA,NA,NA,NA,NA,"",NA,NA,NA,-70994.89,-235532.86,0,"S",-0.314136681415929,-1.04218079646018
NA,"Sky-H6-3",-80.57354,-227.13205,NA,NA,NA,NA,269.4981785,-22.80914107,NA,NA,NA,NA,NA,NA,NA,NA,NA,NA,NA,NA,NA,"",NA,NA,NA,-80573.54,-227132.05,1,"S",-0.356520088495575,-1.00500907079646
NA,"Sky-H6-4",-91.4085,-222.99226,NA,NA,NA,NA,269.4493036,-22.791815758,NA,NA,NA,NA,NA,NA,NA,NA,NA,NA,NA,NA,NA,"",NA,NA,NA,-91408.5,-222992.26,1,"S",-0.404462389380531,-0.986691415929204
NA,"Sky-H6-5",-102.03172,-218.33596,NA,NA,NA,NA,269.4014012,-22.772329011,NA,NA,NA,NA,NA,NA,NA,NA,NA,NA,NA,NA,NA,"",NA,NA,NA,-102031.72,-218335.96,1,"S",-0.45146778761062,-0.966088318584071
NA,"Sky-H6-6",-112.41861,-213.17391,NA,NA,NA,NA,269.3545839,-22.750726573,NA,NA,NA,NA,NA,NA,NA,NA,NA,NA,NA,NA,NA,"",NA,NA,NA,-112418.61,-213173.91,1,"S",-0.497427477876106,-0.943247389380531
NA,"Sky-H6-7",-122.54511,-207.51809,NA,NA,NA,NA,269.3089617,-22.727059347,NA,NA,NA,NA,NA,NA,NA,NA,NA,NA,NA,NA,NA,"",NA,NA,NA,-122545.11,-207518.09,1,"S",-0.542235,-0.918221637168142
NA,"Sky-H6-8",-132.38652,-201.3824,NA,NA,NA,NA,269.2646472,-22.701386344,NA,NA,NA,NA,NA,NA,NA,NA,NA,NA,NA,NA,NA,"",NA,NA,NA,-132386.52,-201382.4,1,"S",-0.585781061946903,-0.891072566371681
NA,"Sky-H7-1",-207.18967,-123.09956,NA,NA,NA,NA,268.9290908,-22.37411298,NA,NA,NA,NA,NA,NA,NA,NA,NA,NA,NA,NA,NA,"",NA,NA,NA,-207189.67,-123099.56,1,"S",-0.916768451327434,-0.544688318584071
NA,"Sky-H7-2",-212.87255,-112.98823,NA,NA,NA,NA,268.903764,-22.331882794,NA,NA,NA,NA,NA,NA,NA,NA,NA,NA,NA,NA,NA,"",NA,NA,NA,-212872.55,-112988.23,1,"S",-0.941913938053097,-0.499947920353982
NA,"Sky-H7-3",-218.06235,-102.61518,NA,NA,NA,NA,268.880677,-22.288569952,NA,NA,NA,NA,NA,NA,NA,NA,NA,NA,NA,NA,NA,"",NA,NA,NA,-218062.35,-102615.18,1,"S",-0.964877654867257,-0.454049469026549
NA,"Sky-H7-4",-222.74704,-92.00444,NA,NA,NA,NA,268.8598821,-22.244275642,NA,NA,NA,NA,NA,NA,NA,NA,NA,NA,NA,NA,NA,"",NA,NA,NA,-222747.04,-92004.44,1,"S",-0.985606371681416,-0.407099292035398
NA,"Sky-H7-5",-226.91579,-81.18059,NA,NA,NA,NA,268.8414255,-22.199103261,NA,NA,NA,NA,NA,NA,NA,NA,NA,NA,NA,NA,NA,"",NA,NA,NA,-226915.79,-81180.59,1,"S",-1.00405216814159,-0.359206150442478
NA,"Sky-H7-6",-230.55892,-70.1687,NA,NA,NA,NA,268.8253485,-22.153158162,NA,NA,NA,NA,NA,NA,NA,NA,NA,NA,NA,NA,NA,"",NA,NA,NA,-230558.92,-70168.7,1,"S",-1.02017221238938,-0.310480973451327
NA,"Sky-H7-7",-233.66801,-58.99428,NA,NA,NA,NA,268.8116862,-22.106547429,NA,NA,NA,NA,NA,NA,NA,NA,NA,NA,NA,NA,NA,"",NA,NA,NA,-233668.01,-58994.28,1,"S",-1.03392924778761,-0.261036637168142
NA,"Sky-H7-8",-236.23556,-47.68464,NA,NA,NA,NA,268.8004697,-22.059385546,NA,NA,NA,NA,NA,NA,NA,NA,NA,NA,NA,NA,NA,"",NA,NA,NA,-236235.56,-47684.64,1,"S",-1.04529008849558,-0.210993982300885
