#OBSTEMP,8
#CONFIGTEMP,19
#EQUINOX,J2000.0
#CENTRE,17 59 25.50,-21 51 30.7 #Field centre
#UTTIME,14 00 00.00 #Target observing time
#UTDATE,2021 07 10 #Target observing date
#PLATEID,a test_plateID
#LABEL,270_m20_comissioning Tile 002
#TILING_DATE,2021 06 15 # Date the tile was created/configured
#PROXIMITY,220 # tiling proximity value in arcseconds
"ID","RA","DEC","g_mag","r_mag","i_mag","z_mag","y_mag","GAIA_g_mag","GAIA_bp_mag","GAIA_rp_mag","pmRA","pmDEC","priority","remaining_observations","Tile_number","COMPLETED","MagnetX_noDC","MagnetY_noDC","type","MagnetX","MagnetY","SkyFibrePosition","fibre_type","x","y","grads","gangs","gazAngs","gangs_gazAng"
"4070368376505816064",269.03455,-21.86783,NA,11.5804996490479,NA,NA,NA,NA,NA,NA,0.801774287970134,0.329035572537338,NA,NA,NA,NA,-185705.508421043,-2102.01410526368,2,-180281.81,-2690.61,NA,"G",63.91442,-197.58848,207.668631508581,3.98161253441137,1.88364594484576,2.09796658956562
"4070726508051615232",270.36368,-21.66716,NA,12.2666997909546,NA,NA,NA,NA,NA,NA,-0.223468087667875,-0.722618253573241,NA,NA,NA,NA,114677.871578949,43249.4058947368,2,110439.63,44643.23,NA,"G",101.47907,168.6341,196.813265129348,2.60831517566287,4.17066847006982,4.72083201277263
"4070349233794663296",269.0625,-22.130934,NA,12.7568998336792,NA,NA,NA,NA,NA,NA,-6.45441689764226,-16.0514976925528,NA,NA,NA,NA,-179388.808421048,-61563.5181052633,2,-174044.37,-64942.07,NA,"G",-50.21716,120.20963,130.277082801245,0.135520111101686,-1.17508541002985,1.31060552113153
"4069954818357704704",270.76773,-21.88701,NA,12.9300003051758,NA,NA,NA,NA,NA,NA,0.309250032852314,-0.583760620662247,NA,NA,NA,NA,205993.171578946,-6436.69410526337,2,200854.15,-7347.57,NA,"G",5.11477,170.75252,170.829107468556,2.84739253342212,4.68244364742745,4.44813419317426
"4069879025089245952",270.5733,-22.166632,NA,12.9923000335693,NA,NA,NA,NA,NA,NA,-7.4029581988945,-44.6577331159,NA,NA,NA,NA,162051.991578956,-69631.2661052633,2,156852.36,-73133.72,NA,"G",52.43694,-185.45954,192.730053841053,4.29748900667464,1.84634456683021,2.45114443984444
"4070323979385056896",269.5612,-22.077774,NA,13.118800163269,NA,NA,NA,NA,NA,NA,1.37615381728931,-4.57903663404913,NA,NA,NA,NA,-66682.6084210514,-49549.3581052637,2,-63818.05,-51239.84,NA,"G",-90.47148,-147.98453,173.448868006428,5.09572112587398,1.02206741449464,4.07365371137934
