#OBSTEMP,8
#CONFIGTEMP,19
#EQUINOX,J2000.0
#CENTRE,17 59 26.87,-21 51 51.4 #Field centre
#UTTIME,14 00 00.00 #Target observing time
#UTDATE,2021 07 10 #Target observing date
#PLATEID,a test_plateID
#LABEL,270_m20_comissioning Tile 000
#TILING_DATE,2021 06 15 # Date the tile was created/configured
#PROXIMITY,220 # tiling proximity value in arcseconds
"ID","RA","DEC","g_mag","r_mag","i_mag","z_mag","y_mag","GAIA_g_mag","GAIA_bp_mag","GAIA_rp_mag","pmRA","pmDEC","priority","remaining_observations","Tile_number","COMPLETED","MagnetX_noDC","MagnetY_noDC","type","MagnetX","MagnetY","SkyFibrePosition","fibre_type","x","y","grads","gangs","gazAngs","gangs_gazAng"
"4069976464991195136",270.5328,-21.684666,NA,11.4086999893188,NA,NA,NA,NA,NA,NA,-3.26546408430572,-7.41570941942578,NA,NA,NA,NA,151604.498181824,40589.8876363634,2,146648.47,41943.36,NA,"G",-105.77662,-154.29297,187.069543031583,2.64878547483533,0.969829587219121,1.67895588761621
"4070368376505816064",269.03455,-21.86783,NA,11.5804996490479,NA,NA,NA,NA,NA,NA,0.801774287970134,0.329035572537338,NA,NA,NA,NA,-187000.001818172,-805.176363636903,2,-181585.04,-1341.25,NA,"G",100.22407,170.01857,197.360528860788,2.56768570089123,4.17973403670681,4.67113697136401
"4070297316229990912",269.2731,-22.209093,NA,11.6814002990723,NA,NA,NA,NA,NA,NA,0.419752698707477,0.26229035280156,NA,NA,NA,NA,-133087.701818178,-77930.6143636364,2,-128239.56,-81365.4,NA,"G",135.42056,-166.64733,214.732532856208,5.58189708588649,2.25318373832891,3.32871334755758
"4070769865709852288",269.6652,-21.428143,NA,11.9498996734619,NA,NA,NA,NA,NA,NA,-2.28703884745424,-7.06313497192834,NA,NA,NA,NA,-44473.1018181716,98564.0856363637,2,-42844.81,101969.46,NA,"G",-175.32663,-63.59999,186.505726226186,5.12126407215713,0.347989219245475,4.77327485291166
"4069458045260931840",270.05502,-22.764162,NA,12.3839998245239,NA,NA,NA,NA,NA,NA,-3.14348588571836,-4.91018997424881,NA,NA,NA,NA,43626.2181818253,-203376.208363636,2,42473.98,-214714.55,NA,"G",25.20645,195.6055,197.222911325871,2.59150065274086,4.58423154619792,4.29045441372253
"4070349233794663296",269.0625,-22.130934,NA,12.7568998336792,NA,NA,NA,NA,NA,NA,-6.45441689764226,-16.0514976925528,NA,NA,NA,NA,-180683.301818178,-60266.6803636366,2,-175326.63,-63599.99,NA,"G",-181.58504,-1.34125,181.589993400969,4.83658756125074,0.00738621204024037,4.8292013492105
