#OBSTEMP,8
#CONFIGTEMP,19
#EQUINOX,J2000.0
#CENTRE,17 59 25.50,-21 51 30.7 #Field centre
#UTTIME,14 00 00.00 #Target observing time
#UTDATE,2021 07 10 #Target observing date
#PLATEID,a test_plateID
#LABEL,270_m20_comissioning Tile 002
#TILING_DATE,2021 06 15 # Date the tile was created/configured
#PROXIMITY,220 # tiling proximity value in arcseconds
"probe","ID","x","y","rads","angs","azAngs","angs_azAng","RA","DEC","g_mag","r_mag","i_mag","z_mag","y_mag","GAIA_g_mag","GAIA_bp_mag","GAIA_rp_mag","pmRA","pmDEC","priority","remaining_observations","Tile_number","COMPLETED","MagnetX_noDC","MagnetY_noDC","type","MagnetX","MagnetY","SkyFibrePosition","fibre_type","fraction_plate_radius_X","fraction_plate_radius_Y"
1,"4069945820410961536",135.49641,-11.72847,136.003066625091,4.19994136532612,3.05524860136924,1.14469276395688,270.47827,-21.907347,19.1434993743896,17.5534000396729,16.6345996856689,16.0953998565674,15.6905002593994,17.26442,18.574123,16.097567,0.588859447083803,-2.64902625447358,1,1,-999,"False",140575.211578954,-11032.8561052637,1,135496.41,-11728.47,NA,"P",0.599541637168142,-0.0518958849557522
2,"4070285432092315520",-89.75977,-101.84828,135.756725245607,2.10813782205055,0.848404438343363,1.25973338370719,269.44302,-22.29182,19.7395992279053,17.3980007171631,16.0142993927002,15.1591997146606,14.6511001586914,16.695862,18.684076,15.338484,2.64945557405821,-4.75807464480315,1,1,-999,"False",-93391.2884210504,-97923.7541052636,1,-89759.77,-101848.28,NA,"P",-0.397167123893805,-0.45065610619469
3,"4070370021438677632",-180.08955,15.65199,180.768445283359,-1.37180398693453,-0.0866944100811784,4.99807573032623,269.03592,-21.790255,16.7311000823975,15.1192998886108,14.2896995544434,13.7762002944946,13.4395999908447,14.873552,16.090847,13.719084,-3.29564034157236,-4.59402208183651,1,1,-999,"False",-185395.888421054,15429.935894737,1,-180089.55,15651.99,NA,"P",-0.796856415929203,0.069256592920354
4,"4070378203392744320",-108.22465,4.01428,108.299073456521,2.01057710317641,-0.0370751075382678,2.04765221071468,269.35764,-21.840586,17.4459991455078,16.2467002868652,15.5370998382568,15.1398000717163,14.8999996185303,16.083351,17.102594,15.039945,0.628062443181634,-2.72850113609056,1,1,-999,"False",-112687.168421047,4055.12989473704,1,-108224.65,4014.28,NA,"P",-0.478870132743363,0.0177623008849558
5,"4069510826130267648",6.14715,-176.37323,176.480321038226,4.41433025691442,1.60563530295679,2.80869495395763,269.8844,-22.604696,18.1154003143311,17.1124000549316,16.6021003723145,16.3304996490479,16.110200881958,17.068207,17.877613,16.203707,-1.41581044357648,-3.39500764470083,1,1,-999,"False",6360.59157895818,-168633.730105263,1,6147.15,-176373.23,NA,"P",0.0271997787610619,-0.780412522123894
6,"4069509859759655168",-19.13471,-184.43681,185.426734884051,-0.972780194866996,1.46741946507065,3.84298564724195,269.76868,-22.637377,18.4260997772217,17.0100994110107,16.2588005065918,15.694899559021,15.2882995605469,16.845497,17.966137,15.651847,0.248953746288437,1.17136538806836,1,1,-999,"False",-19792.1284210441,-176019.636105264,1,-19134.71,-184436.81,NA,"P",-0.0846668584070796,-0.816092079646018
7,"4069923894591551232",112.43689,-64.75961,129.75307826878,4.60770757555767,2.61903414329366,1.98867343226401,270.37366,-22.133795,17.5984992980957,16.9447994232178,16.3293991088867,16.1240005493164,16.0046005249023,16.717472,17.360662,15.825535,3.46273329294343,-4.98828164162861,1,1,-999,"False",116933.351578946,-62210.1041052632,1,112436.89,-64759.61,NA,"P",0.497508362831858,-0.286546946902655
8,"4070986881847636864",-113.69247,183.51829,215.881774356301,2.9175110940408,-1.01615047004635,3.93366156408715,269.3446,-21.087076,19.6086006164551,17.5380001068115,16.4715003967285,15.8289003372192,15.4296998977661,17.112959,18.58749,15.811708,-3.63564645140083,-1.97180036284991,1,1,-999,"False",-115634.208421045,174348.389894737,1,-113692.47,183518.29,NA,"P",-0.503064026548673,0.812027831858407
9,"4069558723607214976",50.05486,-87.72649,101.002109172728,1.49264613566323,2.08930147726022,5.68652996558259,270.08762,-22.23374,18.6133995056152,17.4468994140625,16.8152008056641,16.4391002655029,16.1336002349854,17.333508,18.274313,16.344934,0.213271085248613,-0.10620212799838,1,1,-999,"False",52288.3115789554,-84797.6741052636,1,50054.86,-87726.49,NA,"P",0.221481681415929,-0.388170309734513
10,"4070735024938618880",107.22548,107.93225,152.140310737467,3.19879531111161,3.93027569760891,5.55170492068229,270.3459,-21.398954,18.3339996337891,17.1243991851807,16.4235992431641,15.993200302124,15.6991996765137,16.970715,18.012997,15.908217,0.0590986609573813,0.723848262154235,1,1,-999,"False",110659.591578946,103863.961894737,1,107225.48,107932.25,NA,"P",0.474449026548673,0.477576327433628
11,"4070379745245240704",-137.19743,-1.50978,137.205736885355,2.12091620021906,0.0110039893667899,2.10991221085227,269.22653,-21.863731,18.9871006011963,17.7805004119873,17.0884990692139,16.7052001953125,16.5107002258301,17.637936,18.549707,16.588772,-5.44341156665146,-3.92316717988213,1,1,-999,"False",-142318.028421042,-1175.64010526366,1,-137197.43,-1509.78,NA,"P",-0.607068274336283,-0.00668044247787611
12,"4069942453168644352",57.51951,-22.0606,61.6049032382983,3.91549458518433,2.77536252177364,1.14013206341069,270.1224,-21.953003,17.9410991668701,16.6735992431641,15.9977998733521,15.5271997451782,15.1591997146606,16.516895,17.569424,15.477389,0.220211909541641,0.923030212061578,1,1,-999,"False",60148.5915789581,-21351.1121052631,1,57519.51,-22060.6,NA,"P",0.25451110619469,-0.0976132743362832
13,"4069938639228517632",93.67789,-32.58529,99.1834068745181,1.25192433634849,2.80683985534956,4.72826978817852,270.28867,-21.99745,19.203800201416,17.7623996734619,16.8507995605469,16.2823009490967,15.9024000167847,17.49109,18.708395,16.2383,0.246579195088167,-3.66857587073819,1,1,-999,"False",97725.6115789574,-31396.1341052635,1,93677.89,-32585.29,NA,"P",0.414503938053097,-0.144182699115044
14,"4070821993755063680",-13.62127,202.58814,203.045545297287,2.73722679962339,-1.50366110587676,4.24088790550015,269.79483,-21.005243,18.4804992675781,16.6088008880615,15.5486001968384,14.8751001358032,14.4667997360229,16.184431,17.593855,14.89655,-1.28757747962787,-4.1793160160253,1,1,-999,"False",-13882.2284210503,192842.647894737,1,-13621.27,202588.14,NA,"P",-0.0602711061946903,0.896407699115044
15,"4070977987053577088",-132.27001,154.69583,203.534162647918,0.555960102024769,-0.863387704540867,1.41934780656564,269.25876,-21.205917,19.5097999572754,17.6438007354736,16.5865993499756,15.9253997802734,15.5269002914429,17.410336,18.653715,15.858561,-3.83681022888591,-4.71666808370424,1,1,-999,"False",-135034.048421049,147490.323894737,1,-132270.01,154695.83,NA,"P",-0.585265530973451,0.68449482300885
16,"4070791860275461632",-19.5338,156.57906,157.792811537546,2.94183986919573,-1.44668395775928,4.38852382695501,269.76727,-21.193283,16.9428997039795,16.0678005218506,15.618800163269,15.3762998580933,15.2459001541138,16.029953,16.729214,15.143055,-10.0695017182241,-11.0649642234129,1,1,-999,"False",-20110.7884210489,150345.607894736,1,-19533.8,156579.06,NA,"P",-0.0864327433628319,0.692827699115044
17,"4070765025320029440",-29.66628,75.93328,81.5227034671741,3.30459097277076,-1.19834255096411,4.50293352373487,269.7196,-21.533073,18.4570007324219,17.0834999084473,16.2677001953125,15.7845001220703,15.4680004119873,16.855192,18.012255,15.764967,-0.629359234022436,-0.695959113145533,1,1,-999,"False",-30884.2084210449,73553.0678947363,1,-29666.28,75933.28,NA,"P",-0.131266725663717,0.33598796460177
18,"4070973314128944640",-105.20534,130.93687,167.966149833568,0.256767096685276,-0.893936180027106,1.15070327671238,269.3774,-21.302536,19.4129009246826,16.9314002990723,14.9151000976563,13.8521995544434,13.2145004272461,15.56051,18.18874,14.063573,-5.46933907597138,-8.86061988577996,1,1,-999,"False",-108221.408421043,125654.429894737,1,-105205.34,130936.87,NA,"P",-0.465510353982301,0.579366681415929
19,"4070589447116445184",-179.38817,79.81259,196.341959495308,3.37070465559942,-0.418617675339599,3.78932233093902,269.0429,-21.519846,15.1335000991821,14.381199836731,13.9947004318237,13.7692003250122,13.6545000076294,14.334006,14.955,13.568046,-2.77482385350159,-3.50032669160607,1,1,-999,"False",-183818.408421054,76542.3698947364,1,-179388.17,79812.59,NA,"P",-0.79375296460177,0.353153053097345
20,"4070343633158296704",-178.36136,-61.12126,188.543319067628,2.39545473998618,0.330140788901985,2.06531395108419,269.87604,-21.743895,14.7349004745483,14.2140998840332,13.9998998641968,13.8656997680664,13.7132997512817,14.22006,14.659591,13.601643,1.6437735447422,0.37801633717308,1,NA,NA,"",4471.23157894941,25907.295894737,0,4266.49,26619.91,NA,"P",0.0188782743362832,0.117787212389381
21,"4070711247996290432",4.26649,26.61991,26.9596466098538,3.56542443970397,4.55346618273901,5.29514356414455,269.04337,-22.114552,14.7348003387451,14.1871995925903,13.9231004714966,13.7277002334595,13.5769996643066,14.159039,14.650431,13.49057,-1.09748690793635,-1.74742430154345,1,NA,NA,"",-183712.188421052,-57861.1861052633,0,-178361.36,-61121.26,NA,"P",-0.789209557522124,-0.270448053097345
NA,"Sky-A1-1",-226.46104,82.44066,NA,NA,NA,NA,268.842277,-21.511968094,NA,NA,NA,NA,NA,NA,NA,NA,NA,NA,NA,NA,NA,"",NA,NA,NA,-226461.04,82440.66,1,"S",-1.00204,0.364781681415929
NA,"Sky-A1-2",-222.23219,93.24117,NA,NA,NA,NA,268.8615031,-21.467088312,NA,NA,NA,NA,NA,NA,NA,NA,NA,NA,NA,NA,NA,"",NA,NA,NA,-222232.19,93241.17,1,"S",-0.983328274336283,0.412571548672566
NA,"Sky-A1-3",-217.48859,103.8257,NA,NA,NA,NA,268.8830161,-21.423118226,NA,NA,NA,NA,NA,NA,NA,NA,NA,NA,NA,NA,NA,"",NA,NA,NA,-217488.59,103825.7,1,"S",-0.96233889380531,0.459405752212389
NA,"Sky-A1-4",-212.24121,114.16975,NA,NA,NA,NA,268.9067646,-21.380158923,NA,NA,NA,NA,NA,NA,NA,NA,NA,NA,NA,NA,NA,"",NA,NA,NA,-212241.21,114169.75,1,"S",-0.939120398230089,0.505175884955752
NA,"Sky-A1-5",-206.50222,124.24934,NA,NA,NA,NA,268.9326924,-21.338309246,NA,NA,NA,NA,NA,NA,NA,NA,NA,NA,NA,NA,NA,"",NA,NA,NA,-206502.22,124249.34,1,"S",-0.913726637168142,0.549775840707965
NA,"Sky-A1-6",-200.2849,134.04112,NA,NA,NA,NA,268.9607381,-21.297665336,NA,NA,NA,NA,NA,NA,NA,NA,NA,NA,NA,NA,NA,"",NA,NA,NA,-200284.9,134041.12,1,"S",-0.886216371681416,0.593102300884956
NA,"Sky-A1-7",-193.60365,143.52243,NA,NA,NA,NA,268.9908359,-21.258320401,NA,NA,NA,NA,NA,NA,NA,NA,NA,NA,NA,NA,NA,"",NA,NA,NA,-193603.65,143522.43,1,"S",-0.856653318584071,0.635055
NA,"Sky-A2-1",-3.01251,240.9813,NA,NA,NA,NA,269.8428584,-20.854622698,NA,NA,NA,NA,NA,NA,NA,NA,NA,NA,NA,NA,NA,"",NA,NA,NA,-3012.51,240981.3,1,"S",-0.0133296902654867,1.0662889380531
NA,"Sky-A2-2",8.5856,240.84715,NA,NA,NA,NA,269.8945597,-20.855195652,NA,NA,NA,NA,NA,NA,NA,NA,NA,NA,NA,NA,NA,"",NA,NA,NA,8585.6,240847.15,1,"S",0.0379893805309735,1.0656953539823
NA,"Sky-A2-3",20.16382,240.15512,NA,NA,NA,NA,269.9461724,-20.85807788,NA,NA,NA,NA,NA,NA,NA,NA,NA,NA,NA,NA,NA,"",NA,NA,NA,20163.82,240155.12,1,"S",0.0892204424778761,1.06263327433628
NA,"Sky-A2-4",31.69534,238.90682,NA,NA,NA,NA,269.9975792,-20.863262688,NA,NA,NA,NA,NA,NA,NA,NA,NA,NA,NA,NA,NA,"",NA,NA,NA,31695.34,238906.82,1,"S",0.140244867256637,1.05710982300885
NA,"Sky-A2-5",43.15344,237.10513,NA,NA,NA,NA,270.0486632,-20.870738208,NA,NA,NA,NA,NA,NA,NA,NA,NA,NA,NA,NA,NA,"",NA,NA,NA,43153.44,237105.13,1,"S",0.190944424778761,1.04913774336283
NA,"Sky-A2-6",54.51158,234.75423,NA,NA,NA,NA,270.0993082,-20.880487286,NA,NA,NA,NA,NA,NA,NA,NA,NA,NA,NA,NA,NA,"",NA,NA,NA,54511.58,234754.23,1,"S",0.241201681415929,1.03873553097345
NA,"Sky-A2-7",65.74346,231.85957,NA,NA,NA,NA,270.149399,-20.892487595,NA,NA,NA,NA,NA,NA,NA,NA,NA,NA,NA,NA,NA,"",NA,NA,NA,65743.46,231859.57,1,"S",0.290900265486726,1.02592730088496
NA,"Sky-A3-1",231.67752,66.38214,NA,NA,NA,NA,270.893443,-21.578997398,NA,NA,NA,NA,NA,NA,NA,NA,NA,NA,NA,NA,NA,"",NA,NA,NA,231677.52,66382.14,1,"S",1.0251217699115,0.293726283185841
NA,"Sky-A3-2",234.60313,55.15828,NA,NA,NA,NA,270.9068482,-21.625644266,NA,NA,NA,NA,NA,NA,NA,NA,NA,NA,NA,NA,NA,"",NA,NA,NA,234603.13,55158.28,1,"S",1.03806694690265,0.244063185840708
NA,"Sky-A3-3",236.98531,43.80666,NA,NA,NA,NA,270.9178319,-21.672834366,NA,NA,NA,NA,NA,NA,NA,NA,NA,NA,NA,NA,NA,"",NA,NA,NA,236985.31,43806.66,1,"S",1.04860756637168,0.193834778761062
NA,"Sky-A3-4",238.81857,32.35357,NA,NA,NA,NA,270.9263667,-21.720458941,NA,NA,NA,NA,NA,NA,NA,NA,NA,NA,NA,NA,NA,"",NA,NA,NA,238818.57,32353.57,1,"S",1.05671933628319,0.143157389380531
NA,"Sky-A3-5",240.09865,20.82553,NA,NA,NA,NA,270.9324307,-21.768408164,NA,NA,NA,NA,NA,NA,NA,NA,NA,NA,NA,NA,NA,"",NA,NA,NA,240098.65,20825.53,1,"S",1.06238340707965,0.0921483628318584
NA,"Sky-A3-6",240.82258,9.24926,NA,NA,NA,NA,270.9360077,-21.816571259,NA,NA,NA,NA,NA,NA,NA,NA,NA,NA,NA,NA,NA,"",NA,NA,NA,240822.58,9249.26,1,"S",1.06558663716814,0.0409259292035398
NA,"Sky-A3-7",240.98869,2.34844,NA,NA,NA,NA,270.9369513,-21.845288523,NA,NA,NA,NA,NA,NA,NA,NA,NA,NA,NA,NA,NA,"",NA,NA,NA,240988.69,2348.44,1,"S",1.06632163716814,0.0103913274336283
NA,"Sky-A4-1",210.21182,-117.86456,NA,NA,NA,NA,270.8020353,-22.346347028,NA,NA,NA,NA,NA,NA,NA,NA,NA,NA,NA,NA,NA,"",NA,NA,NA,210211.82,-117864.56,1,"S",0.930140796460177,-0.521524601769911
NA,"Sky-A4-2",204.2974,-127.84223,NA,NA,NA,NA,270.7756822,-22.388006182,NA,NA,NA,NA,NA,NA,NA,NA,NA,NA,NA,NA,NA,"",NA,NA,NA,204297.4,-127842.23,1,"S",0.903970796460177,-0.565673584070796
NA,"Sky-A4-3",197.90977,-137.52377,NA,NA,NA,NA,270.7471777,-22.428439964,NA,NA,NA,NA,NA,NA,NA,NA,NA,NA,NA,NA,NA,"",NA,NA,NA,197909.77,-137523.77,1,"S",0.875706946902655,-0.608512256637168
NA,"Sky-A4-4",191.06371,-146.88677,NA,NA,NA,NA,270.7165866,-22.467553904,NA,NA,NA,NA,NA,NA,NA,NA,NA,NA,NA,NA,NA,"",NA,NA,NA,191063.71,-146886.77,1,"S",0.845414646017699,-0.649941460176991
NA,"Sky-A4-5",183.77509,-155.90952,NA,NA,NA,NA,270.6839788,-22.505256381,NA,NA,NA,NA,NA,NA,NA,NA,NA,NA,NA,NA,NA,"",NA,NA,NA,183775.09,-155909.52,1,"S",0.813164115044248,-0.689865132743363
NA,"Sky-A4-6",176.06079,-164.57115,NA,NA,NA,NA,270.6494291,-22.541459215,NA,NA,NA,NA,NA,NA,NA,NA,NA,NA,NA,NA,NA,"",NA,NA,NA,176060.79,-164571.15,1,"S",0.779030044247788,-0.72819092920354
NA,"Sky-A4-7",167.93867,-172.85157,NA,NA,NA,NA,270.6130172,-22.576077442,NA,NA,NA,NA,NA,NA,NA,NA,NA,NA,NA,NA,NA,"",NA,NA,NA,167938.67,-172851.57,1,"S",0.743091460176991,-0.764829955752212
NA,"Sky-A5-1",-148.4702,-189.83588,NA,NA,NA,NA,269.1865833,-22.647342927,NA,NA,NA,NA,NA,NA,NA,NA,NA,NA,NA,NA,NA,"",NA,NA,NA,-148470.2,-189835.88,1,"S",-0.656947787610619,-0.839981769911504
NA,"Sky-A5-2",-157.43205,-182.47249,NA,NA,NA,NA,269.1463007,-22.616543299,NA,NA,NA,NA,NA,NA,NA,NA,NA,NA,NA,NA,NA,"",NA,NA,NA,-157432.05,-182472.49,1,"S",-0.696601991150442,-0.807400398230088
NA,"Sky-A5-3",-166.02924,-174.68645,NA,NA,NA,NA,269.1076867,-22.583980792,NA,NA,NA,NA,NA,NA,NA,NA,NA,NA,NA,NA,NA,"",NA,NA,NA,-166029.24,-174686.45,1,"S",-0.734642654867257,-0.77294889380531
NA,"Sky-A5-4",-174.24185,-166.49577,NA,NA,NA,NA,269.0708312,-22.549731751,NA,NA,NA,NA,NA,NA,NA,NA,NA,NA,NA,NA,NA,"",NA,NA,NA,-174241.85,-166495.77,1,"S",-0.770981637168142,-0.736706946902655
NA,"Sky-A5-5",-182.05086,-157.91943,NA,NA,NA,NA,269.0358194,-22.513876567,NA,NA,NA,NA,NA,NA,NA,NA,NA,NA,NA,NA,NA,"",NA,NA,NA,-182050.86,-157919.43,1,"S",-0.805534778761062,-0.698758539823009
NA,"Sky-A5-6",-189.43818,-148.97731,NA,NA,NA,NA,269.0027324,-22.47649938,NA,NA,NA,NA,NA,NA,NA,NA,NA,NA,NA,NA,NA,"",NA,NA,NA,-189438.18,-148977.31,1,"S",-0.83822203539823,-0.659191637168142
NA,"Sky-A5-7",-196.38671,-139.6901,NA,NA,NA,NA,268.9716462,-22.437687694,NA,NA,NA,NA,NA,NA,NA,NA,NA,NA,NA,NA,NA,"",NA,NA,NA,-196386.71,-139690.1,1,"S",-0.868967743362832,-0.61809778761062
NA,"Sky-H1-1",-181.17025,158.92893,NA,NA,NA,NA,269.0467564,-21.194409437,NA,NA,NA,NA,NA,NA,NA,NA,NA,NA,NA,NA,NA,"",NA,NA,NA,-181170.25,158928.93,1,"S",-0.801638274336283,0.703225353982301
NA,"Sky-H1-2",-173.31368,167.46173,NA,NA,NA,NA,269.0820432,-21.159024674,NA,NA,NA,NA,NA,NA,NA,NA,NA,NA,NA,NA,NA,"",NA,NA,NA,-173313.68,167461.73,1,"S",-0.766874690265487,0.74098110619469
NA,"Sky-H1-3",-165.05567,175.60663,NA,NA,NA,NA,269.1190991,-21.125256666,NA,NA,NA,NA,NA,NA,NA,NA,NA,NA,NA,NA,NA,"",NA,NA,NA,-165055.67,175606.63,1,"S",-0.73033482300885,0.777020486725664
NA,"Sky-H1-4",-156.41534,183.34477,NA,NA,NA,NA,269.1578384,-21.093182643,NA,NA,NA,NA,NA,NA,NA,NA,NA,NA,NA,NA,NA,"",NA,NA,NA,-156415.34,183344.77,1,"S",-0.692103274336283,0.811260044247788
NA,"Sky-H1-5",-147.4127,190.65822,NA,NA,NA,NA,269.1981716,-21.062875961,NA,NA,NA,NA,NA,NA,NA,NA,NA,NA,NA,NA,NA,"",NA,NA,NA,-147412.7,190658.22,1,"S",-0.652268584070796,0.843620442477876
NA,"Sky-H1-6",-138.06861,197.53006,NA,NA,NA,NA,269.2400055,-21.034405788,NA,NA,NA,NA,NA,NA,NA,NA,NA,NA,NA,NA,NA,"",NA,NA,NA,-138068.61,197530.06,1,"S",-0.610923053097345,0.874026814159292
NA,"Sky-H1-7",-128.4047,203.94434,NA,NA,NA,NA,269.2832441,-21.007837262,NA,NA,NA,NA,NA,NA,NA,NA,NA,NA,NA,NA,NA,"",NA,NA,NA,-128404.7,203944.34,1,"S",-0.568162389380531,0.902408584070796
NA,"Sky-H1-8",-118.44464,209.88551,NA,NA,NA,NA,269.3277822,-20.983233888,NA,NA,NA,NA,NA,NA,NA,NA,NA,NA,NA,NA,NA,"",NA,NA,NA,-118444.64,209885.51,1,"S",-0.524091327433628,0.928696946902655
NA,"Sky-H2-1",-100.81652,218.89973,NA,NA,NA,NA,269.4065552,-20.945915706,NA,NA,NA,NA,NA,NA,NA,NA,NA,NA,NA,NA,NA,"",NA,NA,NA,-100816.52,218899.73,1,"S",-0.446090796460177,0.968582876106195
NA,"Sky-H2-2",-90.16757,223.49692,NA,NA,NA,NA,269.4541126,-20.926889705,NA,NA,NA,NA,NA,NA,NA,NA,NA,NA,NA,NA,NA,"",NA,NA,NA,-90167.57,223496.92,1,"S",-0.398971548672566,0.988924424778761
NA,"Sky-H2-3",-79.30977,227.57641,NA,NA,NA,NA,269.5025841,-20.910010431,NA,NA,NA,NA,NA,NA,NA,NA,NA,NA,NA,NA,NA,"",NA,NA,NA,-79309.77,227576.41,1,"S",-0.350928185840708,1.00697526548673
NA,"Sky-H2-4",-68.26826,231.12877,NA,NA,NA,NA,269.5518591,-20.895316215,NA,NA,NA,NA,NA,NA,NA,NA,NA,NA,NA,NA,NA,"",NA,NA,NA,-68268.26,231128.77,1,"S",-0.302071946902655,1.02269367256637
NA,"Sky-H2-5",-57.06862,234.14576,NA,NA,NA,NA,269.6018252,-20.882840514,NA,NA,NA,NA,NA,NA,NA,NA,NA,NA,NA,NA,NA,"",NA,NA,NA,-57068.62,234145.76,1,"S",-0.252516017699115,1.03604318584071
NA,"Sky-H2-6",-45.73679,236.62039,NA,NA,NA,NA,269.6523686,-20.87261168,NA,NA,NA,NA,NA,NA,NA,NA,NA,NA,NA,NA,NA,"",NA,NA,NA,-45736.79,236620.39,1,"S",-0.20237517699115,1.04699287610619
NA,"Sky-H2-7",-34.29902,238.54693,NA,NA,NA,NA,269.7033742,-20.864652918,NA,NA,NA,NA,NA,NA,NA,NA,NA,NA,NA,NA,NA,"",NA,NA,NA,-34299.02,238546.93,1,"S",-0.151765575221239,1.05551738938053
NA,"Sky-H2-8",-22.78326,239.92079,NA,NA,NA,NA,269.7547194,-20.858982792,NA,NA,NA,NA,NA,NA,NA,NA,NA,NA,NA,NA,NA,"",NA,NA,NA,-22783.26,239920.79,1,"S",-0.100810884955752,1.0615964159292
NA,"Sky-H3-1",184.61356,154.91577,NA,NA,NA,NA,270.6808831,-21.211449074,NA,NA,NA,NA,NA,NA,NA,NA,NA,NA,NA,NA,NA,"",NA,NA,NA,184613.56,154915.77,1,"S",0.816874159292035,0.685468008849557
NA,"Sky-H3-2",191.8534,145.85382,NA,NA,NA,NA,270.713415,-21.249038861,NA,NA,NA,NA,NA,NA,NA,NA,NA,NA,NA,NA,NA,"",NA,NA,NA,191853.4,145853.82,1,"S",0.848908849557522,0.645370884955752
NA,"Sky-H3-3",198.64884,136.45402,NA,NA,NA,NA,270.7439844,-21.288037147,NA,NA,NA,NA,NA,NA,NA,NA,NA,NA,NA,NA,NA,"",NA,NA,NA,198648.84,136454.02,1,"S",0.878977168141593,0.603778849557522
NA,"Sky-H3-4",204.98415,126.73816,NA,NA,NA,NA,270.77252,-21.328354488,NA,NA,NA,NA,NA,NA,NA,NA,NA,NA,NA,NA,NA,"",NA,NA,NA,204984.15,126738.16,1,"S",0.907009513274336,0.560788318584071
NA,"Sky-H3-5",210.84465,116.72873,NA,NA,NA,NA,270.7989551,-21.3698985,NA,NA,NA,NA,NA,NA,NA,NA,NA,NA,NA,NA,NA,"",NA,NA,NA,210844.65,116728.73,1,"S",0.93294092920354,0.516498805309734
NA,"Sky-H3-6",216.21677,106.44891,NA,NA,NA,NA,270.8232274,-21.412573887,NA,NA,NA,NA,NA,NA,NA,NA,NA,NA,NA,NA,NA,"",NA,NA,NA,216216.77,106448.91,1,"S",0.956711371681416,0.471012876106195
NA,"Sky-H3-7",221.08806,95.92253,NA,NA,NA,NA,270.8452796,-21.456282601,NA,NA,NA,NA,NA,NA,NA,NA,NA,NA,NA,NA,NA,"",NA,NA,NA,221088.06,95922.53,1,"S",0.978265752212389,0.424435973451327
NA,"Sky-H3-8",225.44672,85.17533,NA,NA,NA,NA,270.865057,-21.500918595,NA,NA,NA,NA,NA,NA,NA,NA,NA,NA,NA,NA,NA,"",NA,NA,NA,225446.72,85175.33,1,"S",0.99755185840708,0.376881991150442
NA,"Sky-H4-1",239.9828,-22.12059,NA,NA,NA,NA,270.9331471,-21.947153611,NA,NA,NA,NA,NA,NA,NA,NA,NA,NA,NA,NA,NA,"",NA,NA,NA,239982.8,-22120.59,1,"S",1.06187079646018,-0.0978787168141593
NA,"Sky-H4-2",238.64054,-33.64155,NA,NA,NA,NA,270.9274572,-21.995136962,NA,NA,NA,NA,NA,NA,NA,NA,NA,NA,NA,NA,NA,"",NA,NA,NA,238640.54,-33641.55,1,"S",1.05593159292035,-0.148856415929204
NA,"Sky-H4-3",236.74552,-45.08459,NA,NA,NA,NA,270.9192808,-22.04280952,NA,NA,NA,NA,NA,NA,NA,NA,NA,NA,NA,NA,NA,"",NA,NA,NA,236745.52,-45084.59,1,"S",1.04754654867257,-0.199489336283186
NA,"Sky-H4-4",234.30213,-56.42319,NA,NA,NA,NA,270.9086345,-22.090060622,NA,NA,NA,NA,NA,NA,NA,NA,NA,NA,NA,NA,NA,"",NA,NA,NA,234302.13,-56423.19,1,"S",1.03673508849558,-0.249660132743363
NA,"Sky-H4-5",231.31601,-67.6311,NA,NA,NA,NA,270.8955408,-22.136780605,NA,NA,NA,NA,NA,NA,NA,NA,NA,NA,NA,NA,NA,"",NA,NA,NA,231316.01,-67631.1,1,"S",1.02352216814159,-0.299252654867257
NA,"Sky-H4-6",227.79409,-78.68236,NA,NA,NA,NA,270.8800278,-22.182860885,NA,NA,NA,NA,NA,NA,NA,NA,NA,NA,NA,NA,NA,"",NA,NA,NA,227794.09,-78682.36,1,"S",1.00793845132743,-0.34815203539823
NA,"Sky-H4-7",223.74453,-89.55136,NA,NA,NA,NA,270.8621295,-22.228194217,NA,NA,NA,NA,NA,NA,NA,NA,NA,NA,NA,NA,NA,"",NA,NA,NA,223744.53,-89551.36,1,"S",0.990020044247788,-0.396244955752212
NA,"Sky-H4-8",219.17732,-100.21161,NA,NA,NA,NA,270.8418879,-22.272669565,NA,NA,NA,NA,NA,NA,NA,NA,NA,NA,NA,NA,NA,"",NA,NA,NA,219177.32,-100211.61,1,"S",0.969811150442478,-0.443414203539823
NA,"Sky-H5-1",41.83481,-237.34134,NA,NA,NA,NA,270.0451127,-22.84603625,NA,NA,NA,NA,NA,NA,NA,NA,NA,NA,NA,NA,NA,"",NA,NA,NA,41834.81,-237341.34,1,"S",0.185109778761062,-1.05018292035398
NA,"Sky-H5-2",30.36687,-239.07931,NA,NA,NA,NA,269.9933415,-22.853327464,NA,NA,NA,NA,NA,NA,NA,NA,NA,NA,NA,NA,NA,"",NA,NA,NA,30366.87,-239079.31,1,"S",0.134366681415929,-1.05787305309735
NA,"Sky-H5-3",18.8286,-240.26349,NA,NA,NA,NA,269.9412449,-22.858299629,NA,NA,NA,NA,NA,NA,NA,NA,NA,NA,NA,NA,NA,"",NA,NA,NA,18828.6,-240263.49,1,"S",0.083312389380531,-1.06311278761062
NA,"Sky-H5-4",7.2467,-240.89115,NA,NA,NA,NA,269.8889458,-22.860940958,NA,NA,NA,NA,NA,NA,NA,NA,NA,NA,NA,NA,NA,"",NA,NA,NA,7246.7,-240891.15,1,"S",0.0320650442477876,-1.06589004424779
NA,"Sky-H5-5",-4.35197,-240.96083,NA,NA,NA,NA,269.8365679,-22.861245088,NA,NA,NA,NA,NA,NA,NA,NA,NA,NA,NA,NA,NA,"",NA,NA,NA,-4351.97,-240960.83,1,"S",-0.0192565044247788,-1.06619836283186
NA,"Sky-H5-6",-15.94057,-240.47237,NA,NA,NA,NA,269.784235,-22.859211202,NA,NA,NA,NA,NA,NA,NA,NA,NA,NA,NA,NA,NA,"",NA,NA,NA,-15940.57,-240472.37,1,"S",-0.0705334955752212,-1.06403703539823
NA,"Sky-H5-7",-27.49224,-239.4269,NA,NA,NA,NA,269.7320707,-22.854843988,NA,NA,NA,NA,NA,NA,NA,NA,NA,NA,NA,NA,NA,"",NA,NA,NA,-27492.24,-239426.9,1,"S",-0.121647079646018,-1.0594110619469
NA,"Sky-H5-8",-38.97879,-237.82707,NA,NA,NA,NA,269.6802047,-22.848154609,NA,NA,NA,NA,NA,NA,NA,NA,NA,NA,NA,NA,NA,"",NA,NA,NA,-38978.79,-237827.07,1,"S",-0.172472522123894,-1.05233216814159
NA,"Sky-H6-1",-58.36925,-233.82492,NA,NA,NA,NA,269.5926667,-22.831411234,NA,NA,NA,NA,NA,NA,NA,NA,NA,NA,NA,NA,NA,"",NA,NA,NA,-58369.25,-233824.92,1,"S",-0.258271017699115,-1.03462353982301
NA,"Sky-H6-2",-68.39751,-226.9158,NA,NA,NA,NA,269.5471003,-22.803642552,NA,NA,NA,NA,NA,NA,NA,NA,NA,NA,NA,NA,NA,"",NA,NA,NA,-68397.51,-226915.8,3,"S",-0.302643849557522,-1.00405221238938
NA,"Sky-H6-3",-80.57354,-227.13205,NA,NA,NA,NA,269.492466,-22.803402987,NA,NA,NA,NA,NA,NA,NA,NA,NA,NA,NA,NA,NA,"",NA,NA,NA,-80573.54,-227132.05,1,"S",-0.356520088495575,-1.00500907079646
NA,"Sky-H6-4",-91.4085,-222.99226,NA,NA,NA,NA,269.4435931,-22.786077709,NA,NA,NA,NA,NA,NA,NA,NA,NA,NA,NA,NA,NA,"",NA,NA,NA,-91408.5,-222992.26,1,"S",-0.404462389380531,-0.986691415929204
NA,"Sky-H6-5",-102.03172,-218.33596,NA,NA,NA,NA,269.3956927,-22.766591,NA,NA,NA,NA,NA,NA,NA,NA,NA,NA,NA,NA,NA,"",NA,NA,NA,-102031.72,-218335.96,1,"S",-0.45146778761062,-0.966088318584071
NA,"Sky-H6-6",-112.41861,-213.17391,NA,NA,NA,NA,269.3488774,-22.744988602,NA,NA,NA,NA,NA,NA,NA,NA,NA,NA,NA,NA,NA,"",NA,NA,NA,-112418.61,-213173.91,1,"S",-0.497427477876106,-0.943247389380531
NA,"Sky-H6-7",-122.54511,-207.51809,NA,NA,NA,NA,269.3032571,-22.72132142,NA,NA,NA,NA,NA,NA,NA,NA,NA,NA,NA,NA,NA,"",NA,NA,NA,-122545.11,-207518.09,1,"S",-0.542235,-0.918221637168142
NA,"Sky-H6-8",-132.38652,-201.3824,NA,NA,NA,NA,269.2589444,-22.695648463,NA,NA,NA,NA,NA,NA,NA,NA,NA,NA,NA,NA,NA,"",NA,NA,NA,-132386.52,-201382.4,1,"S",-0.585781061946903,-0.891072566371681
NA,"Sky-H7-1",-207.18967,-123.09956,NA,NA,NA,NA,268.9234014,-22.368375554,NA,NA,NA,NA,NA,NA,NA,NA,NA,NA,NA,NA,NA,"",NA,NA,NA,-207189.67,-123099.56,1,"S",-0.916768451327434,-0.544688318584071
NA,"Sky-H7-2",-212.87255,-112.98823,NA,NA,NA,NA,268.8980755,-22.32614541,NA,NA,NA,NA,NA,NA,NA,NA,NA,NA,NA,NA,NA,"",NA,NA,NA,-212872.55,-112988.23,1,"S",-0.941913938053097,-0.499947920353982
NA,"Sky-H7-3",-218.06235,-102.61518,NA,NA,NA,NA,268.8749895,-22.282832607,NA,NA,NA,NA,NA,NA,NA,NA,NA,NA,NA,NA,NA,"",NA,NA,NA,-218062.35,-102615.18,1,"S",-0.964877654867257,-0.454049469026549
NA,"Sky-H7-4",-222.74704,-92.00444,NA,NA,NA,NA,268.8541953,-22.238538334,NA,NA,NA,NA,NA,NA,NA,NA,NA,NA,NA,NA,NA,"",NA,NA,NA,-222747.04,-92004.44,1,"S",-0.985606371681416,-0.407099292035398
NA,"Sky-H7-5",-226.91579,-81.18059,NA,NA,NA,NA,268.8357394,-22.193365985,NA,NA,NA,NA,NA,NA,NA,NA,NA,NA,NA,NA,NA,"",NA,NA,NA,-226915.79,-81180.59,1,"S",-1.00405216814159,-0.359206150442478
NA,"Sky-H7-6",-230.55892,-70.1687,NA,NA,NA,NA,268.8196629,-22.147420916,NA,NA,NA,NA,NA,NA,NA,NA,NA,NA,NA,NA,NA,"",NA,NA,NA,-230558.92,-70168.7,1,"S",-1.02017221238938,-0.310480973451327
NA,"Sky-H7-7",-233.66801,-58.99428,NA,NA,NA,NA,268.8060011,-22.100810207,NA,NA,NA,NA,NA,NA,NA,NA,NA,NA,NA,NA,NA,"",NA,NA,NA,-233668.01,-58994.28,1,"S",-1.03392924778761,-0.261036637168142
NA,"Sky-H7-8",-236.23556,-47.68464,NA,NA,NA,NA,268.7947849,-22.053648344,NA,NA,NA,NA,NA,NA,NA,NA,NA,NA,NA,NA,NA,"",NA,NA,NA,-236235.56,-47684.64,1,"S",-1.04529008849558,-0.210993982300885
