#OBSTEMP,8
#CONFIGTEMP,19
#EQUINOX,J2000.0
#CENTRE,17 59 26.21,-21 51 41.2 #Field centre
#UTTIME,14 00 00.00 #Target observing time
#UTDATE,2021 07 10 #Target observing date
#PLATEID,a test_plateID
#LABEL,a test_label
#TILING_DATE,2021 06 15 # Date the tile was created/configured
#PROXIMITY,220 # tiling proximity value in arcseconds
"probe","ID","x","y","rads","angs","azAngs","angs_azAng","RA","DEC","g_mag","r_mag","i_mag","z_mag","y_mag","GAIA_g_mag","GAIA_bp_mag","GAIA_rp_mag","pmRA","pmDEC","priority","remaining_observations","Tile_number","COMPLETED","MagnetX_noDC","MagnetY_noDC","type","MagnetX","MagnetY","SkyFibrePosition","fibre_type","fraction_plate_radius_X","fraction_plate_radius_Y"
1,"4070333634471981696",-16.41835,3.04006,16.6974303869218,1.64235723410474,-0.183088723273611,1.82544595737836,269.78284,-21.848316,19.074499130249,17.7325000762939,16.9603996276855,16.4951992034912,16.2021999359131,17.552135,18.707064,16.487682,-2.89425804108367,-5.50853624084021,1,1,-999,"False",-17252.5604123635,2969.93822680403,1,-16418.35,3040.06,NA,"P",-0.0726475663716814,0.013451592920354
2,"4070820443247244544",-23.28305,195.76585,197.14555141703,2.78026620498535,-1.4524192345624,4.23268543954774,269.754,-21.035776,19.0520000457764,17.0587997436523,16.0156993865967,15.3276996612549,14.9357004165649,16.648617,18.112087,15.332963,-1.72863813797359,-4.2158747270433,1,1,-999,"False",-23770.4004123641,186603.978226804,1,-23283.05,195765.85,NA,"P",-0.103022345132743,0.866220575221239
3,"4069942723729360640",54.32936,-17.05386,56.9430724400186,1.31641318968666,2.83743496213738,4.76216353472887,270.11063,-21.934496,19.2294998168945,17.7870006561279,16.9762001037598,16.4587993621826,16.1387996673584,17.590403,18.765192,16.462938,1.18252729585246,-1.13518903116808,1,1,-999,"False",56827.9795876349,-16506.7417731957,1,54329.36,-17053.86,NA,"P",0.240395398230089,-0.0754595575221239
4,"4069925479458588416",114.2664,-46.21782,123.25947044553,1.00462332068655,2.75723509843265,4.53057352943349,270.38522,-22.057846,20.2325000762939,17.9496994018555,16.6730003356934,15.8168001174927,15.2918996810913,17.305567,19.224298,15.920946,-2.71453429342512,-5.25978472495178,1,1,-999,"False",118885.319587632,-44383.8417731962,1,114266.4,-46217.82,NA,"P",0.505603539823009,-0.204503628318584
5,"4070748940633258240",59.5772,109.27352,124.459410785326,3.16895731881155,4.21322945027425,5.23891317571689,270.13226,-21.394917,19.0958995819092,17.800500869751,17.0389995574951,16.5699996948242,16.3206005096436,17.596832,18.708937,16.550102,-0.06953877821147,-3.04750799029127,1,1,-999,"False",61716.3595876257,105438.112226804,1,59577.2,109273.52,NA,"P",0.26361592920354,0.483511150442478
6,"4069932381447140864",123.55101,-22.7926,125.63580177155,4.22387750725304,2.95916443304193,1.26471307421112,270.4274,-21.957733,18.798999786377,17.0958995819092,16.1527004241943,15.5564002990723,15.1893997192383,16.767958,18.199785,15.597225,-1.76426878755653,-2.60387751291171,1,1,-999,"False",128417.999587626,-21758.3037731961,1,123551.01,-22792.6,NA,"P",0.546685884955752,-0.100852212389381
7,"4069479215170232192",67.29396,-201.52789,212.466391460705,4.05951622923457,1.89307374791762,2.16644248131695,270.1654,-22.707262,17.6833992004395,16.2518005371094,15.4833002090454,15.0037002563477,14.7005996704102,16.057446,17.172094,14.98688,0.416267163241802,-1.87837193444193,1,1,-999,"False",69205.9995876264,-191151.857773196,1,67293.96,-201527.89,NA,"P",0.297760884955752,-0.891716327433628
8,"4069879776690298624",187.61671,-69.94805,200.231764637948,4.66811556555123,2.78473089631541,1.88338466923582,270.71222,-22.153858,19.3787002563477,17.1707000732422,15.9448003768921,15.1308002471924,14.6225996017456,16.589115,18.339586,15.233846,0.276323359319178,-1.01708552627615,1,1,-999,"False",192787.319587632,-66082.5537731958,1,187616.71,-69948.05,NA,"P",0.830162433628319,-0.309504646017699
9,"4070394313770061568",-146.1667,22.3953,147.872423564977,2.14790080588794,-0.152035176298375,2.29993598218632,269.18948,-21.764776,16.5667991638184,15.6752996444702,15.1712999343872,14.8849000930786,14.6445999145508,15.587476,16.3091,14.684659,-1.26777816840198,-2.6058917934776,1,1,-999,"False",-151351.920412368,21849.9782268039,1,-146166.7,22395.3,NA,"P",-0.646755309734513,0.0990942477876106
10,"4070394146295030400",-159.45677,31.21725,162.483778256155,-1.2155250311633,-0.193327368020399,5.26098764403668,269.1306,-21.727318,17.7292995452881,16.6082000732422,15.9724998474121,15.5860996246338,15.3371000289917,16.481762,17.347683,15.397919,-0.886891850557859,0.594896191743076,1,1,-999,"False",-164658.800412365,30315.4862268041,1,-159456.77,31217.25,NA,"P",-0.70556092920354,0.138129424778761
11,"4070356762912513792",-159.55507,-3.979,159.604676634818,1.85966259189386,0.0249329303629295,1.83472966153093,269.12906,-21.876707,19.156400680542,16.9409999847412,15.7103996276855,14.9461002349854,14.4858999252319,16.360785,18.111652,15.040188,-1.06165113501549,-2.56345297350786,1,1,-999,"False",-165006.840412373,-3446.42777319579,1,-159555.07,-3979,NA,"P",-0.705995884955752,-0.0176061946902655
12,"4070722728478901888",15.78914,72.43851,74.1392923688897,3.36331254999745,4.4977794987377,5.14871835843934,269.93198,-21.550837,16.5496006011963,15.3155002593994,14.6026000976563,14.1401996612549,13.8493995666504,15.134415,16.16797,14.10671,-0.282919414381909,-2.03664812492382,1,1,-999,"False",16453.0795876339,70200.1922268038,1,15789.14,72438.51,NA,"P",0.0698634513274336,0.320524380530973
13,"4070793337744326272",-56.57528,156.6325,166.536789819332,0.303861627311697,-1.22418097020845,1.52804259752015,269.6018,-21.196821,17.8518009185791,16.0125999450684,14.9710998535156,14.3269996643066,13.9260997772217,15.603915,17.099321,14.381387,-0.802586031375348,-2.96414146106552,1,1,-999,"False",-58167.6004123626,150207.808226804,1,-56575.28,156632.5,NA,"P",-0.250333097345133,0.693064159292035
14,"4070397715387893504",-184.58357,37.48133,188.350589095213,-1.35415704461303,-0.200335037441924,5.12936330000848,269.02017,-21.701,19.0680999755859,17.5673999786377,16.6574993133545,16.1308002471924,15.8639001846313,17.313032,18.38592,16.001606,1.84725887299336,-4.88648197082261,1,1,-999,"False",-189615.980412367,36263.354226804,1,-184583.57,37481.33,NA,"P",-0.816741460176991,0.165846592920354
15,"4069491859554057728",74.34139,-152.38013,169.54747502086,0.8219879563535,2.02469131990336,5.08048194362973,270.20004,-22.506632,18.6557006835938,16.2276000976563,14.7924003601074,13.9194002151489,13.3712997436523,15.458632,17.490833,14.087029,-2.04592342101698,-1.30208775660074,1,1,-999,"False",77034.6395876319,-145809.477773196,1,74341.39,-152380.13,NA,"P",0.328944203539823,-0.674248362831858
16,"4070805947751369984",68.31166,164.19037,177.834081358699,2.75955579373875,4.31812208747078,4.72461901344755,270.16922,-21.1663,18.3908004760742,17.3397998809814,16.6916007995605,17.0419998168945,16.6560001373291,17.255253,17.992493,16.043255,0.348025477193458,-0.905887953313583,1,1,-999,"False",70069.3195876306,157105.554226804,1,68311.66,164190.37,NA,"P",0.302263982300885,0.726506061946903
17,"4070692801146159872",32.83102,-15.34385,36.2396137819224,1.41618887534612,2.70439768960895,4.99497649291675,270.0114,-21.927391,17.6375007629395,15.3692998886108,14.1201000213623,13.3340997695923,12.8435001373291,14.771573,16.598661,13.455004,-2.58919253390929,-2.39808482795191,1,1,-999,"False",34401.9995876272,-14901.0117731959,1,32831.02,-15343.85,NA,"P",0.14527,-0.0678931415929204
18,"4070370021439451776",-181.58012,16.07828,182.290567685146,1.48385085533373,-0.0883161444411531,1.57216699977489,269.0323,-21.791368,19.9305000305176,17.7262001037598,16.5366992950439,15.7836999893188,15.3266000747681,17.175673,18.741941,15.818959,-5.28812257619249,-6.68658524305617,1,1,-999,"False",-186874.600412364,15840.1862268045,1,-181580.12,16078.28,NA,"P",-0.80345185840708,0.0711428318584071
19,"4069948844080318976",100.59803,3.25201,100.650579774391,3.99825256318483,3.17390817611139,0.824344387073439,270.323,-21.846916,19.011999130249,17.4554004669189,16.5919990539551,16.0259990692139,15.6676998138428,17.197283,18.552937,16.051394,-1.43099133108724,-2.93881630178836,1,1,-999,"False",104823.599587627,3286.33822680409,1,100598.03,3252.01,NA,"P",0.445124026548673,0.0143894247787611
20,"4069519003748464768",-104.50434,-176.25365,204.906091215362,2.69731090375067,1.03559886460144,1.66171203914924,269.45374,-21.606379,15.4715995788574,14.8599004745483,14.5906000137329,14.4418001174927,14.3641996383667,14.871897,15.369585,14.2098875,1.63250913374768,-4.3009558379593,1,NA,NA,"",-91629.1604123725,57647.700226804,0,-88117.16,59506.46,NA,"P",-0.389898938053097,0.263302920353982
21,"4070391191374123008",-88.11716,59.50646,106.328042717795,1.87015578836524,-0.59396307598402,2.46411886434926,269.38293,-22.60225,14.6854000091553,14.1328001022339,13.8763999938965,13.7358999252319,13.6154003143311,14.114243,14.586706,13.474069,-0.900743859548436,-0.83110219813758,1,NA,NA,"",-107632.220412371,-167419.145773196,0,-104504.34,-176253.65,NA,"P",-0.462408584070796,-0.779883407079646
NA,"Sky-A1-1",-226.46104,82.44066,NA,NA,NA,NA,268.8451796,-21.514895889,NA,NA,NA,NA,NA,NA,NA,NA,NA,NA,NA,NA,NA,"",NA,NA,NA,-226461.04,82440.66,1,"S",-1.00204,0.364781681415929
NA,"Sky-A1-2",-222.23219,93.24117,NA,NA,NA,NA,268.8644061,-21.470016125,NA,NA,NA,NA,NA,NA,NA,NA,NA,NA,NA,NA,NA,"",NA,NA,NA,-222232.19,93241.17,1,"S",-0.983328274336283,0.412571548672566
NA,"Sky-A1-3",-217.48859,103.8257,NA,NA,NA,NA,268.8859195,-21.426046058,NA,NA,NA,NA,NA,NA,NA,NA,NA,NA,NA,NA,NA,"",NA,NA,NA,-217488.59,103825.7,1,"S",-0.96233889380531,0.459405752212389
NA,"Sky-A1-4",-212.24121,114.16975,NA,NA,NA,NA,268.9096686,-21.383086776,NA,NA,NA,NA,NA,NA,NA,NA,NA,NA,NA,NA,NA,"",NA,NA,NA,-212241.21,114169.75,1,"S",-0.939120398230089,0.505175884955752
NA,"Sky-A1-5",-206.50222,124.24934,NA,NA,NA,NA,268.9355969,-21.341237121,NA,NA,NA,NA,NA,NA,NA,NA,NA,NA,NA,NA,NA,"",NA,NA,NA,-206502.22,124249.34,1,"S",-0.913726637168142,0.549775840707965
NA,"Sky-A1-6",-200.2849,134.04112,NA,NA,NA,NA,268.9636432,-21.300593234,NA,NA,NA,NA,NA,NA,NA,NA,NA,NA,NA,NA,NA,"",NA,NA,NA,-200284.9,134041.12,1,"S",-0.886216371681416,0.593102300884956
NA,"Sky-A1-7",-193.60365,143.52243,NA,NA,NA,NA,268.9937417,-21.261248324,NA,NA,NA,NA,NA,NA,NA,NA,NA,NA,NA,NA,NA,"",NA,NA,NA,-193603.65,143522.43,1,"S",-0.856653318584071,0.635055
NA,"Sky-A2-1",-3.01251,240.9813,NA,NA,NA,NA,269.8457811,-20.85755097,NA,NA,NA,NA,NA,NA,NA,NA,NA,NA,NA,NA,NA,"",NA,NA,NA,-3012.51,240981.3,1,"S",-0.0133296902654867,1.0662889380531
NA,"Sky-A2-2",8.5856,240.84715,NA,NA,NA,NA,269.8974834,-20.858123925,NA,NA,NA,NA,NA,NA,NA,NA,NA,NA,NA,NA,NA,"",NA,NA,NA,8585.6,240847.15,1,"S",0.0379893805309735,1.0656953539823
NA,"Sky-A2-3",20.16382,240.15512,NA,NA,NA,NA,269.9490971,-20.861006151,NA,NA,NA,NA,NA,NA,NA,NA,NA,NA,NA,NA,NA,"",NA,NA,NA,20163.82,240155.12,1,"S",0.0892204424778761,1.06263327433628
NA,"Sky-A2-4",31.69534,238.90682,NA,NA,NA,NA,270.0005049,-20.866190954,NA,NA,NA,NA,NA,NA,NA,NA,NA,NA,NA,NA,NA,"",NA,NA,NA,31695.34,238906.82,1,"S",0.140244867256637,1.05710982300885
NA,"Sky-A2-5",43.15344,237.10513,NA,NA,NA,NA,270.0515899,-20.873666467,NA,NA,NA,NA,NA,NA,NA,NA,NA,NA,NA,NA,NA,"",NA,NA,NA,43153.44,237105.13,1,"S",0.190944424778761,1.04913774336283
NA,"Sky-A2-6",54.51158,234.75423,NA,NA,NA,NA,270.1022359,-20.883415536,NA,NA,NA,NA,NA,NA,NA,NA,NA,NA,NA,NA,NA,"",NA,NA,NA,54511.58,234754.23,1,"S",0.241201681415929,1.03873553097345
NA,"Sky-A2-7",65.74346,231.85957,NA,NA,NA,NA,270.1523277,-20.895415834,NA,NA,NA,NA,NA,NA,NA,NA,NA,NA,NA,NA,NA,"",NA,NA,NA,65743.46,231859.57,1,"S",0.290900265486726,1.02592730088496
NA,"Sky-A3-1",231.67752,66.38214,NA,NA,NA,NA,270.8963869,-21.581925203,NA,NA,NA,NA,NA,NA,NA,NA,NA,NA,NA,NA,NA,"",NA,NA,NA,231677.52,66382.14,1,"S",1.0251217699115,0.293726283185841
NA,"Sky-A3-2",234.60313,55.15828,NA,NA,NA,NA,270.9097924,-21.628572058,NA,NA,NA,NA,NA,NA,NA,NA,NA,NA,NA,NA,NA,"",NA,NA,NA,234603.13,55158.28,1,"S",1.03806694690265,0.244063185840708
NA,"Sky-A3-3",236.98531,43.80666,NA,NA,NA,NA,270.9207764,-21.675762149,NA,NA,NA,NA,NA,NA,NA,NA,NA,NA,NA,NA,NA,"",NA,NA,NA,236985.31,43806.66,1,"S",1.04860756637168,0.193834778761062
NA,"Sky-A3-4",238.81857,32.35357,NA,NA,NA,NA,270.9293114,-21.723386715,NA,NA,NA,NA,NA,NA,NA,NA,NA,NA,NA,NA,NA,"",NA,NA,NA,238818.57,32353.57,1,"S",1.05671933628319,0.143157389380531
NA,"Sky-A3-5",240.09865,20.82553,NA,NA,NA,NA,270.9353757,-21.771335932,NA,NA,NA,NA,NA,NA,NA,NA,NA,NA,NA,NA,NA,"",NA,NA,NA,240098.65,20825.53,1,"S",1.06238340707965,0.0921483628318584
NA,"Sky-A3-6",240.82258,9.24926,NA,NA,NA,NA,270.9389527,-21.819499023,NA,NA,NA,NA,NA,NA,NA,NA,NA,NA,NA,NA,NA,"",NA,NA,NA,240822.58,9249.26,1,"S",1.06558663716814,0.0409259292035398
NA,"Sky-A3-7",240.98869,2.34844,NA,NA,NA,NA,270.9398964,-21.848216286,NA,NA,NA,NA,NA,NA,NA,NA,NA,NA,NA,NA,NA,"",NA,NA,NA,240988.69,2348.44,1,"S",1.06632163716814,0.0103913274336283
NA,"Sky-A4-1",210.21182,-117.86456,NA,NA,NA,NA,270.8049782,-22.349274908,NA,NA,NA,NA,NA,NA,NA,NA,NA,NA,NA,NA,NA,"",NA,NA,NA,210211.82,-117864.56,1,"S",0.930140796460177,-0.521524601769911
NA,"Sky-A4-2",204.2974,-127.84223,NA,NA,NA,NA,270.7786246,-22.390934084,NA,NA,NA,NA,NA,NA,NA,NA,NA,NA,NA,NA,NA,"",NA,NA,NA,204297.4,-127842.23,1,"S",0.903970796460177,-0.565673584070796
NA,"Sky-A4-3",197.90977,-137.52377,NA,NA,NA,NA,270.7501195,-22.431367888,NA,NA,NA,NA,NA,NA,NA,NA,NA,NA,NA,NA,NA,"",NA,NA,NA,197909.77,-137523.77,1,"S",0.875706946902655,-0.608512256637168
NA,"Sky-A4-4",191.06371,-146.88677,NA,NA,NA,NA,270.7195277,-22.470481851,NA,NA,NA,NA,NA,NA,NA,NA,NA,NA,NA,NA,NA,"",NA,NA,NA,191063.71,-146886.77,1,"S",0.845414646017699,-0.649941460176991
NA,"Sky-A4-5",183.77509,-155.90952,NA,NA,NA,NA,270.6869192,-22.508184352,NA,NA,NA,NA,NA,NA,NA,NA,NA,NA,NA,NA,NA,"",NA,NA,NA,183775.09,-155909.52,1,"S",0.813164115044248,-0.689865132743363
NA,"Sky-A4-6",176.06079,-164.57115,NA,NA,NA,NA,270.6523689,-22.544387211,NA,NA,NA,NA,NA,NA,NA,NA,NA,NA,NA,NA,NA,"",NA,NA,NA,176060.79,-164571.15,1,"S",0.779030044247788,-0.72819092920354
NA,"Sky-A4-7",167.93867,-172.85157,NA,NA,NA,NA,270.6159562,-22.579005462,NA,NA,NA,NA,NA,NA,NA,NA,NA,NA,NA,NA,NA,"",NA,NA,NA,167938.67,-172851.57,1,"S",0.743091460176991,-0.764829955752212
NA,"Sky-A5-1",-148.4702,-189.83588,NA,NA,NA,NA,269.1894919,-22.65027098,NA,NA,NA,NA,NA,NA,NA,NA,NA,NA,NA,NA,NA,"",NA,NA,NA,-148470.2,-189835.88,1,"S",-0.656947787610619,-0.839981769911504
NA,"Sky-A5-2",-157.43205,-182.47249,NA,NA,NA,NA,269.1492085,-22.619471326,NA,NA,NA,NA,NA,NA,NA,NA,NA,NA,NA,NA,NA,"",NA,NA,NA,-157432.05,-182472.49,1,"S",-0.696601991150442,-0.807400398230088
NA,"Sky-A5-3",-166.02924,-174.68645,NA,NA,NA,NA,269.1105938,-22.586908793,NA,NA,NA,NA,NA,NA,NA,NA,NA,NA,NA,NA,NA,"",NA,NA,NA,-166029.24,-174686.45,1,"S",-0.734642654867257,-0.77294889380531
NA,"Sky-A5-4",-174.24185,-166.49577,NA,NA,NA,NA,269.0737375,-22.552659727,NA,NA,NA,NA,NA,NA,NA,NA,NA,NA,NA,NA,NA,"",NA,NA,NA,-174241.85,-166495.77,1,"S",-0.770981637168142,-0.736706946902655
NA,"Sky-A5-5",-182.05086,-157.91943,NA,NA,NA,NA,269.038725,-22.516804518,NA,NA,NA,NA,NA,NA,NA,NA,NA,NA,NA,NA,NA,"",NA,NA,NA,-182050.86,-157919.43,1,"S",-0.805534778761062,-0.698758539823009
NA,"Sky-A5-6",-189.43818,-148.97731,NA,NA,NA,NA,269.0056373,-22.479427306,NA,NA,NA,NA,NA,NA,NA,NA,NA,NA,NA,NA,NA,"",NA,NA,NA,-189438.18,-148977.31,1,"S",-0.83822203539823,-0.659191637168142
NA,"Sky-A5-7",-196.38671,-139.6901,NA,NA,NA,NA,268.9745505,-22.440615595,NA,NA,NA,NA,NA,NA,NA,NA,NA,NA,NA,NA,NA,"",NA,NA,NA,-196386.71,-139690.1,1,"S",-0.868967743362832,-0.61809778761062
NA,"Sky-H1-1",-181.17025,158.92893,NA,NA,NA,NA,269.0496634,-21.197337403,NA,NA,NA,NA,NA,NA,NA,NA,NA,NA,NA,NA,NA,"",NA,NA,NA,-181170.25,158928.93,1,"S",-0.801638274336283,0.703225353982301
NA,"Sky-H1-2",-173.31368,167.46173,NA,NA,NA,NA,269.0849509,-21.161952666,NA,NA,NA,NA,NA,NA,NA,NA,NA,NA,NA,NA,NA,"",NA,NA,NA,-173313.68,167461.73,1,"S",-0.766874690265487,0.74098110619469
NA,"Sky-H1-3",-165.05567,175.60663,NA,NA,NA,NA,269.1220076,-21.128184683,NA,NA,NA,NA,NA,NA,NA,NA,NA,NA,NA,NA,NA,"",NA,NA,NA,-165055.67,175606.63,1,"S",-0.73033482300885,0.777020486725664
NA,"Sky-H1-4",-156.41534,183.34477,NA,NA,NA,NA,269.1607477,-21.096110686,NA,NA,NA,NA,NA,NA,NA,NA,NA,NA,NA,NA,NA,"",NA,NA,NA,-156415.34,183344.77,1,"S",-0.692103274336283,0.811260044247788
NA,"Sky-H1-5",-147.4127,190.65822,NA,NA,NA,NA,269.2010816,-21.065804029,NA,NA,NA,NA,NA,NA,NA,NA,NA,NA,NA,NA,NA,"",NA,NA,NA,-147412.7,190658.22,1,"S",-0.652268584070796,0.843620442477876
NA,"Sky-H1-6",-138.06861,197.53006,NA,NA,NA,NA,269.2429164,-21.037333881,NA,NA,NA,NA,NA,NA,NA,NA,NA,NA,NA,NA,NA,"",NA,NA,NA,-138068.61,197530.06,1,"S",-0.610923053097345,0.874026814159292
NA,"Sky-H1-7",-128.4047,203.94434,NA,NA,NA,NA,269.2861559,-21.010765379,NA,NA,NA,NA,NA,NA,NA,NA,NA,NA,NA,NA,NA,"",NA,NA,NA,-128404.7,203944.34,1,"S",-0.568162389380531,0.902408584070796
NA,"Sky-H1-8",-118.44464,209.88551,NA,NA,NA,NA,269.3306949,-20.986162028,NA,NA,NA,NA,NA,NA,NA,NA,NA,NA,NA,NA,NA,"",NA,NA,NA,-118444.64,209885.51,1,"S",-0.524091327433628,0.928696946902655
NA,"Sky-H2-1",-100.81652,218.89973,NA,NA,NA,NA,269.4094695,-20.948843881,NA,NA,NA,NA,NA,NA,NA,NA,NA,NA,NA,NA,NA,"",NA,NA,NA,-100816.52,218899.73,1,"S",-0.446090796460177,0.968582876106195
NA,"Sky-H2-2",-90.16757,223.49692,NA,NA,NA,NA,269.4570278,-20.929817899,NA,NA,NA,NA,NA,NA,NA,NA,NA,NA,NA,NA,NA,"",NA,NA,NA,-90167.57,223496.92,1,"S",-0.398971548672566,0.988924424778761
NA,"Sky-H2-3",-79.30977,227.57641,NA,NA,NA,NA,269.5055002,-20.912938642,NA,NA,NA,NA,NA,NA,NA,NA,NA,NA,NA,NA,NA,"",NA,NA,NA,-79309.77,227576.41,1,"S",-0.350928185840708,1.00697526548673
NA,"Sky-H2-4",-68.26826,231.12877,NA,NA,NA,NA,269.5547762,-20.898244441,NA,NA,NA,NA,NA,NA,NA,NA,NA,NA,NA,NA,NA,"",NA,NA,NA,-68268.26,231128.77,1,"S",-0.302071946902655,1.02269367256637
NA,"Sky-H2-5",-57.06862,234.14576,NA,NA,NA,NA,269.6047433,-20.885768754,NA,NA,NA,NA,NA,NA,NA,NA,NA,NA,NA,NA,NA,"",NA,NA,NA,-57068.62,234145.76,1,"S",-0.252516017699115,1.03604318584071
NA,"Sky-H2-6",-45.73679,236.62039,NA,NA,NA,NA,269.6552877,-20.875539931,NA,NA,NA,NA,NA,NA,NA,NA,NA,NA,NA,NA,NA,"",NA,NA,NA,-45736.79,236620.39,1,"S",-0.20237517699115,1.04699287610619
NA,"Sky-H2-7",-34.29902,238.54693,NA,NA,NA,NA,269.7062942,-20.867581178,NA,NA,NA,NA,NA,NA,NA,NA,NA,NA,NA,NA,NA,"",NA,NA,NA,-34299.02,238546.93,1,"S",-0.151765575221239,1.05551738938053
NA,"Sky-H2-8",-22.78326,239.92079,NA,NA,NA,NA,269.7576404,-20.861911058,NA,NA,NA,NA,NA,NA,NA,NA,NA,NA,NA,NA,NA,"",NA,NA,NA,-22783.26,239920.79,1,"S",-0.100810884955752,1.0615964159292
NA,"Sky-H3-1",184.61356,154.91577,NA,NA,NA,NA,270.6838224,-21.214377055,NA,NA,NA,NA,NA,NA,NA,NA,NA,NA,NA,NA,NA,"",NA,NA,NA,184613.56,154915.77,1,"S",0.816874159292035,0.685468008849557
NA,"Sky-H3-2",191.8534,145.85382,NA,NA,NA,NA,270.716355,-21.251966818,NA,NA,NA,NA,NA,NA,NA,NA,NA,NA,NA,NA,NA,"",NA,NA,NA,191853.4,145853.82,1,"S",0.848908849557522,0.645370884955752
NA,"Sky-H3-3",198.64884,136.45402,NA,NA,NA,NA,270.746925,-21.290965079,NA,NA,NA,NA,NA,NA,NA,NA,NA,NA,NA,NA,NA,"",NA,NA,NA,198648.84,136454.02,1,"S",0.878977168141593,0.603778849557522
NA,"Sky-H3-4",204.98415,126.73816,NA,NA,NA,NA,270.7754613,-21.331282398,NA,NA,NA,NA,NA,NA,NA,NA,NA,NA,NA,NA,NA,"",NA,NA,NA,204984.15,126738.16,1,"S",0.907009513274336,0.560788318584071
NA,"Sky-H3-5",210.84465,116.72873,NA,NA,NA,NA,270.801897,-21.372826388,NA,NA,NA,NA,NA,NA,NA,NA,NA,NA,NA,NA,NA,"",NA,NA,NA,210844.65,116728.73,1,"S",0.93294092920354,0.516498805309734
NA,"Sky-H3-6",216.21677,106.44891,NA,NA,NA,NA,270.8261698,-21.415501755,NA,NA,NA,NA,NA,NA,NA,NA,NA,NA,NA,NA,NA,"",NA,NA,NA,216216.77,106448.91,1,"S",0.956711371681416,0.471012876106195
NA,"Sky-H3-7",221.08806,95.92253,NA,NA,NA,NA,270.8482225,-21.45921045,NA,NA,NA,NA,NA,NA,NA,NA,NA,NA,NA,NA,NA,"",NA,NA,NA,221088.06,95922.53,1,"S",0.978265752212389,0.424435973451327
NA,"Sky-H3-8",225.44672,85.17533,NA,NA,NA,NA,270.8680003,-21.503846426,NA,NA,NA,NA,NA,NA,NA,NA,NA,NA,NA,NA,NA,"",NA,NA,NA,225446.72,85175.33,1,"S",0.99755185840708,0.376881991150442
NA,"Sky-H4-1",239.9828,-22.12059,NA,NA,NA,NA,270.9360923,-21.950081378,NA,NA,NA,NA,NA,NA,NA,NA,NA,NA,NA,NA,NA,"",NA,NA,NA,239982.8,-22120.59,1,"S",1.06187079646018,-0.0978787168141593
NA,"Sky-H4-2",238.64054,-33.64155,NA,NA,NA,NA,270.9304023,-21.998064733,NA,NA,NA,NA,NA,NA,NA,NA,NA,NA,NA,NA,NA,"",NA,NA,NA,238640.54,-33641.55,1,"S",1.05593159292035,-0.148856415929204
NA,"Sky-H4-3",236.74552,-45.08459,NA,NA,NA,NA,270.9222257,-22.045737299,NA,NA,NA,NA,NA,NA,NA,NA,NA,NA,NA,NA,NA,"",NA,NA,NA,236745.52,-45084.59,1,"S",1.04754654867257,-0.199489336283186
NA,"Sky-H4-4",234.30213,-56.42319,NA,NA,NA,NA,270.9115793,-22.09298841,NA,NA,NA,NA,NA,NA,NA,NA,NA,NA,NA,NA,NA,"",NA,NA,NA,234302.13,-56423.19,1,"S",1.03673508849558,-0.249660132743363
NA,"Sky-H4-5",231.31601,-67.6311,NA,NA,NA,NA,270.8984854,-22.139708405,NA,NA,NA,NA,NA,NA,NA,NA,NA,NA,NA,NA,NA,"",NA,NA,NA,231316.01,-67631.1,1,"S",1.02352216814159,-0.299252654867257
NA,"Sky-H4-6",227.79409,-78.68236,NA,NA,NA,NA,270.8829721,-22.185788699,NA,NA,NA,NA,NA,NA,NA,NA,NA,NA,NA,NA,NA,"",NA,NA,NA,227794.09,-78682.36,1,"S",1.00793845132743,-0.34815203539823
NA,"Sky-H4-7",223.74453,-89.55136,NA,NA,NA,NA,270.8650734,-22.231122046,NA,NA,NA,NA,NA,NA,NA,NA,NA,NA,NA,NA,NA,"",NA,NA,NA,223744.53,-89551.36,1,"S",0.990020044247788,-0.396244955752212
NA,"Sky-H4-8",219.17732,-100.21161,NA,NA,NA,NA,270.8448315,-22.275597412,NA,NA,NA,NA,NA,NA,NA,NA,NA,NA,NA,NA,NA,"",NA,NA,NA,219177.32,-100211.61,1,"S",0.969811150442478,-0.443414203539823
NA,"Sky-H5-1",41.83481,-237.34134,NA,NA,NA,NA,270.0480397,-22.848964498,NA,NA,NA,NA,NA,NA,NA,NA,NA,NA,NA,NA,NA,"",NA,NA,NA,41834.81,-237341.34,1,"S",0.185109778761062,-1.05018292035398
NA,"Sky-H5-2",30.36687,-239.07931,NA,NA,NA,NA,269.9962674,-22.85625572,NA,NA,NA,NA,NA,NA,NA,NA,NA,NA,NA,NA,NA,"",NA,NA,NA,30366.87,-239079.31,1,"S",0.134366681415929,-1.05787305309735
NA,"Sky-H5-3",18.8286,-240.26349,NA,NA,NA,NA,269.9441696,-22.861227889,NA,NA,NA,NA,NA,NA,NA,NA,NA,NA,NA,NA,NA,"",NA,NA,NA,18828.6,-240263.49,1,"S",0.083312389380531,-1.06311278761062
NA,"Sky-H5-4",7.2467,-240.89115,NA,NA,NA,NA,269.8918694,-22.86386922,NA,NA,NA,NA,NA,NA,NA,NA,NA,NA,NA,NA,NA,"",NA,NA,NA,7246.7,-240891.15,1,"S",0.0320650442477876,-1.06589004424779
NA,"Sky-H5-5",-4.35197,-240.96083,NA,NA,NA,NA,269.8394904,-22.864173349,NA,NA,NA,NA,NA,NA,NA,NA,NA,NA,NA,NA,NA,"",NA,NA,NA,-4351.97,-240960.83,1,"S",-0.0192565044247788,-1.06619836283186
NA,"Sky-H5-6",-15.94057,-240.47237,NA,NA,NA,NA,269.7871563,-22.86213946,NA,NA,NA,NA,NA,NA,NA,NA,NA,NA,NA,NA,NA,"",NA,NA,NA,-15940.57,-240472.37,1,"S",-0.0705334955752212,-1.06403703539823
NA,"Sky-H5-7",-27.49224,-239.4269,NA,NA,NA,NA,269.7349909,-22.857772241,NA,NA,NA,NA,NA,NA,NA,NA,NA,NA,NA,NA,NA,"",NA,NA,NA,-27492.24,-239426.9,1,"S",-0.121647079646018,-1.0594110619469
NA,"Sky-H5-8",-38.97879,-237.82707,NA,NA,NA,NA,269.6831239,-22.851082854,NA,NA,NA,NA,NA,NA,NA,NA,NA,NA,NA,NA,NA,"",NA,NA,NA,-38978.79,-237827.07,1,"S",-0.172472522123894,-1.05233216814159
NA,"Sky-H6-1",-58.36925,-233.82492,NA,NA,NA,NA,269.5955839,-22.834339461,NA,NA,NA,NA,NA,NA,NA,NA,NA,NA,NA,NA,NA,"",NA,NA,NA,-58369.25,-233824.92,1,"S",-0.258271017699115,-1.03462353982301
NA,"Sky-H6-2",-68.39751,-226.9158,NA,NA,NA,NA,269.5500166,-22.806570766,NA,NA,NA,NA,NA,NA,NA,NA,NA,NA,NA,NA,NA,"",NA,NA,NA,-68397.51,-226915.8,3,"S",-0.302643849557522,-1.00405221238938
NA,"Sky-H6-3",-80.57354,-227.13205,NA,NA,NA,NA,269.4953812,-22.806331184,NA,NA,NA,NA,NA,NA,NA,NA,NA,NA,NA,NA,NA,"",NA,NA,NA,-80573.54,-227132.05,1,"S",-0.356520088495575,-1.00500907079646
NA,"Sky-H6-4",-91.4085,-222.99226,NA,NA,NA,NA,269.4465072,-22.789005888,NA,NA,NA,NA,NA,NA,NA,NA,NA,NA,NA,NA,NA,"",NA,NA,NA,-91408.5,-222992.26,1,"S",-0.404462389380531,-0.986691415929204
NA,"Sky-H6-5",-102.03172,-218.33596,NA,NA,NA,NA,269.3986058,-22.769519161,NA,NA,NA,NA,NA,NA,NA,NA,NA,NA,NA,NA,NA,"",NA,NA,NA,-102031.72,-218335.96,1,"S",-0.45146778761062,-0.966088318584071
NA,"Sky-H6-6",-112.41861,-213.17391,NA,NA,NA,NA,269.3517895,-22.747916742,NA,NA,NA,NA,NA,NA,NA,NA,NA,NA,NA,NA,NA,"",NA,NA,NA,-112418.61,-213173.91,1,"S",-0.497427477876106,-0.943247389380531
NA,"Sky-H6-7",-122.54511,-207.51809,NA,NA,NA,NA,269.3061682,-22.724249538,NA,NA,NA,NA,NA,NA,NA,NA,NA,NA,NA,NA,NA,"",NA,NA,NA,-122545.11,-207518.09,1,"S",-0.542235,-0.918221637168142
NA,"Sky-H6-8",-132.38652,-201.3824,NA,NA,NA,NA,269.2618546,-22.698576557,NA,NA,NA,NA,NA,NA,NA,NA,NA,NA,NA,NA,NA,"",NA,NA,NA,-132386.52,-201382.4,1,"S",-0.585781061946903,-0.891072566371681
NA,"Sky-H7-1",-207.18967,-123.09956,NA,NA,NA,NA,268.9263047,-22.371303416,NA,NA,NA,NA,NA,NA,NA,NA,NA,NA,NA,NA,NA,"",NA,NA,NA,-207189.67,-123099.56,1,"S",-0.916768451327434,-0.544688318584071
NA,"Sky-H7-2",-212.87255,-112.98823,NA,NA,NA,NA,268.9009784,-22.329073251,NA,NA,NA,NA,NA,NA,NA,NA,NA,NA,NA,NA,NA,"",NA,NA,NA,-212872.55,-112988.23,1,"S",-0.941913938053097,-0.499947920353982
NA,"Sky-H7-3",-218.06235,-102.61518,NA,NA,NA,NA,268.8778919,-22.285760427,NA,NA,NA,NA,NA,NA,NA,NA,NA,NA,NA,NA,NA,"",NA,NA,NA,-218062.35,-102615.18,1,"S",-0.964877654867257,-0.454049469026549
NA,"Sky-H7-4",-222.74704,-92.00444,NA,NA,NA,NA,268.8570973,-22.241466135,NA,NA,NA,NA,NA,NA,NA,NA,NA,NA,NA,NA,NA,"",NA,NA,NA,-222747.04,-92004.44,1,"S",-0.985606371681416,-0.407099292035398
NA,"Sky-H7-5",-226.91579,-81.18059,NA,NA,NA,NA,268.8386411,-22.19629377,NA,NA,NA,NA,NA,NA,NA,NA,NA,NA,NA,NA,NA,"",NA,NA,NA,-226915.79,-81180.59,1,"S",-1.00405216814159,-0.359206150442478
NA,"Sky-H7-6",-230.55892,-70.1687,NA,NA,NA,NA,268.8225643,-22.150348686,NA,NA,NA,NA,NA,NA,NA,NA,NA,NA,NA,NA,NA,"",NA,NA,NA,-230558.92,-70168.7,1,"S",-1.02017221238938,-0.310480973451327
NA,"Sky-H7-7",-233.66801,-58.99428,NA,NA,NA,NA,268.8089023,-22.103737965,NA,NA,NA,NA,NA,NA,NA,NA,NA,NA,NA,NA,NA,"",NA,NA,NA,-233668.01,-58994.28,1,"S",-1.03392924778761,-0.261036637168142
NA,"Sky-H7-8",-236.23556,-47.68464,NA,NA,NA,NA,268.7976859,-22.056576091,NA,NA,NA,NA,NA,NA,NA,NA,NA,NA,NA,NA,NA,"",NA,NA,NA,-236235.56,-47684.64,1,"S",-1.04529008849558,-0.210993982300885
