probe,ID,x,y,rads,angs,azAngs,angs_azAng,RA,DEC,g_mag,r_mag,i_mag,z_mag,y_mag,GAIA_g_mag,GAIA_bp_mag,GAIA_rp_mag,pmRA,pmDEC,priority,remaining_observations,Tile_number,COMPLETED,MagnetX_noDC,MagnetY_noDC,type,MagnetX,MagnetY,Position,fibre_type,fraction_plate_radius_X,fraction_plate_radius_Y,Re,GAL_MU_E_R,Mstar,grads,gangs,gazAngs,gangs_gazAng
1.0,6864305895989728256,67.62335999999999,66.82388,95.0702359097946,3.18241838397194,3.92104446526583,5.5445592258857,300.38608,-21.727606,17.312599182128903,16.7677001953125,16.514600753784197,16.3953990936279,16.312599182128903,16.783941,17.23779,16.142096,-2.21563392783923,-7.600095896057169,1.0,1.0,-999.0,False,70497.641010101,64730.536484847595,1.0,67623.36,66823.88,NA,P,0.299218407079646,0.295680884955752,1.0,19.0,-99.0,NA,NA,NA,NA
2.0,6864086509060773760,-28.58939,-203.65391,205.650840695729,-0.26713795284623704,1.43132552286152,4.58472183147182,299.9432700000001,-22.87045,17.9568996429443,17.4622001647949,17.2625007629395,17.1630001068115,17.161300659179698,17.515417000000006,17.885118,16.859219,7.88661457019592,-2.31234896465196,1.0,1.0,-999.0,False,-29577.4189898881,-193552.207515152,1.0,-28589.39,-203653.91,NA,P,-0.126501725663717,-0.9011234955752208,1.0,19.0,-99.0,NA,NA,NA,NA
3.0,6866037974698142080,-7.58864,207.24082,207.379711956888,0.464388381538279,-1.53419518322658,1.99858356476486,300.04028,-21.142012,16.8535995483398,15.6857004165649,15.149900436401401,14.879599571228,14.699199676513699,15.706201,16.254053,14.677565,2.97339079848929,-5.94068507256659,1.0,1.0,-999.0,False,-7653.15898989832,197074.78048484802,1.0,-7588.64,207240.82,NA,P,-0.0335780530973451,0.916994778761062,1.0,19.0,-99.0,NA,NA,NA,NA
4.0,6865814017923310336,82.15935,118.66868999999998,144.334392224233,3.237526120717169,4.1068209438486,5.41389048404816,300.45016,-21.50875,18.925800323486303,17.884700775146502,17.4302997589111,17.192699432373,17.070899963378903,17.927101,18.603481,17.027622,-3.32983073913141,-2.1833338415734,1.0,1.0,-999.0,False,84979.7210100987,114191.99248484803,1.0,82159.35,118668.69,NA,P,0.3635369469026551,0.525082699115044,1.0,19.0,-99.0,NA,NA,NA,NA
5.0,6864324179668913280,53.85415,109.18371,121.742975163196,2.86205913678898,4.25416120476978,4.89108323919878,300.3215600000001,-21.547773,17.6128997802734,17.0941009521484,16.8474998474121,16.7350997924805,16.6606006622314,17.10661,17.528103,16.46396,-5.88729395412229,-4.86931164278499,1.0,1.0,-999.0,False,55916.12101011031,105372.79448484801,1.0,53854.15,109183.71,NA,P,0.238292699115044,0.483113761061947,1.0,19.0,-99.0,NA,NA,NA,NA
6.0,6864278962252930048,-94.74703,-19.61277,96.75567394677073,-0.572151975671006,0.204118543556948,5.50691478795163,299.63617,-22.097313,15.6679000854492,15.1822004318237,14.9746999740601,14.891900062561,14.8388004302979,15.188462,15.589541,14.611425,-3.07551777450851,-3.1466642137829304,1.0,1.0,-999.0,False,-98982.018989899,-18823.245515152,1.0,-94747.03,-19612.77,NA,P,-0.4192346460176989,-0.0867821681415929,1.0,19.0,-99.0,NA,NA,NA,NA
7.0,6864490824399758336,-135.79587,57.06125,147.297333854416,-0.7509998413885501,-0.397796896944884,5.92998236273592,299.4522,-21.769974,18.2024993896484,17.5410003662109,17.216600418090803,17.0578994750977,16.9512004852295,17.720379,18.058634,16.834324,8.731140011119221,-4.832432778820559,1.0,1.0,-999.0,False,-140559.238989896,55155.3684848484,1.0,-135795.87,57061.25,NA,P,-0.600866681415929,0.252483407079646,1.0,19.0,-99.0,NA,NA,NA,NA
8.0,6864264599882160896,-62.19931999999999,-51.12155,80.5119139187791,-1.15846188575217,0.687952001409647,4.43677142001776,299.7861,-22.232744,15.176300048828098,14.2868003845215,13.8894996643066,13.6648998260498,13.5277004241943,14.287719,14.97111,13.492107,-2.10215450426614,-3.73453109809846,1.0,1.0,-999.0,False,-65097.838989902695,-49430.651515152196,1.0,-62199.32,-51121.55,NA,P,-0.275218230088496,-0.226201548672566,1.0,19.0,-99.0,NA,NA,NA,NA
9.0,6864269032288680704,-10.56548,-32.04117,33.7381970857854,-0.664502423462684,1.25227692868061,4.3664059550363,300.025,-22.151857,17.101900100708,16.4759006500244,16.2033996582031,16.0855007171631,15.9912996292114,16.507036,16.995615,15.841989000000002,-0.43195327506037,-4.42696911776404,1.0,1.0,-999.0,False,-11106.4389899025,-31150.189515152,1.0,-10565.48,-32041.17,NA,P,-0.0467499115044248,-0.141775088495575,1.0,19.0,-99.0,NA,NA,NA,NA
10.0,6864326344332317312,12.49828,104.39956,105.145019526138,-0.041281112017268,4.59324019960063,1.64866399556169,300.13184,-21.567358,18.3421001434326,17.5118999481201,17.1578998565674,16.9866008758545,16.8472003936768,17.553213,18.156513,16.773782999999998,-4.45667904029776,-1.37075440871744,1.0,1.0,-999.0,False,13039.4010101052,100946.584484848,1.0,12498.28,104399.56,NA,P,0.0553021238938053,0.461944955752212,1.0,19.0,-99.0,NA,NA,NA,NA
11.0,6864218660911720448,63.09038,-45.86352,77.999093041745,4.01674089003215,2.51300780981917,1.50373308021298,300.36612,-22.21038,15.7189998626709,15.104000091552699,14.8232002258301,14.6877002716064,14.5894002914429,15.1162405,15.615935999999998,14.450313,-1.81650977896266,3.53997993779526,1.0,1.0,-999.0,False,65986.681010108,-44376.387515151386,1.0,63090.38,-45863.52,NA,P,0.2791609734513269,-0.20293592920354,1.0,19.0,-99.0,NA,NA,NA,NA
12.0,6852164062101265408,125.65333,-171.85877,212.894800702135,0.40683864163784295,2.20211929842384,4.48790465039359,300.6458,-22.734621,17.603200912475604,17.094800949096697,16.8787994384766,16.784200668335,16.7350997924805,17.12699,17.55936,16.524801,-1.5883510993129,0.84953512533961,1.0,1.0,-999.0,False,129194.361010105,-162854.853515152,1.0,125653.33,-171858.77,NA,P,0.555988185840708,-0.7604370353982299,1.0,19.0,-99.0,NA,NA,NA,NA
13.0,6865830093983887872,54.71903,134.99127,145.659930043763,3.25175286452133,4.32727703187711,5.2076611398238,300.32452,-21.439585,17.7609004974365,17.185499191284197,16.9589004516602,16.834100723266598,16.7598991394043,17.228592000000006,17.675022,16.587538000000002,0.569334467916126,-7.52807231313637,1.0,1.0,-999.0,False,56585.0810101042,129823.28248484801,1.0,54719.03,134991.27,NA,P,0.242119601769911,0.5973065044247788,1.0,19.0,-99.0,NA,NA,NA,NA
14.0,6864244430715564288,69.5558,-8.362639999999999,70.0567131787497,3.90758821521897,3.02193776166856,0.885650453550412,300.396,-22.049658,17.9633007049561,16.953800201415998,16.5076007843018,16.268499374389602,16.114700317382802,16.967297,17.707968,16.118351,-2.03706724264737,-4.14899567500741,1.0,1.0,-999.0,False,72739.56101009321,-8053.215515151491,1.0,69555.8,-8362.64,NA,P,0.30776902654867305,-0.0370028318584071,1.0,19.0,-99.0,NA,NA,NA,NA
15.0,6852084691105923840,49.62686,-171.00097,178.05661171211997,4.237274531939621,1.85325105259582,2.3840234793438,300.30142,-22.737122,18.1774005889893,17.6725006103516,17.4556999206543,17.381900787353498,17.341100692749,17.691404000000006,18.08831,17.087978,-2.91096564407915,-3.19998687473821,1.0,1.0,-999.0,False,51364.4810101043,-163420.079515152,1.0,49626.86,-171000.97,NA,P,0.219587876106195,-0.756641460176991,1.0,19.0,-99.0,NA,NA,NA,NA
16.0,6864486838670057856,-78.24808,85.53291999999998,115.925158733611,-0.229688486620516,-0.8298480177619121,0.600159531141396,299.71454,-21.64806,16.2800998687744,15.6722002029419,15.436900138855,15.3376998901367,15.262900352478,15.708646,16.18597,15.075274,-1.5298865053937,0.533252173781253,1.0,1.0,-999.0,False,-81270.3989898974,82707.9324848477,1.0,-78248.08,85532.92,NA,P,-0.34623044247787604,0.3784642477876111,1.0,19.0,-99.0,NA,NA,NA,NA
17.0,6864097096158549120,13.7143,-139.66242,140.334149745336,1.46081341756407,1.66867858735248,6.07532013739118,300.1371200000001,-22.608412,18.0734004974365,17.5191993713379,17.3069000244141,17.216899871826197,17.146900177002,17.564676000000002,18.000501999999994,16.944271,1.13341978096186,-2.01146351040592,1.0,1.0,-999.0,False,14232.681010111399,-134331.61951515198,1.0,13714.3,-139662.42,NA,P,0.0606827433628319,-0.617975309734513,1.0,19.0,-99.0,NA,NA,NA,NA
18.0,6864114168650849664,-34.07549,-108.61876,113.83836806049901,0.9535850041969108,1.2668036326381398,5.96996667873836,299.91638,-22.477957,18.3663005828857,17.447799682617198,17.063400268554698,16.8743000030518,16.75119972229,17.487598000000002,18.15308,16.681501,2.62636233345456,-1.50231948718941,1.0,1.0,-999.0,False,-35654.5589898965,-104848.78951515199,1.0,-34075.49,-108618.76,NA,P,-0.150776504424779,-0.480613982300885,1.0,19.0,-99.0,NA,NA,NA,NA
19.0,6864207700155177088,9.44857,-101.79139,102.22897120277099,0.7980874071274109,1.66335398674686,5.41791872756014,300.1177,-22.449522,17.1907005310059,16.5785999298096,16.2789993286133,16.1392993927002,16.040899276733402,16.58624,17.084604000000002,15.90654,3.1763267624050497,-1.2610815024700202,1.0,1.0,-999.0,False,9843.761010105707,-98422.4795151525,1.0,9448.57,-101791.39,NA,P,0.0418078318584071,-0.4504043805309729,1.0,19.0,-99.0,NA,NA,NA,NA
20.0,6852225493016163072,199.23179,-21.9393,200.436122071582,4.738395172807911,3.0319150822992498,1.70648009050867,299.31866,-22.478647,16.8535995483398,16.7910003662109,16.8145999908447,16.8388996124268,16.8160991668701,16.741186,16.88255,16.440392000000006,1.07936386625169,-2.04550660662119,1.0,NA,NA,NA,-170739.278989892,-105004.729515152,0.0,-165615.79,-110728.09,NA,P,-0.7328132300884959,-0.489947300884956,1.0,19.0,-99.0,NA,NA,NA,NA
21.0,6864148807564518400,-165.61579,-110.72809,199.221735291037,4.84615038551333,0.589328908340825,4.2568214771725,300.9798,-22.104164,16.8222999572754,16.875799179077102,16.9820995330811,17.0475997924805,17.0223999023438,16.801289,16.873306,16.600435,2.26442229184308,-3.65410657100285,1.0,NA,NA,NA,204678.361010105,-20371.5715151523,0.0,199231.79,-21939.3,NA,P,0.881556592920354,-0.0970765486725664,1.0,19.0,-99.0,NA,NA,NA,NA
22.0,6864235050507494528,-186.28592,-71.29396,NA,NA,NA,NA,300.73398,-22.083553,NA,11.1969995498657,NA,NA,NA,NA,NA,NA,11.820713889340501,-47.3446832355894,NA,NA,NA,NA,149123.041010097,-15713.485515151699,2.0,143741.04,-16616.86,NA,G,NA,NA,NA,NA,NA,199.462459432165,4.76691193074163,0.36551515635262294,4.40139677438901
23.0,6864317097262996096,18.85695,207.04757,NA,NA,NA,NA,299.99062999999995,-21.762323000000002,NA,12.316800117492699,NA,NA,NA,NA,NA,NA,0.857401274660125,-2.7838813638194595,NA,NA,NA,NA,-18874.0589899079,56884.494484847404,2.0,-18089.65,58624.83,NA,G,NA,NA,NA,NA,NA,207.904499244743,2.6528700829137204,4.62156410308637,4.3144912870069305
24.0,6864297275993255168,-167.79735,120.06093,NA,NA,NA,NA,300.32556,-21.936121,NA,13.1969995498657,NA,NA,NA,NA,NA,NA,-0.518102247488317,-2.8589415496493196,NA,NA,NA,NA,56820.1210101017,17606.1464848479,2.0,54304.85,18115.21,NA,G,NA,NA,NA,NA,NA,206.326386047658,3.1221712741441805,-0.6210606702521679,3.74323194439635
25.0,6864253432967543680,174.25435,96.98055,NA,NA,NA,NA,300.68863,-21.910965,NA,13.5031995773315,NA,NA,NA,NA,NA,NA,4.98119987526924,-5.379683847611459,NA,NA,NA,NA,138873.9410101,23291.402484847702,2.0,133816.35,23964.06,NA,G,NA,NA,NA,NA,NA,199.42368357902,1.2371834388823701,3.64944763851555,3.87092110754641
26.0,6864192684949374848,172.36085,44.3131,NA,NA,NA,NA,300.36475,-22.501371,NA,13.5939998626709,NA,NA,NA,NA,NA,NA,2.51431770727811,-8.27571105127203,NA,NA,NA,NA,65677.0610101061,-110140.35351515199,2.0,63033.16,-114389.04,NA,G,NA,NA,NA,NA,NA,177.966045762478,1.1523138793877,3.39323766657423,4.04226151999306
27.0,6864369740682301312,166.41453,-28.9121,NA,NA,NA,NA,299.2787,-22.126495000000002,NA,13.5972003936768,NA,NA,NA,NA,NA,NA,0.0843640266603263,-5.3544862231248,NA,NA,NA,NA,-179770.238989894,-25418.3775151526,2.0,-174037.47,-27071.76,NA,G,NA,NA,NA,NA,NA,168.907386817542,1.13929454240846,2.96957424295071,4.45290560663734
