#OBS_TEMP,281.149994
#ROBOT_TEMP,292.149994
#MDLPARS,0,0.9997970635,-0.006807024613,0,0.004483847745,0.9998102979,0,1,0,0,0,13366713.7,1089450000,6.21e+11,3.312e+14,-1086.367969,1926.071753,0,0,0
#EQUINOX,J2000.0
#CENTRE,20 00 30.45,-21 58 26.0 #Field centre
#UTTIME,14 00 00.00 #Target observing time
#UTDATE,2021 07 10 #Target observing date
#PLATEID,a test_plateID
#LABEL,300_m20_comissioning_within_half_radius Tile 000
#TILING_DATE,2021 06 17 # Date the tile was created/configured
#PROXIMITY,220 # tiling proximity value in arcseconds
"probe","ID","x","y","rads","angs","azAngs","angs_azAng","RA","DEC","g_mag","r_mag","i_mag","z_mag","y_mag","GAIA_g_mag","GAIA_bp_mag","GAIA_rp_mag","Mstar","Re","z","GAL_MU_E_R","pmRA","pmDEC","priority","MagnetX_noDC","MagnetY_noDC","type","MagnetX","MagnetY","SkyPosition","fibre_type","fraction_plate_radius_X","fraction_plate_radius_Y"
1,"6864481203672936192",43.53358,-104.55769,113.258479266466,1.27247078563401,1.96532562877069,5.59033046404291,299.64694,-21.785006,17.158899307251,16.4810009002686,16.1737995147705,16.0200996398926,15.9127998352051,16.50057,17.015766,15.798305,-99,1,0,19,-0.753746162341092,-19.383569886651,1,-108462.934693888,42690.0993469388,1,43533.58,-104557.69,NA,"P",0.192626460176991,-0.462644646017699
2,"6864376097231097472",-22.60969,-165.31255,166.851542604192,1.91217494056636,1.4348703274252,0.477304613141164,299.3696,-22.064753,16.9085998535156,16.2255001068115,16.0023002624512,15.8243999481201,15.8701000213623,16.339203,16.792555,15.386279,-99,1,0,19,2.24403152395129,-0.794468396966816,1,-171141.774693883,-20532.7226530613,1,-22609.69,-165312.55,NA,"P",-0.100042876106195,-0.731471460176991
3,"6852181963525182080",-142.6047,55.46842,153.012568370662,-0.86296451818933,-0.370958513518508,5.79117930250876,300.37753,-22.580835,15.6670999526978,14.9545001983643,14.6358003616333,14.4801998138428,14.3787002563477,14.974548,15.532836,14.269658,-99,1,0,19,0.139074943123185,-1.81079907263885,1,56650.405306114,-137167.254653062,1,-142604.7,55468.42,NA,"P",-0.630994247787611,0.245435486725664
4,"6864526970844979072",142.13239,-61.87022,155.014645791811,0.857100389450293,2.7310303156528,4.40925538097708,299.849,-21.368196,17.8826999664307,16.5305004119873,15.3724002838135,14.8415002822876,14.5792999267578,16.080534,17.43748,14.920297,-99,1,0,19,3.77729249309266,-0.341900165879069,1,-62797.3746938836,136889.159346938,1,142132.39,-61870.22,NA,"P",0.628904380530974,-0.27376203539823
5,"6865809310639103104",83.81752,91.67937,124.219497433162,3.32986193385301,3.97175854586507,5.64128869516753,300.55045,-21.617485,16.1516990661621,15.5053997039795,15.2257995605469,15.0890998840332,14.9961004257202,15.528876,16.041933,14.856732,-99,1,0,19,-0.525505193309222,-8.51491000755025,1,95730.3253061215,80549.8453469389,1,83817.52,91679.37,NA,"P",0.370873982300885,0.40566092920354
6,"6864328646434910464",114.98963,34.97418,120.190716256329,3.9099458155774,3.43685309432329,0.473092721254105,300.2911,-21.483437,17.9799003601074,17.3159008026123,17.0063991546631,16.8542003631592,16.7469997406006,17.336123,17.861973,16.637846,-99,1,0,19,-7.85430534792809,-7.53537909454513,1,37117.2253061123,110844.693346939,1,114989.63,34974.18,NA,"P",0.508803672566372,0.154753008849558
7,"6864522882036210432",159.02535,-23.36342,160.732421548109,4.44950938023911,2.99571988081148,1.45378949942764,300.02548,-21.298048,16.040599822998,15.1773996353149,14.849100112915,14.683500289917,14.5928001403809,15.227797,15.854554,14.476958,-99,1,0,19,7.0166465076235,-0.810223720974575,1,-22912.8946938777,152742.607346938,1,159025.35,-23363.42,NA,"P",0.703651991150443,-0.10337796460177
8,"6864158531370344448",-117.52901,-115.4295,164.733231807763,2.05150949502641,0.776386030035269,1.27512346499114,299.59323,-22.469244,18.6284008026123,17.9613990783691,17.6893997192383,17.5615005493164,17.4855003356934,18.006987,18.524551,17.285067,-99,1,0,19,-1.69666877137323,-3.32346769251917,1,-120601.39469388,-111947.688653061,1,-117529.01,-115429.5,NA,"P",-0.520039867256637,-0.51075
9,"6864326236955014784",93.75622,-1.71651,93.7719318094093,1.17484793601606,3.12328647345303,4.33474676974262,300.122,-21.572155,18.4018001556396,17.7220993041992,17.3973999023438,17.2343006134033,17.1212997436523,17.746931,18.260885,17.03506,-99,1,0,19,-3.62771728553069,-6.37632231229874,1,-1099.37469387808,90794.4253469389,1,93756.22,-1716.51,NA,"P",0.414850530973451,-0.00759517699115044
10,"6864170832157039744",-75.80294,-99.13677,124.796573986134,2.41837291468578,0.917997633300357,1.50037528138543,299.6672,-22.29472,18.9433002471924,17.8174991607666,17.3388996124268,17.1161003112793,16.9733009338379,17.835938,18.56087,16.95569,-99,1,0,19,2.07114208357997,-4.37476709104153,1,-103884.174693886,-72505.2646530618,1,-75802.94,-99136.77,NA,"P",-0.335411238938053,-0.438658274336283
11,"6864217423961203072",-64.66855,13.35916,66.0339951465009,-0.753798676405006,-0.203713378768638,5.73310000954322,300.18668,-22.25161,15.5479001998901,14.7068004608154,14.3452997207642,14.1535997390747,14.0296001434326,14.731528,15.376797,13.966559,-99,1,0,19,-1.24227886193078,-2.56707911285755,1,13518.3053061241,-62762.4046530613,1,-64668.55,13359.16,NA,"P",-0.286144026548673,0.0591113274336283
12,"6864369809401792256",-34.75693,-188.85525,192.026950284556,-0.98225260234681,1.3887929008631,3.91213980396968,299.26553,-22.114565,17.1117992401123,16.4423007965088,16.1518993377686,16.0121002197266,15.9118003845215,16.472305,17.002645,15.779482,-99,1,0,19,-0.181240683558082,-6.09272810033326,1,-194661.594693878,-31790.2346530612,1,-34756.93,-188855.25,NA,"P",-0.153791725663717,-0.835642699115044
13,"6864294217976812928",45.13717,-57.5388,73.1305518989765,1.14521857164611,2.23599261520925,5.19241126361645,299.86258,-21.778936,17.7875995635986,17.0366992950439,16.6984996795654,16.4869995117188,16.3906993865967,17.094019,17.621058,16.270752,-99,1,0,19,-5.76011633574685,-1.28809492015192,1,-59728.2946938858,44061.9193469382,1,45137.17,-57538.8,NA,"P",0.199721991150442,-0.254596460176991
14,"6852180073736599680",-156.03267,35.80074,160.08712344182,-1.00226423484193,-0.225540137180616,5.50646120951827,300.28644,-22.63679,17.9276008605957,17.1730003356934,16.8813991546631,16.7343997955322,16.6401996612549,17.759146,17.739744,16.450966,-99,1,0,19,-7.45293255227673,-13.7918714391832,1,36064.0653061249,-149813.084653062,1,-156032.67,35800.74,NA,"P",-0.690410044247788,0.158410353982301
15,"6864254669918134528",23.42226,105.92554,108.484202941254,-0.032271036220239,4.49477059092816,1.75614368003118,300.61572,-21.875154,15.6617002487183,14.7807998657227,14.3635997772217,14.1513996124268,13.9981002807617,14.778689,15.461514,13.979959,-99,1,0,19,-1.96861540523704,-1.67153495543686,1,110481.345306121,22316.6513469389,1,23422.26,105925.54,NA,"P",0.103638318584071,0.468697079646018
16,"6864262774517115008",-52.05563,-18.51208,55.2493051596425,-0.607486849970091,0.341673670886521,5.33402478632298,300.0393,-22.197052,19.0561008453369,17.9253005981445,17.3754997253418,17.0869007110596,16.8920993804932,17.894148,18.605604,16.952469,-99,1,0,19,6.08923448459144,-5.01191580327987,1,-19789.5746938755,-50432.2966530613,1,-52055.63,-18512.08,NA,"P",-0.230334646017699,-0.0819118584070797
17,"6864247553153377152",-11.14576,50.82253,52.0303519263372,-0.32492705215226,-1.35490668556343,1.02997963341117,300.362,-22.022638,17.7238006591797,17.051700592041,16.7576007843018,16.6354007720947,16.5471992492676,17.08544,17.593851,16.395834,-99,1,0,19,-2.60471798057582,-2.71453444608512,1,53140.625306124,-11014.7326530616,1,-11145.76,50822.53,NA,"P",-0.0493175221238938,0.224878451327434
18,"6864224295908929536",-21.81419,28.17913,35.635968527781,-0.453787880977948,-0.912032685832898,0.45824480485495,300.25696,-22.068262,18.7703990936279,17.4006996154785,16.2935009002686,15.7784996032715,15.5038995742798,16.991936,18.279327,15.843382,-99,1,0,19,-4.3914130371563,13.952974994772,1,29401.585306117,-21325.7566530616,1,-21814.19,28179.13,NA,"P",-0.0965229646017699,0.124686415929204
19,"6864270097440267136",-30.29582,-26.48893,40.2430133317238,1.72149538614302,0.718457619858306,1.00303776628471,300.00293,-22.103594,17.5144996643066,16.680700302124,16.2880001068115,16.0685005187988,15.9324998855591,16.742794,17.336298,15.880338,-99,1,0,19,-5.21289028507101,3.93708391987348,1,-28009.194693883,-29310.7886530617,1,-30295.82,-26488.93,NA,"P",-0.134052300884956,-0.117207654867257
20,"6865744817410041344",40.90807,188.53261,192.919711861015,0.308978522034391,4.4987197352623,2.09344409395168,299.59207,-21.217356,17.5881004333496,17.1609992980957,16.9832992553711,16.9137992858887,16.8477001190186,17.178785,17.53735,16.624624,NA,NA,NA,NA,-1.21066328674379,-2.61561442481944,1,-120863.554693886,170978.999346939,0,179355.45,-119963.37,NA,"P",0.793608185840708,-0.530811371681416
21,"6864580056640487168",179.35545,-119.96337,215.776707701409,0.533930758145782,2.5520743436534,4.26504172167197,300.98462,-21.802881,15.9847002029419,15.5881996154785,15.4201002120972,15.3612003326416,15.3173999786377,15.592635,15.926491,15.071152,NA,NA,NA,NA,0.914993661514692,-0.778677897478498,1,193852.74530612,38650.3493469387,0,40908.07,188532.61,NA,"P",0.181009159292035,0.834215088495575
NA,"Sky-A1-1",-226.46104,82.44066,NA,NA,NA,NA,300.4921412,-22.917573469,NA,NA,NA,NA,NA,NA,NA,NA,NA,NA,NA,NA,NA,NA,NA,NA,NA,NA,-226461.04,82440.66,1,"S",-1.00204,0.364781681415929
NA,"Sky-A1-2",-220.38782,92.46733,NA,NA,NA,NA,300.5377934,-22.892900783,NA,NA,NA,NA,NA,NA,NA,NA,NA,NA,NA,NA,NA,NA,NA,NA,NA,NA,-220387.82,92467.33,2,"S",-0.975167345132743,0.409147477876106
NA,"Sky-A1-3",-217.48859,103.8257,NA,NA,NA,NA,300.5889262,-22.880410507,NA,NA,NA,NA,NA,NA,NA,NA,NA,NA,NA,NA,NA,NA,NA,NA,NA,NA,-217488.59,103825.7,1,"S",-0.96233889380531,0.459405752212389
NA,"Sky-A1-4",-212.24121,114.16975,NA,NA,NA,NA,300.6357387,-22.858639163,NA,NA,NA,NA,NA,NA,NA,NA,NA,NA,NA,NA,NA,NA,NA,NA,NA,NA,-212241.21,114169.75,1,"S",-0.939120398230089,0.505175884955752
NA,"Sky-A1-5",-206.50222,124.24934,NA,NA,NA,NA,300.6813504,-22.834808057,NA,NA,NA,NA,NA,NA,NA,NA,NA,NA,NA,NA,NA,NA,NA,NA,NA,NA,-206502.22,124249.34,1,"S",-0.913726637168142,0.549775840707965
NA,"Sky-A1-6",-198.62268,132.92867,NA,NA,NA,NA,300.7209881,-22.802513233,NA,NA,NA,NA,NA,NA,NA,NA,NA,NA,NA,NA,NA,NA,NA,NA,NA,NA,-198622.68,132928.67,2,"S",-0.878861415929204,0.588179955752212
NA,"Sky-A1-7",-193.60365,143.52243,NA,NA,NA,NA,300.768547,-22.781195709,NA,NA,NA,NA,NA,NA,NA,NA,NA,NA,NA,NA,NA,NA,NA,NA,NA,NA,-193603.65,143522.43,1,"S",-0.856653318584071,0.635055
NA,"Sky-A2-1",-3.01251,240.9813,NA,NA,NA,NA,301.2086333,-21.987617547,NA,NA,NA,NA,NA,NA,NA,NA,NA,NA,NA,NA,NA,NA,NA,NA,NA,NA,-3012.51,240981.3,1,"S",-0.0133296902654867,1.0662889380531
NA,"Sky-A2-2",8.51435,238.84829,NA,NA,NA,NA,301.1996756,-21.939634077,NA,NA,NA,NA,NA,NA,NA,NA,NA,NA,NA,NA,NA,NA,NA,NA,NA,NA,8514.35,238848.29,2,"S",0.0376741150442478,1.05685084070796
NA,"Sky-A2-3",19.99647,238.16201,NA,NA,NA,NA,301.1966186,-21.891815217,NA,NA,NA,NA,NA,NA,NA,NA,NA,NA,NA,NA,NA,NA,NA,NA,NA,NA,19996.47,238162.01,2,"S",0.0884799557522124,1.05381420353982
NA,"Sky-A2-4",31.16926,234.94143,NA,NA,NA,NA,301.1827706,-21.8452336,NA,NA,NA,NA,NA,NA,NA,NA,NA,NA,NA,NA,NA,NA,NA,NA,NA,NA,31169.26,234941.43,3,"S",0.137917079646018,1.03956384955752
NA,"Sky-A2-5",44.04872,242.02419,NA,NA,NA,NA,301.2118644,-21.791954477,NA,NA,NA,NA,NA,NA,NA,NA,NA,NA,NA,NA,NA,NA,NA,NA,NA,NA,44048.72,242024.19,0,"S",0.194905840707965,1.07090349557522
NA,"Sky-A2-6",54.51158,234.75423,NA,NA,NA,NA,301.1808334,-21.748198783,NA,NA,NA,NA,NA,NA,NA,NA,NA,NA,NA,NA,NA,NA,NA,NA,NA,NA,54511.58,234754.23,1,"S",0.241201681415929,1.03873553097345
NA,"Sky-A2-7",64.65225,228.01116,NA,NA,NA,NA,301.151778,-21.705734555,NA,NA,NA,NA,NA,NA,NA,NA,NA,NA,NA,NA,NA,NA,NA,NA,NA,NA,64652.25,228011.16,3,"S",0.286071902654867,1.0088989380531
NA,"Sky-A3-1",231.67752,66.38214,NA,NA,NA,NA,300.430366,-21.009812846,NA,NA,NA,NA,NA,NA,NA,NA,NA,NA,NA,NA,NA,NA,NA,NA,NA,NA,231677.52,66382.14,1,"S",1.0251217699115,0.293726283185841
NA,"Sky-A3-2",234.60313,55.15828,NA,NA,NA,NA,300.3803597,-20.997462173,NA,NA,NA,NA,NA,NA,NA,NA,NA,NA,NA,NA,NA,NA,NA,NA,NA,NA,234603.13,55158.28,1,"S",1.03806694690265,0.244063185840708
NA,"Sky-A3-3",236.98531,43.80666,NA,NA,NA,NA,300.3297748,-20.987358622,NA,NA,NA,NA,NA,NA,NA,NA,NA,NA,NA,NA,NA,NA,NA,NA,NA,NA,236985.31,43806.66,1,"S",1.04860756637168,0.193834778761062
NA,"Sky-A3-4",238.81857,32.35357,NA,NA,NA,NA,300.2787265,-20.979525276,NA,NA,NA,NA,NA,NA,NA,NA,NA,NA,NA,NA,NA,NA,NA,NA,NA,NA,238818.57,32353.57,1,"S",1.05671933628319,0.143157389380531
NA,"Sky-A3-5",236.11348,20.47987,NA,NA,NA,NA,300.2257809,-20.989508,NA,NA,NA,NA,NA,NA,NA,NA,NA,NA,NA,NA,NA,NA,NA,NA,NA,NA,236113.48,20479.87,3,"S",1.04474991150442,0.0906188938053097
NA,"Sky-A3-6",245.81876,9.44115,NA,NA,NA,NA,300.1766415,-20.9513473,NA,NA,NA,NA,NA,NA,NA,NA,NA,NA,NA,NA,NA,NA,NA,NA,NA,NA,245818.76,9441.15,0,"S",1.08769362831858,0.041775
NA,"Sky-A3-7",240.98869,2.34844,NA,NA,NA,NA,300.1449203,-20.969901308,NA,NA,NA,NA,NA,NA,NA,NA,NA,NA,NA,NA,NA,NA,NA,NA,NA,NA,240988.69,2348.44,1,"S",1.06632163716814,0.0103913274336283
NA,"Sky-A4-1",206.72271,-115.90824,NA,NA,NA,NA,299.6151021,-21.108492593,NA,NA,NA,NA,NA,NA,NA,NA,NA,NA,NA,NA,NA,NA,NA,NA,NA,NA,206722.71,-115908.24,3,"S",0.914702256637168,-0.512868318584071
NA,"Sky-A4-2",208.53582,-130.49449,NA,NA,NA,NA,299.5513799,-21.102580562,NA,NA,NA,NA,NA,NA,NA,NA,NA,NA,NA,NA,NA,NA,NA,NA,NA,NA,208535.82,-130494.49,0,"S",0.922724867256637,-0.577409247787611
NA,"Sky-A4-3",194.62485,-135.24114,NA,NA,NA,NA,299.5280686,-21.158284834,NA,NA,NA,NA,NA,NA,NA,NA,NA,NA,NA,NA,NA,NA,NA,NA,NA,NA,194624.85,-135241.14,3,"S",0.861171902654867,-0.598412123893805
NA,"Sky-A4-4",191.06371,-146.88677,NA,NA,NA,NA,299.4765017,-21.173582879,NA,NA,NA,NA,NA,NA,NA,NA,NA,NA,NA,NA,NA,NA,NA,NA,NA,NA,191063.71,-146886.77,1,"S",0.845414646017699,-0.649941460176991
NA,"Sky-A4-5",183.77509,-155.90952,NA,NA,NA,NA,299.4358129,-21.203615485,NA,NA,NA,NA,NA,NA,NA,NA,NA,NA,NA,NA,NA,NA,NA,NA,NA,NA,183775.09,-155909.52,1,"S",0.813164115044248,-0.689865132743363
NA,"Sky-A4-6",176.06079,-164.57115,NA,NA,NA,NA,299.3967011,-21.235427223,NA,NA,NA,NA,NA,NA,NA,NA,NA,NA,NA,NA,NA,NA,NA,NA,NA,NA,176060.79,-164571.15,1,"S",0.779030044247788,-0.72819092920354
NA,"Sky-A4-7",167.93867,-172.85157,NA,NA,NA,NA,299.3592569,-21.268945346,NA,NA,NA,NA,NA,NA,NA,NA,NA,NA,NA,NA,NA,NA,NA,NA,NA,NA,167938.67,-172851.57,1,"S",0.743091460176991,-0.764829955752212
NA,"Sky-A5-1",-148.4702,-189.83588,NA,NA,NA,NA,299.2661304,-22.586066735,NA,NA,NA,NA,NA,NA,NA,NA,NA,NA,NA,NA,NA,NA,NA,NA,NA,NA,-148470.2,-189835.88,1,"S",-0.656947787610619,-0.839981769911504
NA,"Sky-A5-2",-156.12548,-180.9581,NA,NA,NA,NA,299.3052971,-22.618651082,NA,NA,NA,NA,NA,NA,NA,NA,NA,NA,NA,NA,NA,NA,NA,NA,NA,NA,-156125.48,-180958.1,2,"S",-0.690820707964602,-0.800699557522124
NA,"Sky-A5-3",-164.65131,-173.23667,NA,NA,NA,NA,299.3396909,-22.654464866,NA,NA,NA,NA,NA,NA,NA,NA,NA,NA,NA,NA,NA,NA,NA,NA,NA,NA,-164651.31,-173236.67,2,"S",-0.728545619469027,-0.766533938053097
NA,"Sky-A5-4",-177.85673,-169.94995,NA,NA,NA,NA,299.3553503,-22.708136858,NA,NA,NA,NA,NA,NA,NA,NA,NA,NA,NA,NA,NA,NA,NA,NA,NA,NA,-177856.73,-169949.95,0,"S",-0.786976681415929,-0.75199092920354
NA,"Sky-A5-5",-182.05086,-157.91943,NA,NA,NA,NA,299.4083385,-22.727093472,NA,NA,NA,NA,NA,NA,NA,NA,NA,NA,NA,NA,NA,NA,NA,NA,NA,NA,-182050.86,-157919.43,1,"S",-0.805534778761062,-0.698758539823009
NA,"Sky-A5-6",-189.43818,-148.97731,NA,NA,NA,NA,299.448328,-22.75816998,NA,NA,NA,NA,NA,NA,NA,NA,NA,NA,NA,NA,NA,NA,NA,NA,NA,NA,-189438.18,-148977.31,1,"S",-0.83822203539823,-0.659191637168142
NA,"Sky-A5-7",-196.38671,-139.6901,NA,NA,NA,NA,299.4899128,-22.7874226,NA,NA,NA,NA,NA,NA,NA,NA,NA,NA,NA,NA,NA,NA,NA,NA,NA,NA,-196386.71,-139690.1,1,"S",-0.868967743362832,-0.61809778761062
NA,"Sky-H1-1",-181.17025,158.92893,NA,NA,NA,NA,300.8382271,-22.729473959,NA,NA,NA,NA,NA,NA,NA,NA,NA,NA,NA,NA,NA,NA,NA,NA,NA,NA,-181170.25,158928.93,1,"S",-0.801638274336283,0.703225353982301
NA,"Sky-H1-2",-171.8753,166.07192,NA,NA,NA,NA,300.8709678,-22.691191044,NA,NA,NA,NA,NA,NA,NA,NA,NA,NA,NA,NA,NA,NA,NA,NA,NA,NA,-171875.3,166071.92,2,"S",-0.76051017699115,0.734831504424779
NA,"Sky-H1-3",-165.05567,175.60663,NA,NA,NA,NA,300.9136244,-22.662402039,NA,NA,NA,NA,NA,NA,NA,NA,NA,NA,NA,NA,NA,NA,NA,NA,NA,NA,-165055.67,175606.63,1,"S",-0.73033482300885,0.777020486725664
NA,"Sky-H1-4",-156.41534,183.34477,NA,NA,NA,NA,300.9485932,-22.626428488,NA,NA,NA,NA,NA,NA,NA,NA,NA,NA,NA,NA,NA,NA,NA,NA,NA,NA,-156415.34,183344.77,1,"S",-0.692103274336283,0.811260044247788
NA,"Sky-H1-5",-147.4127,190.65822,NA,NA,NA,NA,300.981633,-22.588941185,NA,NA,NA,NA,NA,NA,NA,NA,NA,NA,NA,NA,NA,NA,NA,NA,NA,NA,-147412.7,190658.22,1,"S",-0.652268584070796,0.843620442477876
NA,"Sky-H1-6",-136.92273,195.8907,NA,NA,NA,NA,301.0057777,-22.545583428,NA,NA,NA,NA,NA,NA,NA,NA,NA,NA,NA,NA,NA,NA,NA,NA,NA,NA,-136922.73,195890.7,2,"S",-0.605852787610619,0.866773008849558
NA,"Sky-H1-7",-128.4047,203.94434,NA,NA,NA,NA,301.0416271,-22.509780257,NA,NA,NA,NA,NA,NA,NA,NA,NA,NA,NA,NA,NA,NA,NA,NA,NA,NA,-128404.7,203944.34,1,"S",-0.568162389380531,0.902408584070796
NA,"Sky-H1-8",-117.46164,208.14361,NA,NA,NA,NA,301.0611211,-22.464488177,NA,NA,NA,NA,NA,NA,NA,NA,NA,NA,NA,NA,NA,NA,NA,NA,NA,NA,-117461.64,208143.61,2,"S",-0.519741769911504,0.920989424778761
NA,"Sky-H2-1",-99.97981,217.08302,NA,NA,NA,NA,301.1014736,-22.391637617,NA,NA,NA,NA,NA,NA,NA,NA,NA,NA,NA,NA,NA,NA,NA,NA,NA,NA,-99979.81,217083.02,2,"S",-0.442388539823009,0.960544336283186
NA,"Sky-H2-2",-90.16757,223.49692,NA,NA,NA,NA,301.1298349,-22.350524217,NA,NA,NA,NA,NA,NA,NA,NA,NA,NA,NA,NA,NA,NA,NA,NA,NA,NA,-90167.57,223496.92,1,"S",-0.398971548672566,0.988924424778761
NA,"Sky-H2-3",-79.30977,227.57641,NA,NA,NA,NA,301.1482235,-22.305303777,NA,NA,NA,NA,NA,NA,NA,NA,NA,NA,NA,NA,NA,NA,NA,NA,NA,NA,-79309.77,227576.41,1,"S",-0.350928185840708,1.00697526548673
NA,"Sky-H2-4",-68.26826,231.12877,NA,NA,NA,NA,301.1642312,-22.259320333,NA,NA,NA,NA,NA,NA,NA,NA,NA,NA,NA,NA,NA,NA,NA,NA,NA,NA,-68268.26,231128.77,1,"S",-0.302071946902655,1.02269367256637
NA,"Sky-H2-5",-57.06862,234.14576,NA,NA,NA,NA,301.177823,-22.212680983,NA,NA,NA,NA,NA,NA,NA,NA,NA,NA,NA,NA,NA,NA,NA,NA,NA,NA,-57068.62,234145.76,1,"S",-0.252516017699115,1.03604318584071
NA,"Sky-H2-6",-45.73679,236.62039,NA,NA,NA,NA,301.1889697,-22.165494216,NA,NA,NA,NA,NA,NA,NA,NA,NA,NA,NA,NA,NA,NA,NA,NA,NA,NA,-45736.79,236620.39,1,"S",-0.20237517699115,1.04699287610619
NA,"Sky-H2-7",-34.29902,238.54693,NA,NA,NA,NA,301.1976477,-22.117869697,NA,NA,NA,NA,NA,NA,NA,NA,NA,NA,NA,NA,NA,NA,NA,NA,NA,NA,-34299.02,238546.93,1,"S",-0.151765575221239,1.05551738938053
NA,"Sky-H2-8",-22.59418,237.92962,NA,NA,NA,NA,301.1954888,-22.069207161,NA,NA,NA,NA,NA,NA,NA,NA,NA,NA,NA,NA,NA,NA,NA,NA,NA,NA,-22594.18,237929.62,2,"S",-0.0999742477876106,1.05278592920354
NA,"Sky-H3-1",184.61356,154.91577,NA,NA,NA,NA,300.8247076,-21.206612786,NA,NA,NA,NA,NA,NA,NA,NA,NA,NA,NA,NA,NA,NA,NA,NA,NA,NA,184613.56,154915.77,1,"S",0.816874159292035,0.685468008849557
NA,"Sky-H3-2",195.83365,148.87975,NA,NA,NA,NA,300.7969671,-21.16099552,NA,NA,NA,NA,NA,NA,NA,NA,NA,NA,NA,NA,NA,NA,NA,NA,NA,NA,195833.65,148879.75,0,"S",0.866520575221239,0.658759955752212
NA,"Sky-H3-3",198.64884,136.45402,NA,NA,NA,NA,300.7424679,-21.148074857,NA,NA,NA,NA,NA,NA,NA,NA,NA,NA,NA,NA,NA,NA,NA,NA,NA,NA,198648.84,136454.02,1,"S",0.878977168141593,0.603778849557522
NA,"Sky-H3-4",204.98415,126.73816,NA,NA,NA,NA,300.6991934,-21.12162766,NA,NA,NA,NA,NA,NA,NA,NA,NA,NA,NA,NA,NA,NA,NA,NA,NA,NA,204984.15,126738.16,1,"S",0.907009513274336,0.560788318584071
NA,"Sky-H3-5",210.84465,116.72873,NA,NA,NA,NA,300.6546137,-21.097143643,NA,NA,NA,NA,NA,NA,NA,NA,NA,NA,NA,NA,NA,NA,NA,NA,NA,NA,210844.65,116728.73,1,"S",0.93294092920354,0.516498805309734
NA,"Sky-H3-6",216.21677,106.44891,NA,NA,NA,NA,300.6088305,-21.074678717,NA,NA,NA,NA,NA,NA,NA,NA,NA,NA,NA,NA,NA,NA,NA,NA,NA,NA,216216.77,106448.91,1,"S",0.956711371681416,0.471012876106195
NA,"Sky-H3-7",217.41843,94.3304,NA,NA,NA,NA,300.555236,-21.068568802,NA,NA,NA,NA,NA,NA,NA,NA,NA,NA,NA,NA,NA,NA,NA,NA,NA,NA,217418.43,94330.4,3,"S",0.962028451327434,0.417391150442478
NA,"Sky-H3-8",223.57568,84.46844,NA,NA,NA,NA,300.5110969,-21.04328594,NA,NA,NA,NA,NA,NA,NA,NA,NA,NA,NA,NA,NA,NA,NA,NA,NA,NA,223575.68,84468.44,2,"S",0.989272920353982,0.373754159292035
NA,"Sky-H4-1",235.99955,-21.75343,NA,NA,NA,NA,300.0371149,-20.989080084,NA,NA,NA,NA,NA,NA,NA,NA,NA,NA,NA,NA,NA,NA,NA,NA,NA,NA,235999.55,-21753.43,3,"S",1.04424579646018,-0.0962541150442478
NA,"Sky-H4-2",236.66,-33.36235,NA,NA,NA,NA,299.985351,-20.986575506,NA,NA,NA,NA,NA,NA,NA,NA,NA,NA,NA,NA,NA,NA,NA,NA,NA,NA,236660,-33362.35,2,"S",1.04716814159292,-0.147621017699115
NA,"Sky-H4-3",241.65712,-46.01993,NA,NA,NA,NA,299.9293973,-20.967366683,NA,NA,NA,NA,NA,NA,NA,NA,NA,NA,NA,NA,NA,NA,NA,NA,NA,NA,241657.12,-46019.93,0,"S",1.0692792920354,-0.203628008849558
NA,"Sky-H4-4",234.30213,-56.42319,NA,NA,NA,NA,299.8824206,-20.996333409,NA,NA,NA,NA,NA,NA,NA,NA,NA,NA,NA,NA,NA,NA,NA,NA,NA,NA,234302.13,-56423.19,1,"S",1.03673508849558,-0.249660132743363
NA,"Sky-H4-5",229.39625,-67.06981,NA,NA,NA,NA,299.8345488,-21.015954227,NA,NA,NA,NA,NA,NA,NA,NA,NA,NA,NA,NA,NA,NA,NA,NA,NA,NA,229396.25,-67069.81,2,"S",1.01502765486726,-0.29676907079646
NA,"Sky-H4-6",232.51999,-80.31473,NA,NA,NA,NA,299.7761955,-21.004418715,NA,NA,NA,NA,NA,NA,NA,NA,NA,NA,NA,NA,NA,NA,NA,NA,NA,NA,232519.99,-80314.73,0,"S",1.02884951327434,-0.355374911504425
NA,"Sky-H4-7",223.74453,-89.55136,NA,NA,NA,NA,299.7341097,-21.039355818,NA,NA,NA,NA,NA,NA,NA,NA,NA,NA,NA,NA,NA,NA,NA,NA,NA,NA,223744.53,-89551.36,1,"S",0.990020044247788,-0.396244955752212
NA,"Sky-H4-8",219.17732,-100.21161,NA,NA,NA,NA,299.6863142,-21.058050215,NA,NA,NA,NA,NA,NA,NA,NA,NA,NA,NA,NA,NA,NA,NA,NA,NA,NA,219177.32,-100211.61,1,"S",0.969811150442478,-0.443414203539823
NA,"Sky-H5-1",41.14043,-233.40194,NA,NA,NA,NA,299.0798313,-21.794429893,NA,NA,NA,NA,NA,NA,NA,NA,NA,NA,NA,NA,NA,NA,NA,NA,NA,NA,41140.43,-233401.94,3,"S",0.182037300884956,-1.03275194690265
NA,"Sky-H5-2",30.99687,-244.03933,NA,NA,NA,NA,299.0341573,-21.836563614,NA,NA,NA,NA,NA,NA,NA,NA,NA,NA,NA,NA,NA,NA,NA,NA,NA,NA,30996.87,-244039.33,0,"S",0.137154292035398,-1.07982004424779
NA,"Sky-H5-3",18.8286,-240.26349,NA,NA,NA,NA,299.0488451,-21.887238901,NA,NA,NA,NA,NA,NA,NA,NA,NA,NA,NA,NA,NA,NA,NA,NA,NA,NA,18828.6,-240263.49,1,"S",0.083312389380531,-1.06311278761062
NA,"Sky-H5-4",7.2467,-240.89115,NA,NA,NA,NA,299.0453301,-21.935449263,NA,NA,NA,NA,NA,NA,NA,NA,NA,NA,NA,NA,NA,NA,NA,NA,NA,NA,7246.7,-240891.15,1,"S",0.0320650442477876,-1.06589004424779
NA,"Sky-H5-5",-4.35197,-240.96083,NA,NA,NA,NA,299.0443185,-21.983753582,NA,NA,NA,NA,NA,NA,NA,NA,NA,NA,NA,NA,NA,NA,NA,NA,NA,NA,-4351.97,-240960.83,1,"S",-0.0192565044247788,-1.06619836283186
NA,"Sky-H5-6",-15.94057,-240.47237,NA,NA,NA,NA,299.045815,-22.032040048,NA,NA,NA,NA,NA,NA,NA,NA,NA,NA,NA,NA,NA,NA,NA,NA,NA,NA,-15940.57,-240472.37,1,"S",-0.0705334955752212,-1.06403703539823
NA,"Sky-H5-7",-27.49224,-239.4269,NA,NA,NA,NA,299.0498183,-22.080196627,NA,NA,NA,NA,NA,NA,NA,NA,NA,NA,NA,NA,NA,NA,NA,NA,NA,NA,-27492.24,-239426.9,1,"S",-0.121647079646018,-1.0594110619469
NA,"Sky-H5-8",-38.65529,-235.85328,NA,NA,NA,NA,299.0646301,-22.126936741,NA,NA,NA,NA,NA,NA,NA,NA,NA,NA,NA,NA,NA,NA,NA,NA,NA,NA,-38655.29,-235853.28,2,"S",-0.17104110619469,-1.0435985840708
NA,"Sky-H6-1",-58.36925,-233.82492,NA,NA,NA,NA,299.0731601,-22.209035431,NA,NA,NA,NA,NA,NA,NA,NA,NA,NA,NA,NA,NA,NA,NA,NA,NA,NA,-58369.25,-233824.92,1,"S",-0.258271017699115,-1.03462353982301
NA,"Sky-H6-2",-69.55194,-230.74573,NA,NA,NA,NA,299.0863493,-22.255740272,NA,NA,NA,NA,NA,NA,NA,NA,NA,NA,NA,NA,NA,NA,NA,NA,NA,NA,-69551.94,-230745.73,1,"S",-0.307751946902655,-1.02099880530973
NA,"Sky-H6-3",-79.90484,-225.24701,NA,NA,NA,NA,299.1099251,-22.299278388,NA,NA,NA,NA,NA,NA,NA,NA,NA,NA,NA,NA,NA,NA,NA,NA,NA,NA,-79904.84,-225247.01,2,"S",-0.353561238938053,-0.996668185840708
NA,"Sky-H6-4",-91.4085,-222.99226,NA,NA,NA,NA,299.1199623,-22.347093955,NA,NA,NA,NA,NA,NA,NA,NA,NA,NA,NA,NA,NA,NA,NA,NA,NA,NA,-91408.5,-222992.26,1,"S",-0.404462389380531,-0.986691415929204
NA,"Sky-H6-5",-102.03172,-218.33596,NA,NA,NA,NA,299.1403118,-22.39152992,NA,NA,NA,NA,NA,NA,NA,NA,NA,NA,NA,NA,NA,NA,NA,NA,NA,NA,-102031.72,-218335.96,1,"S",-0.45146778761062,-0.966088318584071
NA,"Sky-H6-6",-112.41861,-213.17391,NA,NA,NA,NA,299.1629645,-22.43499991,NA,NA,NA,NA,NA,NA,NA,NA,NA,NA,NA,NA,NA,NA,NA,NA,NA,NA,-112418.61,-213173.91,1,"S",-0.497427477876106,-0.943247389380531
NA,"Sky-H6-7",-121.52807,-205.79584,NA,NA,NA,NA,299.1951729,-22.473520955,NA,NA,NA,NA,NA,NA,NA,NA,NA,NA,NA,NA,NA,NA,NA,NA,NA,NA,-121528.07,-205795.84,2,"S",-0.53773482300885,-0.910601061946903
NA,"Sky-H6-8",-130.18916,-198.03985,NA,NA,NA,NA,299.229168,-22.510221366,NA,NA,NA,NA,NA,NA,NA,NA,NA,NA,NA,NA,NA,NA,NA,NA,NA,NA,-130189.16,-198039.85,3,"S",-0.576058230088496,-0.876282522123894
NA,"Sky-H7-1",-207.18967,-123.09956,NA,NA,NA,NA,299.5643134,-22.832953293,NA,NA,NA,NA,NA,NA,NA,NA,NA,NA,NA,NA,NA,NA,NA,NA,NA,NA,-207189.67,-123099.56,1,"S",-0.916768451327434,-0.544688318584071
NA,"Sky-H7-2",-211.10586,-112.05051,NA,NA,NA,NA,299.6137519,-22.850101753,NA,NA,NA,NA,NA,NA,NA,NA,NA,NA,NA,NA,NA,NA,NA,NA,NA,NA,-211105.86,-112050.51,2,"S",-0.934096725663717,-0.495798716814159
NA,"Sky-H7-3",-218.06235,-102.61518,NA,NA,NA,NA,299.6563451,-22.878862888,NA,NA,NA,NA,NA,NA,NA,NA,NA,NA,NA,NA,NA,NA,NA,NA,NA,NA,-218062.35,-102615.18,1,"S",-0.964877654867257,-0.454049469026549
NA,"Sky-H7-4",-222.74704,-92.00444,NA,NA,NA,NA,299.7040788,-22.898681965,NA,NA,NA,NA,NA,NA,NA,NA,NA,NA,NA,NA,NA,NA,NA,NA,NA,NA,-222747.04,-92004.44,1,"S",-0.985606371681416,-0.407099292035398
NA,"Sky-H7-5",-226.91579,-81.18059,NA,NA,NA,NA,299.7528092,-22.916346767,NA,NA,NA,NA,NA,NA,NA,NA,NA,NA,NA,NA,NA,NA,NA,NA,NA,NA,-226915.79,-81180.59,1,"S",-1.00405216814159,-0.359206150442478
NA,"Sky-H7-6",-230.55892,-70.1687,NA,NA,NA,NA,299.8024215,-22.931815588,NA,NA,NA,NA,NA,NA,NA,NA,NA,NA,NA,NA,NA,NA,NA,NA,NA,NA,-230558.92,-70168.7,1,"S",-1.02017221238938,-0.310480973451327
NA,"Sky-H7-7",-233.66801,-58.99428,NA,NA,NA,NA,299.852799,-22.945052044,NA,NA,NA,NA,NA,NA,NA,NA,NA,NA,NA,NA,NA,NA,NA,NA,NA,NA,-233668.01,-58994.28,1,"S",-1.03392924778761,-0.261036637168142
NA,"Sky-H7-8",-236.23556,-47.68464,NA,NA,NA,NA,299.9038164,-22.956023654,NA,NA,NA,NA,NA,NA,NA,NA,NA,NA,NA,NA,NA,NA,NA,NA,NA,NA,-236235.56,-47684.64,1,"S",-1.04529008849558,-0.210993982300885
