#OBS_TEMP,281.149994
#ROBOT_TEMP,292.149994
#MDLPARS,0,0.9997970635,-0.006807024613,0,0.004483847745,0.9998102979,0,1,0,0,0,13366713.7,1089450000,6.21e+11,3.312e+14,-1086.367969,1926.071753,0,0,0
#EQUINOX,J2000.0
#CENTRE,20 00 30.45,-21 58 26.0 #Field centre
#UTTIME,14 00 00.00 #Target observing time
#UTDATE,2021 07 10 #Target observing date
#PLATEID,a test_plateID
#LABEL,300_m20_comissioning_within_half_radius Tile 000
#TILING_DATE,2021 06 17 # Date the tile was created/configured
#PROXIMITY,220 # tiling proximity value in arcseconds
"ID","RA","DEC","g_mag","r_mag","i_mag","z_mag","y_mag","GAIA_g_mag","GAIA_bp_mag","GAIA_rp_mag","Mstar","Re","z","GAL_MU_E_R","pmRA","pmDEC","priority","MagnetX_noDC","MagnetY_noDC","type","MagnetX","MagnetY","SkyPosition","fibre_type","x","y","grads","gangs","gazAngs","gangs_gazAng"
"6864235050507494528",300.73398,-22.083553,NA,11.1969995498657,NA,NA,NA,NA,NA,NA,NA,NA,NA,NA,11.8207138893405,-47.3446832355894,NA,137208.105306113,-24781.5226530611,2,-25377.39,132223.26,NA,"G",-188.61364,-99.35595,213.182339780884,4.74584906646903,0.48483330859224,4.26101575787679
"6865825906392800384",300.3992,-21.50024,NA,11.7093000411987,NA,NA,NA,NA,NA,NA,NA,NA,NA,NA,1.18179553357165,-5.20155589946197,NA,61547.8253061204,107047.215346938,2,111220.99,58594.35,NA,"G",-164.98044,131.8549,211.197206981067,3.08936742243469,-0.674262313578674,3.76362973601336
"6864536076175760128",299.93243,-21.221102,NA,12.2386999130249,NA,NA,NA,NA,NA,NA,NA,NA,NA,NA,1.45566444745194,-12.0459181073714,NA,-43942.1946938788,170132.403346939,2,177777.18,-44113.07,NA,"G",197.02704,5.84585,197.113744963115,4.72456988225785,3.17125424464367,1.55331563761418
"6864317097262996096",299.99063,-21.762323,NA,12.3168001174927,NA,NA,NA,NA,NA,NA,NA,NA,NA,NA,0.857401274660125,-2.78388136381946,NA,-30788.994693879,47816.4573469389,2,49113.17,-29807.55,NA,"G",207.12024,-32.20634,209.60926065862,0.752169894350346,2.98733216264589,4.04802303888405
"6865743889697129344",300.8598,-21.82489,NA,12.3591995239258,NA,NA,NA,NA,NA,NA,NA,NA,NA,NA,-8.93701048879623,-5.31345667673726,NA,165643.42530612,33676.3153469386,2,35496.1,160134.91,NA,"G",-207.66962,-20.23158,208.652792696961,4.62295069636649,0.0971154847484268,4.52583521161807
"6864297275993255168",300.32556,-21.936121,NA,13.1969995498657,NA,NA,NA,NA,NA,NA,NA,NA,NA,NA,-0.518102247488317,-2.85894154964932,NA,44905.1853061178,8538.10934693859,2,8962.03,42810.99,NA,"G",87.96552,161.56943,183.963619825756,1.29454622143636,4.21382135429895,3.363910174317
