#OBSTEMP,8
#CONFIGTEMP,19
#EQUINOX,J2000.0
#CENTRE,17 59 34.59,-21 51 49.5 #Field centre
#UTTIME,12 00 00.00 #Target observing time
#UTDATE,2021 07 10 #Target observing date
#PLATEID,a test_plateID
#LABEL,a test_label
#TILING_DATE,2021 06 07 # Date the tile was created/configured
#PROXIMITY,220 # tiling proximity value in arcseconds
"probe","ID","x","y","rads","angs","azAngs","angs_azAng","RA","DEC","g_mag","r_mag","i_mag","z_mag","y_mag","GAIA_g_mag","GAIA_bp_mag","GAIA_rp_mag","pmRA","pmDEC","priority","remaining_observations","Tile_number","COMPLETED","MagnetX_noDC","MagnetY_noDC","type","MagnetX","MagnetY","Position","fibre_type","fraction_plate_radius_X","fraction_plate_radius_Y"
1,"4070289727060121856",-142.82781,-110.78847,180.759144704596,2.46281218448181,0.659733863519727,1.80307832096209,269.24112,-22.330769,18.7719993591309,17.4095001220703,16.6091003417969,16.1389007568359,15.8290996551514,17.218376,18.22626,16.123623,4.8455677731125,1.5542583938085,1,1,-999,"False",-147578.068484847,-105547.691090909,1,-142827.81,-110788.47,NA,"P",-0.631981460176991,-0.490214469026549
2,"4070299072908533888",-122.27169,-71.46992,141.627383087673,2.19952138310904,0.528957378870718,1.67056400423832,269.3321,-22.166862,19.3589000701904,17.2490997314453,16.0247001647949,15.2369003295898,14.75,16.666708,18.407612,15.362306,-2.94844350663826,1.97676579968488,1,1,-999,"False",-127016.588484847,-68504.709090909,1,-122271.69,-71469.92,NA,"P",-0.54102517699115,-0.316238584070796
3,"4070389709565263232",-111.92009,48.59817,122.015936143428,3.34795291790303,-0.409655797371789,3.75760871527482,269.38007,-21.655363,19.1180000305176,17.3892993927002,16.3033008575439,15.6861000061035,15.2655000686646,16.969555,18.48827,15.736302,1.69626091538635,-1.48754763512835,1,1,-999,"False",-116175.368484842,47094.0649090903,1,-111920.09,48598.17,NA,"P",-0.495221637168142,0.215036150442478
4,"4070376309266921984",-125.99451,-9.21098,126.330751215611,2.09726631768689,0.0729763781625805,2.02428993952431,269.31476,-21.901909,19.0344009399414,17.6277008056641,16.8596992492676,16.3798007965088,16.0226001739502,17.427877,18.576757,16.322485,-0.195876465079378,-1.95031815306079,1,1,-999,"False",-130935.428484844,-8625.33109090935,1,-125994.51,-9210.98,NA,"P",-0.557497831858407,-0.0407565486725664
5,"4070348993277577600",-165.87456,-54.7528,174.67752792799,-1.14401588590352,0.318824732159751,4.82034468911631,269.13608,-22.093678,18.8178997039795,17.4585990905762,16.7171001434326,16.2289009094238,15.9198999404907,17.277794,18.271347,16.128231,-5.47893057982307,-7.11766635849711,1,1,-999,"False",-171317.108484854,-51965.1250909095,1,-165874.56,-54752.8,NA,"P",-0.733958230088496,-0.242269026548673
6,"4070379298567750016",-145.74079,-5.08935,145.829624402062,-1.11135447177634,0.0349063757920374,5.13692445961121,269.22598,-21.88391,16.2593002319336,15.1485004425049,14.5474004745483,14.220100402832,13.9696998596191,15.071066,15.838381,14.018996,-0.668486837403491,-1.44138022346445,1,1,-999,"False",-150999.708484854,-4557.55709090943,1,-145740.79,-5089.35,NA,"P",-0.644870752212389,-0.0225192477876106
7,"4070734097225634176",89.49547,90.73425,127.444667497638,3.10215137254676,3.93386404795461,5.45147263177173,270.30444,-21.476297,18.5212001800537,17.3180999755859,16.7590007781982,16.3978004455566,16.1128005981445,17.285294,18.160633,16.22985,0.791182141788053,-3.44222487925518,1,1,-999,"False",92732.2515151476,87562.9809090909,1,89495.47,90734.25,NA,"P",0.395997654867257,0.401478982300885
8,"4070979670568853120",-134.77342,168.07147,215.434198228734,0.734787551084278,-0.89490911748895,1.62969666857323,269.2874,-21.156666,19.8059997558594,17.7198009490967,16.681999206543,16.1032009124756,15.6751003265381,17.593737,18.511562,15.961748,-4.62553916957331,-7.89500573998631,1,1,-999,"False",-137118.788484854,159799.58690909,1,-134773.42,168071.47,NA,"P",-0.596342566371681,0.74367907079646
9,"4070396620196664064",-181.79838,26.30916,183.692195997898,1.97199642511416,-0.143718396781837,2.11571482189599,269.06674,-21.750296,19.1336002349854,17.7166004180908,16.9272994995117,16.4622993469238,16.1660003662109,17.495264,18.54267,16.329147,-0.618357509245547,-1.89156251961934,1,1,-999,"False",-186987.948484856,25639.2069090909,1,-181798.38,26309.16,NA,"P",-0.804417610619469,0.116412212389381
10,"4069905791326939008",192.20771,-29.85424,194.512414589459,4.68779522148781,2.98750114067275,1.70029408081505,270.76782,-21.987457,19.2457008361816,17.3402004241943,16.2392997741699,15.53600025177,15.085599899292,16.87175,18.54455,15.625826,0.493594313318474,-1.51777824543577,1,1,-999,"False",197456.131515154,-27959.1790909092,1,192207.71,-29854.24,NA,"P",0.850476592920354,-0.132098407079646
11,"4069534190753789824",41.08535,-142.07815,147.899312682801,1.1155300749839,1.8522919378347,5.54642344432879,270.08304,-22.467897,18.6497001647949,17.3050994873047,16.516300201416,16.0224990844727,15.7225999832153,17.097961,18.240807,16.022577,0.900796451134494,-1.57974565617204,1,1,-999,"False",42695.8515151438,-136538.61909091,1,41085.35,-142078.15,NA,"P",0.181793584070796,-0.628664380530973
12,"4069494505242490624",102.04261,-122.27477,159.260207315465,0.793575255100085,2.26624353218649,4.81051703009318,270.36237,-22.382149,19.320499420166,17.9001007080078,17.1016998291016,16.5884990692139,16.2178001403809,17.677284,18.872496,16.589382,4.28138204997999,-0.454995380535835,1,1,-999,"False",105824.431515147,-117159.571090909,1,102042.61,-122274.77,NA,"P",0.451515973451327,-0.541038805309735
13,"4070693522701043968",44.08922,-8.85953,44.9705524985996,3.81855546383756,2.94328813244403,0.875267331393532,270.09833,-21.901735,15.7218999862671,14.788200378418,14.311900138855,14.0759000778198,13.9421997070313,14.7569685,15.4922695,13.926178,-5.11420469446867,-3.13192882531771,1,1,-999,"False",46151.3915151422,-8586.00709090987,1,44089.22,-8859.53,NA,"P",0.195085044247788,-0.0392014601769912
14,"4070330885692684032",-53.11329,-26.88969,59.5321510019603,3.65373781019077,0.468651388334814,3.18508642185596,269.64822,-21.978941,18.9060001373291,17.4053993225098,16.4979991912842,15.9484996795654,15.5740995407104,17.12833,18.348269,15.93114,-1.21031575337239,1.7456426054092,1,1,-999,"False",-55573.4684848438,-26034.5630909091,1,-53113.29,-26889.69,NA,"P",-0.235014557522124,-0.11898092920354
15,"4070780830799077504",-92.84974,100.49063,136.819007947962,3.18491482479165,-0.824898013931127,4.00981283872277,269.46924,-21.434961,18.3731002807617,16.9759006500244,16.1912002563477,15.7196998596191,15.4399003982544,16.768156,17.914383,15.685457,-1.25145674887335,-0.937473529690848,1,1,-999,"False",-96022.9484848493,96904.9169090911,1,-92849.74,100490.63,NA,"P",-0.410839557522124,0.444648805309735
16,"4069502236195679232",-37.99092,-209.31629,212.736031884142,-1.39362832071435,1.39125078242721,3.49830620403803,269.72095,-22.74243,17.1322994232178,15.2706003189087,14.3134002685547,13.6492004394531,13.2721996307373,14.906274,16.370354,13.709146,-2.11374758796697,-7.01212005723379,1,1,-999,"False",-39136.4884848487,-198583.077090909,1,-37990.92,-209316.29,NA,"P",-0.168101415929204,-0.926178274336283
17,"4070755782548401024",122.68636,151.20602,194.718266770968,2.65962325246965,4.0307441625513,4.91206439709793,270.44928,-21.225311,16.2457008361816,14.9728002548218,14.4034004211426,14.0767002105713,13.891300201416,14.932738,15.839757,13.950885,14.0506745320984,-5.16425930752424,1,1,-999,"False",125466.091515145,144285.816909091,1,122686.36,151206.02,NA,"P",0.54286,0.669053185840708
18,"4069872118781788544",134.45074,-96.53431,165.516991555924,4.42790523168943,2.51889451078775,1.90901072090168,270.50998,-22.271986,19.1196994781494,17.9274005889893,17.3208999633789,16.8806991577148,16.6082992553711,17.768358,18.842674,16.79883,2.26181073701253,-0.844983519079987,1,1,-999,"False",139184.291515144,-92262.733090909,1,134450.74,-96534.31,NA,"P",0.594914778761062,-0.42714296460177
19,"4070811887674462208",39.40687,201.6607,205.474911674605,2.62564533779292,4.519409068279,4.3894215766935,270.07202,-21.014858,18.6816997528076,17.2334003448486,16.494800567627,15.9848003387451,15.6478004455566,17.128515,18.21358,15.980841,-0.483784634633077,-2.4831581936624,1,1,-999,"False",40205.3315151497,191848.19490909,1,39406.87,201660.7,NA,"P",0.174366681415929,0.892303982300885
20,"4069560269795495680",41.51541,-71.3089,82.5135654706431,1.30859857559564,2.09801814741431,5.49376573536092,270.08606,-22.16911,16.8967990875244,16.6707992553711,16.6462001800537,16.6203002929688,16.5793991088867,16.647326,16.822784,16.25248,-10.2662045716186,-1.53193570940034,1,NA,NA,"",43378.3715151549,-69012.7570909094,0,41515.41,-71308.9,NA,"P",0.183696504424779,-0.31552610619469
21,"4070718497904347904",37.01762,60.94089,71.3028489224414,3.26290416166628,4.16652061000378,5.37956885884209,270.06494,-21.60233,16.5198993682861,16.2612991333008,16.1679992675781,16.1026992797852,16.0648002624512,16.190025,16.426561,15.75585,-9.85335751054797,-5.68201640729068,1,NA,NA,"",38605.2515151429,59079.522909091,0,37017.62,60940.89,NA,"P",0.163794778761062,0.269649955752212
NA,"Sky-A1-1",-226.46104,82.44066,NA,NA,NA,NA,268.8801948,-21.517027643,NA,NA,NA,NA,NA,NA,NA,NA,NA,NA,NA,NA,NA,"",NA,NA,NA,-226461.04,82440.66,1,"S",-1.00204,0.364781681415929
NA,"Sky-A1-2",-222.23219,93.24117,NA,NA,NA,NA,268.8994314,-21.472150862,NA,NA,NA,NA,NA,NA,NA,NA,NA,NA,NA,NA,NA,"",NA,NA,NA,-222232.19,93241.17,1,"S",-0.983328274336283,0.412571548672566
NA,"Sky-A1-3",-217.48859,103.8257,NA,NA,NA,NA,268.9209548,-21.428184126,NA,NA,NA,NA,NA,NA,NA,NA,NA,NA,NA,NA,NA,"",NA,NA,NA,-217488.59,103825.7,1,"S",-0.96233889380531,0.459405752212389
NA,"Sky-A1-4",-212.24121,114.16975,NA,NA,NA,NA,268.9447135,-21.385228517,NA,NA,NA,NA,NA,NA,NA,NA,NA,NA,NA,NA,NA,"",NA,NA,NA,-212241.21,114169.75,1,"S",-0.939120398230089,0.505175884955752
NA,"Sky-A1-5",-206.50222,124.24934,NA,NA,NA,NA,268.9706512,-21.343382865,NA,NA,NA,NA,NA,NA,NA,NA,NA,NA,NA,NA,NA,"",NA,NA,NA,-206502.22,124249.34,1,"S",-0.913726637168142,0.549775840707965
NA,"Sky-A1-6",-200.2849,134.04112,NA,NA,NA,NA,268.9987067,-21.302743303,NA,NA,NA,NA,NA,NA,NA,NA,NA,NA,NA,NA,NA,"",NA,NA,NA,-200284.9,134041.12,1,"S",-0.886216371681416,0.593102300884956
NA,"Sky-A1-7",-193.60365,143.52243,NA,NA,NA,NA,269.028814,-21.263403029,NA,NA,NA,NA,NA,NA,NA,NA,NA,NA,NA,NA,NA,"",NA,NA,NA,-193603.65,143522.43,1,"S",-0.856653318584071,0.635055
NA,"Sky-A2-1",-3.01251,240.9813,NA,NA,NA,NA,269.8809469,-20.859835986,NA,NA,NA,NA,NA,NA,NA,NA,NA,NA,NA,NA,NA,"",NA,NA,NA,-3012.51,240981.3,1,"S",-0.0133296902654867,1.0662889380531
NA,"Sky-A2-2",8.5856,240.84715,NA,NA,NA,NA,269.9326494,-20.860416815,NA,NA,NA,NA,NA,NA,NA,NA,NA,NA,NA,NA,NA,"",NA,NA,NA,8585.6,240847.15,1,"S",0.0379893805309735,1.0656953539823
NA,"Sky-A2-3",20.16382,240.15512,NA,NA,NA,NA,269.9842628,-20.8633069,NA,NA,NA,NA,NA,NA,NA,NA,NA,NA,NA,NA,NA,"",NA,NA,NA,20163.82,240155.12,1,"S",0.0892204424778761,1.06263327433628
NA,"Sky-A2-4",31.69534,238.90682,NA,NA,NA,NA,270.0356697,-20.868499528,NA,NA,NA,NA,NA,NA,NA,NA,NA,NA,NA,NA,NA,"",NA,NA,NA,31695.34,238906.82,1,"S",0.140244867256637,1.05710982300885
NA,"Sky-A2-5",43.15344,237.10513,NA,NA,NA,NA,270.0867533,-20.875982816,NA,NA,NA,NA,NA,NA,NA,NA,NA,NA,NA,NA,NA,"",NA,NA,NA,43153.44,237105.13,1,"S",0.190944424778761,1.04913774336283
NA,"Sky-A2-6",54.51158,234.75423,NA,NA,NA,NA,270.1373974,-20.885739589,NA,NA,NA,NA,NA,NA,NA,NA,NA,NA,NA,NA,NA,"",NA,NA,NA,54511.58,234754.23,1,"S",0.241201681415929,1.03873553097345
NA,"Sky-A2-7",65.74346,231.85957,NA,NA,NA,NA,270.1874869,-20.897747507,NA,NA,NA,NA,NA,NA,NA,NA,NA,NA,NA,NA,NA,"",NA,NA,NA,65743.46,231859.57,1,"S",0.290900265486726,1.02592730088496
NA,"Sky-A3-1",231.67752,66.38214,NA,NA,NA,NA,270.9313995,-21.584369896,NA,NA,NA,NA,NA,NA,NA,NA,NA,NA,NA,NA,NA,"",NA,NA,NA,231677.52,66382.14,1,"S",1.0251217699115,0.293726283185841
NA,"Sky-A3-2",234.60313,55.15828,NA,NA,NA,NA,270.9447948,-21.631018786,NA,NA,NA,NA,NA,NA,NA,NA,NA,NA,NA,NA,NA,"",NA,NA,NA,234603.13,55158.28,1,"S",1.03806694690265,0.244063185840708
NA,"Sky-A3-3",236.98531,43.80666,NA,NA,NA,NA,270.9557684,-21.678210543,NA,NA,NA,NA,NA,NA,NA,NA,NA,NA,NA,NA,NA,"",NA,NA,NA,236985.31,43806.66,1,"S",1.04860756637168,0.193834778761062
NA,"Sky-A3-4",238.81857,32.35357,NA,NA,NA,NA,270.964293,-21.725836404,NA,NA,NA,NA,NA,NA,NA,NA,NA,NA,NA,NA,NA,"",NA,NA,NA,238818.57,32353.57,1,"S",1.05671933628319,0.143157389380531
NA,"Sky-A3-5",240.09865,20.82553,NA,NA,NA,NA,270.9703466,-21.773786539,NA,NA,NA,NA,NA,NA,NA,NA,NA,NA,NA,NA,NA,"",NA,NA,NA,240098.65,20825.53,1,"S",1.06238340707965,0.0921483628318584
NA,"Sky-A3-6",240.82258,9.24926,NA,NA,NA,NA,270.973913,-21.821950171,NA,NA,NA,NA,NA,NA,NA,NA,NA,NA,NA,NA,NA,"",NA,NA,NA,240822.58,9249.26,1,"S",1.06558663716814,0.0409259292035398
NA,"Sky-A3-7",240.98869,2.34844,NA,NA,NA,NA,270.9748504,-21.850667575,NA,NA,NA,NA,NA,NA,NA,NA,NA,NA,NA,NA,NA,"",NA,NA,NA,240988.69,2348.44,1,"S",1.06632163716814,0.0103913274336283
NA,"Sky-A4-1",210.21182,-117.86456,NA,NA,NA,NA,270.8398196,-22.351705604,NA,NA,NA,NA,NA,NA,NA,NA,NA,NA,NA,NA,NA,"",NA,NA,NA,210211.82,-117864.56,1,"S",0.930140796460177,-0.521524601769911
NA,"Sky-A4-2",204.2974,-127.84223,NA,NA,NA,NA,270.8134565,-22.393360757,NA,NA,NA,NA,NA,NA,NA,NA,NA,NA,NA,NA,NA,"",NA,NA,NA,204297.4,-127842.23,1,"S",0.903970796460177,-0.565673584070796
NA,"Sky-A4-3",197.90977,-137.52377,NA,NA,NA,NA,270.7849421,-22.43379021,NA,NA,NA,NA,NA,NA,NA,NA,NA,NA,NA,NA,NA,"",NA,NA,NA,197909.77,-137523.77,1,"S",0.875706946902655,-0.608512256637168
NA,"Sky-A4-4",191.06371,-146.88677,NA,NA,NA,NA,270.7543414,-22.472899503,NA,NA,NA,NA,NA,NA,NA,NA,NA,NA,NA,NA,NA,"",NA,NA,NA,191063.71,-146886.77,1,"S",0.845414646017699,-0.649941460176991
NA,"Sky-A4-5",183.77509,-155.90952,NA,NA,NA,NA,270.7217242,-22.510597024,NA,NA,NA,NA,NA,NA,NA,NA,NA,NA,NA,NA,NA,"",NA,NA,NA,183775.09,-155909.52,1,"S",0.813164115044248,-0.689865132743363
NA,"Sky-A4-6",176.06079,-164.57115,NA,NA,NA,NA,270.6871655,-22.546794606,NA,NA,NA,NA,NA,NA,NA,NA,NA,NA,NA,NA,NA,"",NA,NA,NA,176060.79,-164571.15,1,"S",0.779030044247788,-0.72819092920354
NA,"Sky-A4-7",167.93867,-172.85157,NA,NA,NA,NA,270.6507447,-22.581407295,NA,NA,NA,NA,NA,NA,NA,NA,NA,NA,NA,NA,NA,"",NA,NA,NA,167938.67,-172851.57,1,"S",0.743091460176991,-0.764829955752212
NA,"Sky-A5-1",-148.4702,-189.83588,NA,NA,NA,NA,269.2242546,-22.652454547,NA,NA,NA,NA,NA,NA,NA,NA,NA,NA,NA,NA,NA,"",NA,NA,NA,-148470.2,-189835.88,1,"S",-0.656947787610619,-0.839981769911504
NA,"Sky-A5-2",-157.43205,-182.47249,NA,NA,NA,NA,269.1839779,-22.621648738,NA,NA,NA,NA,NA,NA,NA,NA,NA,NA,NA,NA,NA,"",NA,NA,NA,-157432.05,-182472.49,1,"S",-0.696601991150442,-0.807400398230088
NA,"Sky-A5-3",-166.02924,-174.68645,NA,NA,NA,NA,269.1453703,-22.589080309,NA,NA,NA,NA,NA,NA,NA,NA,NA,NA,NA,NA,NA,"",NA,NA,NA,-166029.24,-174686.45,1,"S",-0.734642654867257,-0.77294889380531
NA,"Sky-A5-4",-174.24185,-166.49577,NA,NA,NA,NA,269.1085215,-22.554825617,NA,NA,NA,NA,NA,NA,NA,NA,NA,NA,NA,NA,NA,"",NA,NA,NA,-174241.85,-166495.77,1,"S",-0.770981637168142,-0.736706946902655
NA,"Sky-A5-5",-182.05086,-157.91943,NA,NA,NA,NA,269.0735169,-22.518965066,NA,NA,NA,NA,NA,NA,NA,NA,NA,NA,NA,NA,NA,"",NA,NA,NA,-182050.86,-157919.43,1,"S",-0.805534778761062,-0.698758539823009
NA,"Sky-A5-6",-189.43818,-148.97731,NA,NA,NA,NA,269.0404374,-22.48158281,NA,NA,NA,NA,NA,NA,NA,NA,NA,NA,NA,NA,NA,"",NA,NA,NA,-189438.18,-148977.31,1,"S",-0.83822203539823,-0.659191637168142
NA,"Sky-A5-7",-196.38671,-139.6901,NA,NA,NA,NA,269.0093591,-22.442766363,NA,NA,NA,NA,NA,NA,NA,NA,NA,NA,NA,NA,NA,"",NA,NA,NA,-196386.71,-139690.1,1,"S",-0.868967743362832,-0.61809778761062
NA,"Sky-H1-1",-181.17025,158.92893,NA,NA,NA,NA,269.0847501,-21.199500711,NA,NA,NA,NA,NA,NA,NA,NA,NA,NA,NA,NA,NA,"",NA,NA,NA,-181170.25,158928.93,1,"S",-0.801638274336283,0.703225353982301
NA,"Sky-H1-2",-173.31368,167.46173,NA,NA,NA,NA,269.1200457,-21.164121395,NA,NA,NA,NA,NA,NA,NA,NA,NA,NA,NA,NA,NA,"",NA,NA,NA,-173313.68,167461.73,1,"S",-0.766874690265487,0.74098110619469
NA,"Sky-H1-3",-165.05567,175.60663,NA,NA,NA,NA,269.15711,-21.130359103,NA,NA,NA,NA,NA,NA,NA,NA,NA,NA,NA,NA,NA,"",NA,NA,NA,-165055.67,175606.63,1,"S",-0.73033482300885,0.777020486725664
NA,"Sky-H1-4",-156.41534,183.34477,NA,NA,NA,NA,269.1958574,-21.09829105,NA,NA,NA,NA,NA,NA,NA,NA,NA,NA,NA,NA,NA,"",NA,NA,NA,-156415.34,183344.77,1,"S",-0.692103274336283,0.811260044247788
NA,"Sky-H1-5",-147.4127,190.65822,NA,NA,NA,NA,269.2361982,-21.067990577,NA,NA,NA,NA,NA,NA,NA,NA,NA,NA,NA,NA,NA,"",NA,NA,NA,-147412.7,190658.22,1,"S",-0.652268584070796,0.843620442477876
NA,"Sky-H1-6",-138.06861,197.53006,NA,NA,NA,NA,269.2780395,-21.039526839,NA,NA,NA,NA,NA,NA,NA,NA,NA,NA,NA,NA,NA,"",NA,NA,NA,-138068.61,197530.06,1,"S",-0.610923053097345,0.874026814159292
NA,"Sky-H1-7",-128.4047,203.94434,NA,NA,NA,NA,269.3212851,-21.012964958,NA,NA,NA,NA,NA,NA,NA,NA,NA,NA,NA,NA,NA,"",NA,NA,NA,-128404.7,203944.34,1,"S",-0.568162389380531,0.902408584070796
NA,"Sky-H1-8",-118.44464,209.88551,NA,NA,NA,NA,269.3658297,-20.988368424,NA,NA,NA,NA,NA,NA,NA,NA,NA,NA,NA,NA,NA,"",NA,NA,NA,-118444.64,209885.51,1,"S",-0.524091327433628,0.928696946902655
NA,"Sky-H2-1",-100.81652,218.89973,NA,NA,NA,NA,269.4446129,-20.951062325,NA,NA,NA,NA,NA,NA,NA,NA,NA,NA,NA,NA,NA,"",NA,NA,NA,-100816.52,218899.73,1,"S",-0.446090796460177,0.968582876106195
NA,"Sky-H2-2",-90.16757,223.49692,NA,NA,NA,NA,269.4921757,-20.932043611,NA,NA,NA,NA,NA,NA,NA,NA,NA,NA,NA,NA,NA,"",NA,NA,NA,-90167.57,223496.92,1,"S",-0.398971548672566,0.988924424778761
NA,"Sky-H2-3",-79.30977,227.57641,NA,NA,NA,NA,269.5406521,-20.915171759,NA,NA,NA,NA,NA,NA,NA,NA,NA,NA,NA,NA,NA,"",NA,NA,NA,-79309.77,227576.41,1,"S",-0.350928185840708,1.00697526548673
NA,"Sky-H2-4",-68.26826,231.12877,NA,NA,NA,NA,269.5899315,-20.900485083,NA,NA,NA,NA,NA,NA,NA,NA,NA,NA,NA,NA,NA,"",NA,NA,NA,-68268.26,231128.77,1,"S",-0.302071946902655,1.02269367256637
NA,"Sky-H2-5",-57.06862,234.14576,NA,NA,NA,NA,269.6399016,-20.888017022,NA,NA,NA,NA,NA,NA,NA,NA,NA,NA,NA,NA,NA,"",NA,NA,NA,-57068.62,234145.76,1,"S",-0.252516017699115,1.03604318584071
NA,"Sky-H2-6",-45.73679,236.62039,NA,NA,NA,NA,269.6904485,-20.87779591,NA,NA,NA,NA,NA,NA,NA,NA,NA,NA,NA,NA,NA,"",NA,NA,NA,-45736.79,236620.39,1,"S",-0.20237517699115,1.04699287610619
NA,"Sky-H2-7",-34.29902,238.54693,NA,NA,NA,NA,269.7414571,-20.869844936,NA,NA,NA,NA,NA,NA,NA,NA,NA,NA,NA,NA,NA,"",NA,NA,NA,-34299.02,238546.93,1,"S",-0.151765575221239,1.05551738938053
NA,"Sky-H2-8",-22.78326,239.92079,NA,NA,NA,NA,269.7928048,-20.864182644,NA,NA,NA,NA,NA,NA,NA,NA,NA,NA,NA,NA,NA,"",NA,NA,NA,-22783.26,239920.79,1,"S",-0.100810884955752,1.0615964159292
NA,"Sky-H3-1",184.61356,154.91577,NA,NA,NA,NA,270.7189147,-21.21678948,NA,NA,NA,NA,NA,NA,NA,NA,NA,NA,NA,NA,NA,"",NA,NA,NA,184613.56,154915.77,1,"S",0.816874159292035,0.685468008849557
NA,"Sky-H3-2",191.8534,145.85382,NA,NA,NA,NA,270.7514392,-21.254384182,NA,NA,NA,NA,NA,NA,NA,NA,NA,NA,NA,NA,NA,"",NA,NA,NA,191853.4,145853.82,1,"S",0.848908849557522,0.645370884955752
NA,"Sky-H3-3",198.64884,136.45402,NA,NA,NA,NA,270.7820008,-21.293387085,NA,NA,NA,NA,NA,NA,NA,NA,NA,NA,NA,NA,NA,"",NA,NA,NA,198648.84,136454.02,1,"S",0.878977168141593,0.603778849557522
NA,"Sky-H3-4",204.98415,126.73816,NA,NA,NA,NA,270.8105284,-21.333708736,NA,NA,NA,NA,NA,NA,NA,NA,NA,NA,NA,NA,NA,"",NA,NA,NA,204984.15,126738.16,1,"S",0.907009513274336,0.560788318584071
NA,"Sky-H3-5",210.84465,116.72873,NA,NA,NA,NA,270.8369551,-21.375256739,NA,NA,NA,NA,NA,NA,NA,NA,NA,NA,NA,NA,NA,"",NA,NA,NA,210844.65,116728.73,1,"S",0.93294092920354,0.516498805309734
NA,"Sky-H3-6",216.21677,106.44891,NA,NA,NA,NA,270.8612187,-21.41793579,NA,NA,NA,NA,NA,NA,NA,NA,NA,NA,NA,NA,NA,"",NA,NA,NA,216216.77,106448.91,1,"S",0.956711371681416,0.471012876106195
NA,"Sky-H3-7",221.08806,95.92253,NA,NA,NA,NA,270.8832619,-21.461647833,NA,NA,NA,NA,NA,NA,NA,NA,NA,NA,NA,NA,NA,"",NA,NA,NA,221088.06,95922.53,1,"S",0.978265752212389,0.424435973451327
NA,"Sky-H3-8",225.44672,85.17533,NA,NA,NA,NA,270.9030299,-21.506286811,NA,NA,NA,NA,NA,NA,NA,NA,NA,NA,NA,NA,NA,"",NA,NA,NA,225446.72,85175.33,1,"S",0.99755185840708,0.376881991150442
NA,"Sky-H4-1",239.9828,-22.12059,NA,NA,NA,NA,270.9710236,-21.95253208,NA,NA,NA,NA,NA,NA,NA,NA,NA,NA,NA,NA,NA,"",NA,NA,NA,239982.8,-22120.59,1,"S",1.06187079646018,-0.0978787168141593
NA,"Sky-H4-2",238.64054,-33.64155,NA,NA,NA,NA,270.9653229,-22.000514566,NA,NA,NA,NA,NA,NA,NA,NA,NA,NA,NA,NA,NA,"",NA,NA,NA,238640.54,-33641.55,1,"S",1.05593159292035,-0.148856415929204
NA,"Sky-H4-3",236.74552,-45.08459,NA,NA,NA,NA,270.9571357,-22.048185883,NA,NA,NA,NA,NA,NA,NA,NA,NA,NA,NA,NA,NA,"",NA,NA,NA,236745.52,-45084.59,1,"S",1.04754654867257,-0.199489336283186
NA,"Sky-H4-4",234.30213,-56.42319,NA,NA,NA,NA,270.9464787,-22.09543537,NA,NA,NA,NA,NA,NA,NA,NA,NA,NA,NA,NA,NA,"",NA,NA,NA,234302.13,-56423.19,1,"S",1.03673508849558,-0.249660132743363
NA,"Sky-H4-5",231.31601,-67.6311,NA,NA,NA,NA,270.9333742,-22.142153367,NA,NA,NA,NA,NA,NA,NA,NA,NA,NA,NA,NA,NA,"",NA,NA,NA,231316.01,-67631.1,1,"S",1.02352216814159,-0.299252654867257
NA,"Sky-H4-6",227.79409,-78.68236,NA,NA,NA,NA,270.9178506,-22.188231294,NA,NA,NA,NA,NA,NA,NA,NA,NA,NA,NA,NA,NA,"",NA,NA,NA,227794.09,-78682.36,1,"S",1.00793845132743,-0.34815203539823
NA,"Sky-H4-7",223.74453,-89.55136,NA,NA,NA,NA,270.8999417,-22.233561912,NA,NA,NA,NA,NA,NA,NA,NA,NA,NA,NA,NA,NA,"",NA,NA,NA,223744.53,-89551.36,1,"S",0.990020044247788,-0.396244955752212
NA,"Sky-H4-8",219.17732,-100.21161,NA,NA,NA,NA,270.8796897,-22.278034189,NA,NA,NA,NA,NA,NA,NA,NA,NA,NA,NA,NA,NA,"",NA,NA,NA,219177.32,-100211.61,1,"S",0.969811150442478,-0.443414203539823
NA,"Sky-H5-1",41.83481,-237.34134,NA,NA,NA,NA,270.0827633,-22.851279469,NA,NA,NA,NA,NA,NA,NA,NA,NA,NA,NA,NA,NA,"",NA,NA,NA,41834.81,-237341.34,1,"S",0.185109778761062,-1.05018292035398
NA,"Sky-H5-2",30.36687,-239.07931,NA,NA,NA,NA,270.030989,-22.858562764,NA,NA,NA,NA,NA,NA,NA,NA,NA,NA,NA,NA,NA,"",NA,NA,NA,30366.87,-239079.31,1,"S",0.134366681415929,-1.05787305309735
NA,"Sky-H5-3",18.8286,-240.26349,NA,NA,NA,NA,269.9788897,-22.863526958,NA,NA,NA,NA,NA,NA,NA,NA,NA,NA,NA,NA,NA,"",NA,NA,NA,18828.6,-240263.49,1,"S",0.083312389380531,-1.06311278761062
NA,"Sky-H5-4",7.2467,-240.89115,NA,NA,NA,NA,269.9265885,-22.866160281,NA,NA,NA,NA,NA,NA,NA,NA,NA,NA,NA,NA,NA,"",NA,NA,NA,7246.7,-240891.15,1,"S",0.0320650442477876,-1.06589004424779
NA,"Sky-H5-5",-4.35197,-240.96083,NA,NA,NA,NA,269.8742091,-22.866456391,NA,NA,NA,NA,NA,NA,NA,NA,NA,NA,NA,NA,NA,"",NA,NA,NA,-4351.97,-240960.83,1,"S",-0.0192565044247788,-1.06619836283186
NA,"Sky-H5-6",-15.94057,-240.47237,NA,NA,NA,NA,269.8218751,-22.864414488,NA,NA,NA,NA,NA,NA,NA,NA,NA,NA,NA,NA,NA,"",NA,NA,NA,-15940.57,-240472.37,1,"S",-0.0705334955752212,-1.06403703539823
NA,"Sky-H5-7",-27.49224,-239.4269,NA,NA,NA,NA,269.7697103,-22.860039282,NA,NA,NA,NA,NA,NA,NA,NA,NA,NA,NA,NA,NA,"",NA,NA,NA,-27492.24,-239426.9,1,"S",-0.121647079646018,-1.0594110619469
NA,"Sky-H5-8",-38.97879,-237.82707,NA,NA,NA,NA,269.7178444,-22.853341953,NA,NA,NA,NA,NA,NA,NA,NA,NA,NA,NA,NA,NA,"",NA,NA,NA,-38978.79,-237827.07,1,"S",-0.172472522123894,-1.05233216814159
NA,"Sky-H6-1",-58.36925,-233.82492,NA,NA,NA,NA,269.6303077,-22.836585158,NA,NA,NA,NA,NA,NA,NA,NA,NA,NA,NA,NA,NA,"",NA,NA,NA,-58369.25,-233824.92,1,"S",-0.258271017699115,-1.03462353982301
NA,"Sky-H6-2",-70.99489,-235.53286,NA,NA,NA,NA,269.5737299,-22.842213831,NA,NA,NA,NA,NA,NA,NA,NA,NA,NA,NA,NA,NA,"",NA,NA,NA,-70994.89,-235532.86,0,"S",-0.314136681415929,-1.04218079646018
NA,"Sky-H6-3",-80.57354,-227.13205,NA,NA,NA,NA,269.5301105,-22.808561541,NA,NA,NA,NA,NA,NA,NA,NA,NA,NA,NA,NA,NA,"",NA,NA,NA,-80573.54,-227132.05,1,"S",-0.356520088495575,-1.00500907079646
NA,"Sky-H6-4",-91.4085,-222.99226,NA,NA,NA,NA,269.4812402,-22.791228765,NA,NA,NA,NA,NA,NA,NA,NA,NA,NA,NA,NA,NA,"",NA,NA,NA,-91408.5,-222992.26,1,"S",-0.404462389380531,-0.986691415929204
NA,"Sky-H6-5",-102.03172,-218.33596,NA,NA,NA,NA,269.4333429,-22.771734707,NA,NA,NA,NA,NA,NA,NA,NA,NA,NA,NA,NA,NA,"",NA,NA,NA,-102031.72,-218335.96,1,"S",-0.45146778761062,-0.966088318584071
NA,"Sky-H6-6",-112.41861,-213.17391,NA,NA,NA,NA,269.3865311,-22.750125125,NA,NA,NA,NA,NA,NA,NA,NA,NA,NA,NA,NA,NA,"",NA,NA,NA,-112418.61,-213173.91,1,"S",-0.497427477876106,-0.943247389380531
NA,"Sky-H6-7",-122.54511,-207.51809,NA,NA,NA,NA,269.3409149,-22.726450943,NA,NA,NA,NA,NA,NA,NA,NA,NA,NA,NA,NA,NA,"",NA,NA,NA,-122545.11,-207518.09,1,"S",-0.542235,-0.918221637168142
NA,"Sky-H6-8",-132.38652,-201.3824,NA,NA,NA,NA,269.2966068,-22.700771185,NA,NA,NA,NA,NA,NA,NA,NA,NA,NA,NA,NA,NA,"",NA,NA,NA,-132386.52,-201382.4,1,"S",-0.585781061946903,-0.891072566371681
NA,"Sky-H7-1",-207.18967,-123.09956,NA,NA,NA,NA,268.9611287,-22.373446843,NA,NA,NA,NA,NA,NA,NA,NA,NA,NA,NA,NA,NA,"",NA,NA,NA,-207189.67,-123099.56,1,"S",-0.916768451327434,-0.544688318584071
NA,"Sky-H7-2",-212.87255,-112.98823,NA,NA,NA,NA,268.9358117,-22.33121283,NA,NA,NA,NA,NA,NA,NA,NA,NA,NA,NA,NA,NA,"",NA,NA,NA,-212872.55,-112988.23,1,"S",-0.941913938053097,-0.499947920353982
NA,"Sky-H7-3",-218.06235,-102.61518,NA,NA,NA,NA,268.9127349,-22.287896504,NA,NA,NA,NA,NA,NA,NA,NA,NA,NA,NA,NA,NA,"",NA,NA,NA,-218062.35,-102615.18,1,"S",-0.964877654867257,-0.454049469026549
NA,"Sky-H7-4",-222.74704,-92.00444,NA,NA,NA,NA,268.8919501,-22.243599062,NA,NA,NA,NA,NA,NA,NA,NA,NA,NA,NA,NA,NA,"",NA,NA,NA,-222747.04,-92004.44,1,"S",-0.985606371681416,-0.407099292035398
NA,"Sky-H7-5",-226.91579,-81.18059,NA,NA,NA,NA,268.8735039,-22.198423907,NA,NA,NA,NA,NA,NA,NA,NA,NA,NA,NA,NA,NA,"",NA,NA,NA,-226915.79,-81180.59,1,"S",-1.00405216814159,-0.359206150442478
NA,"Sky-H7-6",-230.55892,-70.1687,NA,NA,NA,NA,268.8574374,-22.152476399,NA,NA,NA,NA,NA,NA,NA,NA,NA,NA,NA,NA,NA,"",NA,NA,NA,-230558.92,-70168.7,1,"S",-1.02017221238938,-0.310480973451327
NA,"Sky-H7-7",-233.66801,-58.99428,NA,NA,NA,NA,268.8437858,-22.105863626,NA,NA,NA,NA,NA,NA,NA,NA,NA,NA,NA,NA,NA,"",NA,NA,NA,-233668.01,-58994.28,1,"S",-1.03392924778761,-0.261036637168142
NA,"Sky-H7-8",-236.23556,-47.68464,NA,NA,NA,NA,268.8325799,-22.058700076,NA,NA,NA,NA,NA,NA,NA,NA,NA,NA,NA,NA,NA,"",NA,NA,NA,-236235.56,-47684.64,1,"S",-1.04529008849558,-0.210993982300885
