#OBSTEMP,8
#CONFIGTEMP,19
#EQUINOX,J2000.0
#CENTRE,17 59 11.82,-21 51 39.4 #Field centre
#UTTIME,12 00 00.00 #Target observing time
#UTDATE,2021 07 10 #Target observing date
#PLATEID,a test_plateID
#LABEL,a test_label
#TILING_DATE,2021 06 07 # Date the tile was created/configured
#PROXIMITY,220 # tiling proximity value in arcseconds
"probe","ID","x","y","rads","angs","azAngs","angs_azAng","RA","DEC","g_mag","r_mag","i_mag","z_mag","y_mag","GAIA_g_mag","GAIA_bp_mag","GAIA_rp_mag","pmRA","pmDEC","priority","remaining_observations","Tile_number","COMPLETED","MagnetX_noDC","MagnetY_noDC","type","MagnetX","MagnetY","Position","fibre_type","fraction_plate_radius_X","fraction_plate_radius_Y"
1,"4070980937586026752",-111.03231,179.22694,210.832800782278,0.704258634026819,-1.01615692579623,1.72041555982305,269.29907,-21.106539,19.3847007751465,17.3605995178223,16.2973003387451,15.6845998764038,15.2781000137329,16.990347,18.282633,15.609325,-1.26017899182087,-3.88618830147559,1,1,-999,"False",-113042.543917524,170493.078948454,1,-111032.31,179226.94,NA,"P",-0.491293407079646,0.793039557522124
2,"4070815774656364544",-2.6139,172.14834,172.168183582117,3.34559138541201,-1.55561349583487,4.90120488124688,269.78757,-21.131487,17.6487007141113,16.3185005187988,15.5120000839233,15.0392999649048,14.7553997039795,16.078989,17.22168,14.990288,-0.778245311511717,-2.99639577818072,1,1,-999,"False",-2641.54391752629,164854.830948454,1,-2613.9,172148.34,NA,"P",-0.0115659292035398,0.761718318584071
3,"4070284671846676864",-75.31477,-102.86091,127.486004667889,2.11971876129693,0.938784810376809,1.18093395092012,269.452,-22.299158,18.7070007324219,17.4869003295898,16.8295993804932,16.4307994842529,16.1991004943848,17.37738,18.278496,16.39683,2.78242624656287,1.05458687655409,1,1,-999,"False",-78480.3639175304,-99038.8150515456,1,-75314.77,-102860.91,NA,"P",-0.333251194690266,-0.455136769911504
4,"4070791310494246528",-17.67095,149.16172,150.204797484171,2.63585259214176,-1.45287753333009,4.08873012547185,269.71878,-21.226377,18.1688995361328,17.1653003692627,16.6537990570068,16.2810001373291,16.1706008911133,17.175245,17.870375,16.051735,1.25744422121042,-1.68813730770331,1,1,-999,"False",-18188.0839175343,143409.690948454,1,-17670.95,149161.72,NA,"P",-0.0781900442477876,0.660007610619469
5,"4070324773994195968",-49.59241,-39.4438,63.3657674777801,1.8306183135431,0.671905025838369,1.15871328770473,269.56964,-22.02999,18.8388996124268,17.3572006225586,16.5216999053955,16.0461006164551,15.7228002548218,17.151012,18.373556,16.014044,-0.373980033974482,2.20436831770956,1,1,-999,"False",-51893.7239175317,-38206.8470515455,1,-49592.41,-39443.8,NA,"P",-0.219435442477876,-0.174530088495575
6,"4070976505176462848",-93.96741,154.94926,181.215747981945,0.720837391156093,-1.02565507394549,1.74649246510158,269.37308,-21.204857,19.9232997894287,17.6853008270264,16.7425994873047,15.9570999145508,15.5693998336792,17.398138,18.66959,15.903654,-1.24300530795913,-3.60401596870842,1,1,-999,"False",-96316.2839175393,148273.210948454,1,-93967.41,154949.26,NA,"P",-0.415785,0.685616194690266
7,"4070398922315961856",-154.15485,44.61371,160.480842777219,-1.02464306577529,-0.281711638579639,5.54025387998394,269.09497,-21.66986,17.8915004730225,16.3929996490479,15.4441003799438,14.7636995315552,14.3429002761841,16.426739,17.185751,14.729296,-5.96421806244594,-2.06183555577893,1,1,-999,"False",-159169.14391752,43182.5329484541,1,-154154.85,44613.71,NA,"P",-0.68210110619469,0.197405796460177
8,"4070691525506383488",41.76504,-27.09309,49.7830703347001,1.36383018786858,2.56613003063057,5.0808854644176,269.9927,-21.977245,19.4379005432129,17.9283008575439,17.0694007873535,16.5398998260498,16.1900005340576,17.68331,18.93712,16.551315,6.66539848512251,-14.9616729454511,1,1,-999,"False",43717.836082473,-26286.4770515459,1,41765.04,-27093.09,NA,"P",0.184801061946903,-0.11988092920354
9,"4069972998978484352",189.49675,40.47912,193.771972732222,1.24229218762395,3.35204347852796,4.17343401627557,270.65918,-21.688204,15.5633001327515,14.9713001251221,14.7144002914429,14.5783004760742,14.4940996170044,14.983785,15.4811,14.338161,0.194516173036287,-6.0873843905358,1,1,-999,"False",194342.316082468,39036.7889484535,1,189496.75,40479.12,NA,"P",0.838481194690265,0.179111150442478
10,"4070984442279494656",-44.5865,189.89023,195.054493492723,3.43062071803054,-1.34017254034583,4.77079325837637,269.59787,-21.059525,17.6527996063232,16.4115009307861,15.7795000076294,15.5156002044678,15.0544996261597,16.294264,17.244463,15.200234,-0.400000396528835,-1.72302038453189,1,1,-999,"False",-45513.74391753,181118.242948454,1,-44586.5,189890.23,NA,"P",-0.197285398230089,0.840222256637168
11,"4070337693255941760",-27.20835,13.1201,30.206478340457,1.68409433400575,-0.449313443167608,2.13340777717336,269.67313,-21.804384,16.7387008666992,15.0824003219604,14.1899003982544,13.6406002044678,13.2952995300293,14.80828,16.110037,13.667455,0.352427530595669,-1.26046156021527,1,1,-999,"False",-28504.9839175396,12780.1089484543,1,-27208.35,13120.1,NA,"P",-0.12039092920354,0.0580535398230088
12,"4069945678665956352",140.85659,-15.33608,141.689005558634,4.5669155202435,3.03314257600069,1.53377294424282,270.44537,-21.925066,19.263599395752,17.8092994689941,16.9775009155273,16.4111995697021,16.031099319458,17.563772,18.766735,16.388885,-0.195070556775217,-2.9209729372999,1,1,-999,"False",146021.256082476,-14494.0230515462,1,140856.59,-15336.08,NA,"P",0.623259247787611,-0.0678587610619469
13,"4070988294976209408",-76.40818,200.62546,214.682987614585,3.34547258475069,-1.20690689436905,4.55237947911975,269.45566,-21.017788,17.7078990936279,16.1917991638184,15.3445997238159,14.826000213623,14.5031003952026,15.936447,17.125435,14.777534,-0.904762498361805,-0.689705918729881,1,1,-999,"False",-77653.2039175248,190550.804948454,1,-76408.18,200625.46,NA,"P",-0.338089292035398,0.887723274336283
14,"4070382876317383936",-102.47851,26.51565,105.853316937839,2.06776307650809,-0.253190774981011,2.3209538514891,269.3273,-21.746733,18.4389991760254,17.1781997680664,16.4909000396729,16.0356998443604,15.7421998977661,17.023838,17.975006,15.911108,0.0287625231414966,-5.09957224441668,1,1,-999,"False",-106662.563917535,25809.2349484543,1,-102478.51,26515.65,NA,"P",-0.453444734513274,0.117325884955752
15,"4069918366991745408",112.5038,-96.17957,148.012211319961,0.856737474103722,2.43426038982538,4.70566239145793,270.31616,-22.269255,15.1702995300293,14.3829002380371,14.0020999908447,13.7658004760742,13.5993003845215,14.354072,14.994591,13.577325,-0.225416777874294,-5.0726258302406,1,1,-999,"False",116819.796082476,-92280.7370515454,1,112503.8,-96179.57,NA,"P",0.497804424778761,-0.425573318584071
16,"4070798659171155840",36.61061,142.51122,147.138657702388,3.40186770786281,4.46093025560982,5.22412275943258,269.9665,-21.254707,16.8855991363525,15.3357000350952,14.5403995513916,13.980299949646,13.6715002059937,15.103823,16.328253,13.991792,-0.329066256932308,1.69940208705778,1,1,-999,"False",37796.6360824692,137007.110948454,1,36610.61,142511.22,NA,"P",0.161993849557522,0.630580619469027
17,"4069871981342116480",148.47285,-102.40258,180.362068012592,0.694221496355428,2.5378090381524,4.43959776538262,270.47748,-22.292564,18.8995990753174,17.1982002258301,16.2567005157471,15.6596002578735,15.2980003356934,16.877079,18.225084,15.71254,-0.16184072950629,-0.535151820954116,1,1,-999,"False",153278.11608246,-97548.5710515465,1,148472.85,-102402.58,NA,"P",0.656959513274336,-0.453108761061947
18,"4070394038895860352",-156.85055,27.79865,159.294883712959,2.12435459959653,-0.175408746721764,2.29976334631829,269.08215,-21.741179,18.6448001861572,17.5256004333496,16.9834003448486,16.6907997131348,16.5312004089355,17.457886,18.209032,16.44375,5.63925516695791,-6.71654739202212,1,1,-999,"False",-162066.463917527,27064.4389484535,1,-156850.55,27798.65,NA,"P",-0.694028982300885,0.123002876106195
19,"4070718811468706816",36.01846,56.03997,66.6168724751658,3.48418972479773,4.14114285768105,5.62623217429627,269.96555,-21.620447,18.1250991821289,16.5076007843018,15.5573997497559,14.9518003463745,14.5500001907349,16.197395,17.535055,15.009998,-0.683162231778158,-1.50893584027996,1,1,-999,"False",37581.9360824717,54349.8709484543,1,36018.46,56039.97,NA,"P",0.159373716814159,0.247964469026549
20,"4069560269795495680",62.04728,-72.01819,95.0604262891478,1.18774770591724,2.28195772823388,5.18897528486295,270.08606,-22.16911,16.8967990875244,16.6707992553711,16.6462001800537,16.6203002929688,16.5793991088867,16.647326,16.822784,16.25248,-10.2662045716186,-1.53193570940034,1,NA,NA,"",64817.1960824771,-69647.9670515459,0,62047.28,-72018.19,NA,"P",0.274545486725664,-0.318664557522124
21,"4070326522008971648",-87.89243,-41.38878,97.1499375254215,2.09927820035444,0.440099978717001,1.65917822163744,269.39322,-22.037567,17.5510997772217,17.3871994018555,17.4083003997803,17.4951992034912,17.6007995605469,17.386822,17.494452,17.031782,1.85349963441014,-1.71233861269308,1,NA,NA,"",-91764.6439175205,-39919.2490515466,0,-87892.43,-41388.78,NA,"P",-0.388904557522124,-0.183136194690265
NA,"Sky-A1-1",-226.46104,82.44066,NA,NA,NA,NA,268.7853523,-21.514217838,NA,NA,NA,NA,NA,NA,NA,NA,NA,NA,NA,NA,NA,"",NA,NA,NA,-226461.04,82440.66,1,"S",-1.00204,0.364781681415929
NA,"Sky-A1-2",-222.23219,93.24117,NA,NA,NA,NA,268.8045885,-21.469341034,NA,NA,NA,NA,NA,NA,NA,NA,NA,NA,NA,NA,NA,"",NA,NA,NA,-222232.19,93241.17,1,"S",-0.983328274336283,0.412571548672566
NA,"Sky-A1-3",-217.48859,103.8257,NA,NA,NA,NA,268.8261113,-21.425374272,NA,NA,NA,NA,NA,NA,NA,NA,NA,NA,NA,NA,NA,"",NA,NA,NA,-217488.59,103825.7,1,"S",-0.96233889380531,0.459405752212389
NA,"Sky-A1-4",-212.24121,114.16975,NA,NA,NA,NA,268.8498695,-21.382418633,NA,NA,NA,NA,NA,NA,NA,NA,NA,NA,NA,NA,NA,"",NA,NA,NA,-212241.21,114169.75,1,"S",-0.939120398230089,0.505175884955752
NA,"Sky-A1-5",-206.50222,124.24934,NA,NA,NA,NA,268.8758067,-21.34057295,NA,NA,NA,NA,NA,NA,NA,NA,NA,NA,NA,NA,NA,"",NA,NA,NA,-206502.22,124249.34,1,"S",-0.913726637168142,0.549775840707965
NA,"Sky-A1-6",-200.2849,134.04112,NA,NA,NA,NA,268.9038615,-21.299933356,NA,NA,NA,NA,NA,NA,NA,NA,NA,NA,NA,NA,NA,"",NA,NA,NA,-200284.9,134041.12,1,"S",-0.886216371681416,0.593102300884956
NA,"Sky-A1-7",-193.60365,143.52243,NA,NA,NA,NA,268.9339682,-21.260593047,NA,NA,NA,NA,NA,NA,NA,NA,NA,NA,NA,NA,NA,"",NA,NA,NA,-193603.65,143522.43,1,"S",-0.856653318584071,0.635055
NA,"Sky-A2-1",-3.01251,240.9813,NA,NA,NA,NA,269.7860845,-20.857025341,NA,NA,NA,NA,NA,NA,NA,NA,NA,NA,NA,NA,NA,"",NA,NA,NA,-3012.51,240981.3,1,"S",-0.0133296902654867,1.0662889380531
NA,"Sky-A2-2",8.5856,240.84715,NA,NA,NA,NA,269.837786,-20.857606149,NA,NA,NA,NA,NA,NA,NA,NA,NA,NA,NA,NA,NA,"",NA,NA,NA,8585.6,240847.15,1,"S",0.0379893805309735,1.0656953539823
NA,"Sky-A2-3",20.16382,240.15512,NA,NA,NA,NA,269.8893984,-20.860496216,NA,NA,NA,NA,NA,NA,NA,NA,NA,NA,NA,NA,NA,"",NA,NA,NA,20163.82,240155.12,1,"S",0.0892204424778761,1.06263327433628
NA,"Sky-A2-4",31.69534,238.90682,NA,NA,NA,NA,269.9408043,-20.865688828,NA,NA,NA,NA,NA,NA,NA,NA,NA,NA,NA,NA,NA,"",NA,NA,NA,31695.34,238906.82,1,"S",0.140244867256637,1.05710982300885
NA,"Sky-A2-5",43.15344,237.10513,NA,NA,NA,NA,269.991887,-20.873172102,NA,NA,NA,NA,NA,NA,NA,NA,NA,NA,NA,NA,NA,"",NA,NA,NA,43153.44,237105.13,1,"S",0.190944424778761,1.04913774336283
NA,"Sky-A2-6",54.51158,234.75423,NA,NA,NA,NA,270.0425302,-20.882928864,NA,NA,NA,NA,NA,NA,NA,NA,NA,NA,NA,NA,NA,"",NA,NA,NA,54511.58,234754.23,1,"S",0.241201681415929,1.03873553097345
NA,"Sky-A2-7",65.74346,231.85957,NA,NA,NA,NA,270.0926187,-20.894936772,NA,NA,NA,NA,NA,NA,NA,NA,NA,NA,NA,NA,NA,"",NA,NA,NA,65743.46,231859.57,1,"S",0.290900265486726,1.02592730088496
NA,"Sky-A3-1",231.67752,66.38214,NA,NA,NA,NA,270.836517,-21.581559275,NA,NA,NA,NA,NA,NA,NA,NA,NA,NA,NA,NA,NA,"",NA,NA,NA,231677.52,66382.14,1,"S",1.0251217699115,0.293726283185841
NA,"Sky-A3-2",234.60313,55.15828,NA,NA,NA,NA,270.849912,-21.628208171,NA,NA,NA,NA,NA,NA,NA,NA,NA,NA,NA,NA,NA,"",NA,NA,NA,234603.13,55158.28,1,"S",1.03806694690265,0.244063185840708
NA,"Sky-A3-3",236.98531,43.80666,NA,NA,NA,NA,270.8608854,-21.675399932,NA,NA,NA,NA,NA,NA,NA,NA,NA,NA,NA,NA,NA,"",NA,NA,NA,236985.31,43806.66,1,"S",1.04860756637168,0.193834778761062
NA,"Sky-A3-4",238.81857,32.35357,NA,NA,NA,NA,270.8694098,-21.723025797,NA,NA,NA,NA,NA,NA,NA,NA,NA,NA,NA,NA,NA,"",NA,NA,NA,238818.57,32353.57,1,"S",1.05671933628319,0.143157389380531
NA,"Sky-A3-5",240.09865,20.82553,NA,NA,NA,NA,270.8754633,-21.770975934,NA,NA,NA,NA,NA,NA,NA,NA,NA,NA,NA,NA,NA,"",NA,NA,NA,240098.65,20825.53,1,"S",1.06238340707965,0.0921483628318584
NA,"Sky-A3-6",240.82258,9.24926,NA,NA,NA,NA,270.8790296,-21.819139568,NA,NA,NA,NA,NA,NA,NA,NA,NA,NA,NA,NA,NA,"",NA,NA,NA,240822.58,9249.26,1,"S",1.06558663716814,0.0409259292035398
NA,"Sky-A3-7",240.98869,2.34844,NA,NA,NA,NA,270.8799669,-21.847856972,NA,NA,NA,NA,NA,NA,NA,NA,NA,NA,NA,NA,NA,"",NA,NA,NA,240988.69,2348.44,1,"S",1.06632163716814,0.0103913274336283
NA,"Sky-A4-1",210.21182,-117.86456,NA,NA,NA,NA,270.7449386,-22.348894932,NA,NA,NA,NA,NA,NA,NA,NA,NA,NA,NA,NA,NA,"",NA,NA,NA,210211.82,-117864.56,1,"S",0.930140796460177,-0.521524601769911
NA,"Sky-A4-2",204.2974,-127.84223,NA,NA,NA,NA,270.718576,-22.390550074,NA,NA,NA,NA,NA,NA,NA,NA,NA,NA,NA,NA,NA,"",NA,NA,NA,204297.4,-127842.23,1,"S",0.903970796460177,-0.565673584070796
NA,"Sky-A4-3",197.90977,-137.52377,NA,NA,NA,NA,270.6900623,-22.430979516,NA,NA,NA,NA,NA,NA,NA,NA,NA,NA,NA,NA,NA,"",NA,NA,NA,197909.77,-137523.77,1,"S",0.875706946902655,-0.608512256637168
NA,"Sky-A4-4",191.06371,-146.88677,NA,NA,NA,NA,270.6594621,-22.470088798,NA,NA,NA,NA,NA,NA,NA,NA,NA,NA,NA,NA,NA,"",NA,NA,NA,191063.71,-146886.77,1,"S",0.845414646017699,-0.649941460176991
NA,"Sky-A4-5",183.77509,-155.90952,NA,NA,NA,NA,270.6268456,-22.507786309,NA,NA,NA,NA,NA,NA,NA,NA,NA,NA,NA,NA,NA,"",NA,NA,NA,183775.09,-155909.52,1,"S",0.813164115044248,-0.689865132743363
NA,"Sky-A4-6",176.06079,-164.57115,NA,NA,NA,NA,270.5922876,-22.54398388,NA,NA,NA,NA,NA,NA,NA,NA,NA,NA,NA,NA,NA,"",NA,NA,NA,176060.79,-164571.15,1,"S",0.779030044247788,-0.72819092920354
NA,"Sky-A4-7",167.93867,-172.85157,NA,NA,NA,NA,270.5558676,-22.578596559,NA,NA,NA,NA,NA,NA,NA,NA,NA,NA,NA,NA,NA,"",NA,NA,NA,167938.67,-172851.57,1,"S",0.743091460176991,-0.764829955752212
NA,"Sky-A5-1",-148.4702,-189.83588,NA,NA,NA,NA,269.1294068,-22.649644341,NA,NA,NA,NA,NA,NA,NA,NA,NA,NA,NA,NA,NA,"",NA,NA,NA,-148470.2,-189835.88,1,"S",-0.656947787610619,-0.839981769911504
NA,"Sky-A5-2",-157.43205,-182.47249,NA,NA,NA,NA,269.0891309,-22.618838574,NA,NA,NA,NA,NA,NA,NA,NA,NA,NA,NA,NA,NA,"",NA,NA,NA,-157432.05,-182472.49,1,"S",-0.696601991150442,-0.807400398230088
NA,"Sky-A5-3",-166.02924,-174.68645,NA,NA,NA,NA,269.050524,-22.586270184,NA,NA,NA,NA,NA,NA,NA,NA,NA,NA,NA,NA,NA,"",NA,NA,NA,-166029.24,-174686.45,1,"S",-0.734642654867257,-0.77294889380531
NA,"Sky-A5-4",-174.24185,-166.49577,NA,NA,NA,NA,269.013676,-22.552015532,NA,NA,NA,NA,NA,NA,NA,NA,NA,NA,NA,NA,NA,"",NA,NA,NA,-174241.85,-166495.77,1,"S",-0.770981637168142,-0.736706946902655
NA,"Sky-A5-5",-182.05086,-157.91943,NA,NA,NA,NA,268.978672,-22.51615502,NA,NA,NA,NA,NA,NA,NA,NA,NA,NA,NA,NA,NA,"",NA,NA,NA,-182050.86,-157919.43,1,"S",-0.805534778761062,-0.698758539823009
NA,"Sky-A5-6",-189.43818,-148.97731,NA,NA,NA,NA,268.9455932,-22.478772802,NA,NA,NA,NA,NA,NA,NA,NA,NA,NA,NA,NA,NA,"",NA,NA,NA,-189438.18,-148977.31,1,"S",-0.83822203539823,-0.659191637168142
NA,"Sky-A5-7",-196.38671,-139.6901,NA,NA,NA,NA,268.9145155,-22.439956391,NA,NA,NA,NA,NA,NA,NA,NA,NA,NA,NA,NA,NA,"",NA,NA,NA,-196386.71,-139690.1,1,"S",-0.868967743362832,-0.61809778761062
NA,"Sky-H1-1",-181.17025,158.92893,NA,NA,NA,NA,268.9899032,-21.196690667,NA,NA,NA,NA,NA,NA,NA,NA,NA,NA,NA,NA,NA,"",NA,NA,NA,-181170.25,158928.93,1,"S",-0.801638274336283,0.703225353982301
NA,"Sky-H1-2",-173.31368,167.46173,NA,NA,NA,NA,269.025198,-21.161311313,NA,NA,NA,NA,NA,NA,NA,NA,NA,NA,NA,NA,NA,"",NA,NA,NA,-173313.68,167461.73,1,"S",-0.766874690265487,0.74098110619469
NA,"Sky-H1-3",-165.05567,175.60663,NA,NA,NA,NA,269.0622616,-21.127548982,NA,NA,NA,NA,NA,NA,NA,NA,NA,NA,NA,NA,NA,"",NA,NA,NA,-165055.67,175606.63,1,"S",-0.73033482300885,0.777020486725664
NA,"Sky-H1-4",-156.41534,183.34477,NA,NA,NA,NA,269.1010082,-21.095480889,NA,NA,NA,NA,NA,NA,NA,NA,NA,NA,NA,NA,NA,"",NA,NA,NA,-156415.34,183344.77,1,"S",-0.692103274336283,0.811260044247788
NA,"Sky-H1-5",-147.4127,190.65822,NA,NA,NA,NA,269.1413482,-21.065180377,NA,NA,NA,NA,NA,NA,NA,NA,NA,NA,NA,NA,NA,"",NA,NA,NA,-147412.7,190658.22,1,"S",-0.652268584070796,0.843620442477876
NA,"Sky-H1-6",-138.06861,197.53006,NA,NA,NA,NA,269.1831887,-21.036716599,NA,NA,NA,NA,NA,NA,NA,NA,NA,NA,NA,NA,NA,"",NA,NA,NA,-138068.61,197530.06,1,"S",-0.610923053097345,0.874026814159292
NA,"Sky-H1-7",-128.4047,203.94434,NA,NA,NA,NA,269.2264333,-21.010154679,NA,NA,NA,NA,NA,NA,NA,NA,NA,NA,NA,NA,NA,"",NA,NA,NA,-128404.7,203944.34,1,"S",-0.568162389380531,0.902408584070796
NA,"Sky-H1-8",-118.44464,209.88551,NA,NA,NA,NA,269.2709771,-20.985558106,NA,NA,NA,NA,NA,NA,NA,NA,NA,NA,NA,NA,NA,"",NA,NA,NA,-118444.64,209885.51,1,"S",-0.524091327433628,0.928696946902655
NA,"Sky-H2-1",-100.81652,218.89973,NA,NA,NA,NA,269.3497588,-20.948251943,NA,NA,NA,NA,NA,NA,NA,NA,NA,NA,NA,NA,NA,"",NA,NA,NA,-100816.52,218899.73,1,"S",-0.446090796460177,0.968582876106195
NA,"Sky-H2-2",-90.16757,223.49692,NA,NA,NA,NA,269.3973206,-20.929233192,NA,NA,NA,NA,NA,NA,NA,NA,NA,NA,NA,NA,NA,"",NA,NA,NA,-90167.57,223496.92,1,"S",-0.398971548672566,0.988924424778761
NA,"Sky-H2-3",-79.30977,227.57641,NA,NA,NA,NA,269.4457961,-20.912361305,NA,NA,NA,NA,NA,NA,NA,NA,NA,NA,NA,NA,NA,"",NA,NA,NA,-79309.77,227576.41,1,"S",-0.350928185840708,1.00697526548673
NA,"Sky-H2-4",-68.26826,231.12877,NA,NA,NA,NA,269.4950746,-20.897674595,NA,NA,NA,NA,NA,NA,NA,NA,NA,NA,NA,NA,NA,"",NA,NA,NA,-68268.26,231128.77,1,"S",-0.302071946902655,1.02269367256637
NA,"Sky-H2-5",-57.06862,234.14576,NA,NA,NA,NA,269.5450438,-20.885206502,NA,NA,NA,NA,NA,NA,NA,NA,NA,NA,NA,NA,NA,"",NA,NA,NA,-57068.62,234145.76,1,"S",-0.252516017699115,1.03604318584071
NA,"Sky-H2-6",-45.73679,236.62039,NA,NA,NA,NA,269.5955897,-20.874985359,NA,NA,NA,NA,NA,NA,NA,NA,NA,NA,NA,NA,NA,"",NA,NA,NA,-45736.79,236620.39,1,"S",-0.20237517699115,1.04699287610619
NA,"Sky-H2-7",-34.29902,238.54693,NA,NA,NA,NA,269.6465973,-20.867034356,NA,NA,NA,NA,NA,NA,NA,NA,NA,NA,NA,NA,NA,"",NA,NA,NA,-34299.02,238546.93,1,"S",-0.151765575221239,1.05551738938053
NA,"Sky-H2-8",-22.78326,239.92079,NA,NA,NA,NA,269.697944,-20.861372038,NA,NA,NA,NA,NA,NA,NA,NA,NA,NA,NA,NA,NA,"",NA,NA,NA,-22783.26,239920.79,1,"S",-0.100810884955752,1.0615964159292
NA,"Sky-H3-1",184.61356,154.91577,NA,NA,NA,NA,270.6240364,-21.21397878,NA,NA,NA,NA,NA,NA,NA,NA,NA,NA,NA,NA,NA,"",NA,NA,NA,184613.56,154915.77,1,"S",0.816874159292035,0.685468008849557
NA,"Sky-H3-2",191.8534,145.85382,NA,NA,NA,NA,270.6565602,-21.251573492,NA,NA,NA,NA,NA,NA,NA,NA,NA,NA,NA,NA,NA,"",NA,NA,NA,191853.4,145853.82,1,"S",0.848908849557522,0.645370884955752
NA,"Sky-H3-3",198.64884,136.45402,NA,NA,NA,NA,270.6871213,-21.290576405,NA,NA,NA,NA,NA,NA,NA,NA,NA,NA,NA,NA,NA,"",NA,NA,NA,198648.84,136454.02,1,"S",0.878977168141593,0.603778849557522
NA,"Sky-H3-4",204.98415,126.73816,NA,NA,NA,NA,270.7156483,-21.330898066,NA,NA,NA,NA,NA,NA,NA,NA,NA,NA,NA,NA,NA,"",NA,NA,NA,204984.15,126738.16,1,"S",0.907009513274336,0.560788318584071
NA,"Sky-H3-5",210.84465,116.72873,NA,NA,NA,NA,270.7420745,-21.372446078,NA,NA,NA,NA,NA,NA,NA,NA,NA,NA,NA,NA,NA,"",NA,NA,NA,210844.65,116728.73,1,"S",0.93294092920354,0.516498805309734
NA,"Sky-H3-6",216.21677,106.44891,NA,NA,NA,NA,270.7663376,-21.415125139,NA,NA,NA,NA,NA,NA,NA,NA,NA,NA,NA,NA,NA,"",NA,NA,NA,216216.77,106448.91,1,"S",0.956711371681416,0.471012876106195
NA,"Sky-H3-7",221.08806,95.92253,NA,NA,NA,NA,270.7883803,-21.458837191,NA,NA,NA,NA,NA,NA,NA,NA,NA,NA,NA,NA,NA,"",NA,NA,NA,221088.06,95922.53,1,"S",0.978265752212389,0.424435973451327
NA,"Sky-H3-8",225.44672,85.17533,NA,NA,NA,NA,270.808148,-21.503476177,NA,NA,NA,NA,NA,NA,NA,NA,NA,NA,NA,NA,NA,"",NA,NA,NA,225446.72,85175.33,1,"S",0.99755185840708,0.376881991150442
NA,"Sky-H4-1",239.9828,-22.12059,NA,NA,NA,NA,270.8761402,-21.949721474,NA,NA,NA,NA,NA,NA,NA,NA,NA,NA,NA,NA,NA,"",NA,NA,NA,239982.8,-22120.59,1,"S",1.06187079646018,-0.0978787168141593
NA,"Sky-H4-2",238.64054,-33.64155,NA,NA,NA,NA,270.8704395,-21.997703956,NA,NA,NA,NA,NA,NA,NA,NA,NA,NA,NA,NA,NA,"",NA,NA,NA,238640.54,-33641.55,1,"S",1.05593159292035,-0.148856415929204
NA,"Sky-H4-3",236.74552,-45.08459,NA,NA,NA,NA,270.8622525,-22.045375269,NA,NA,NA,NA,NA,NA,NA,NA,NA,NA,NA,NA,NA,"",NA,NA,NA,236745.52,-45084.59,1,"S",1.04754654867257,-0.199489336283186
NA,"Sky-H4-4",234.30213,-56.42319,NA,NA,NA,NA,270.8515957,-22.09262475,NA,NA,NA,NA,NA,NA,NA,NA,NA,NA,NA,NA,NA,"",NA,NA,NA,234302.13,-56423.19,1,"S",1.03673508849558,-0.249660132743363
NA,"Sky-H4-5",231.31601,-67.6311,NA,NA,NA,NA,270.8384915,-22.13934274,NA,NA,NA,NA,NA,NA,NA,NA,NA,NA,NA,NA,NA,"",NA,NA,NA,231316.01,-67631.1,1,"S",1.02352216814159,-0.299252654867257
NA,"Sky-H4-6",227.79409,-78.68236,NA,NA,NA,NA,270.8229681,-22.185420659,NA,NA,NA,NA,NA,NA,NA,NA,NA,NA,NA,NA,NA,"",NA,NA,NA,227794.09,-78682.36,1,"S",1.00793845132743,-0.34815203539823
NA,"Sky-H4-7",223.74453,-89.55136,NA,NA,NA,NA,270.8050595,-22.230751267,NA,NA,NA,NA,NA,NA,NA,NA,NA,NA,NA,NA,NA,"",NA,NA,NA,223744.53,-89551.36,1,"S",0.990020044247788,-0.396244955752212
NA,"Sky-H4-8",219.17732,-100.21161,NA,NA,NA,NA,270.784808,-22.275223535,NA,NA,NA,NA,NA,NA,NA,NA,NA,NA,NA,NA,NA,"",NA,NA,NA,219177.32,-100211.61,1,"S",0.969811150442478,-0.443414203539823
NA,"Sky-H5-1",41.83481,-237.34134,NA,NA,NA,NA,269.9878979,-22.848468732,NA,NA,NA,NA,NA,NA,NA,NA,NA,NA,NA,NA,NA,"",NA,NA,NA,41834.81,-237341.34,1,"S",0.185109778761062,-1.05018292035398
NA,"Sky-H5-2",30.36687,-239.07931,NA,NA,NA,NA,269.9361247,-22.855752042,NA,NA,NA,NA,NA,NA,NA,NA,NA,NA,NA,NA,NA,"",NA,NA,NA,30366.87,-239079.31,1,"S",0.134366681415929,-1.05787305309735
NA,"Sky-H5-3",18.8286,-240.26349,NA,NA,NA,NA,269.8840265,-22.860716251,NA,NA,NA,NA,NA,NA,NA,NA,NA,NA,NA,NA,NA,"",NA,NA,NA,18828.6,-240263.49,1,"S",0.083312389380531,-1.06311278761062
NA,"Sky-H5-4",7.2467,-240.89115,NA,NA,NA,NA,269.8317264,-22.863349594,NA,NA,NA,NA,NA,NA,NA,NA,NA,NA,NA,NA,NA,"",NA,NA,NA,7246.7,-240891.15,1,"S",0.0320650442477876,-1.06589004424779
NA,"Sky-H5-5",-4.35197,-240.96083,NA,NA,NA,NA,269.7793481,-22.863645724,NA,NA,NA,NA,NA,NA,NA,NA,NA,NA,NA,NA,NA,"",NA,NA,NA,-4351.97,-240960.83,1,"S",-0.0192565044247788,-1.06619836283186
NA,"Sky-H5-6",-15.94057,-240.47237,NA,NA,NA,NA,269.7270152,-22.861603845,NA,NA,NA,NA,NA,NA,NA,NA,NA,NA,NA,NA,NA,"",NA,NA,NA,-15940.57,-240472.37,1,"S",-0.0705334955752212,-1.06403703539823
NA,"Sky-H5-7",-27.49224,-239.4269,NA,NA,NA,NA,269.6748515,-22.857228665,NA,NA,NA,NA,NA,NA,NA,NA,NA,NA,NA,NA,NA,"",NA,NA,NA,-27492.24,-239426.9,1,"S",-0.121647079646018,-1.0594110619469
NA,"Sky-H5-8",-38.97879,-237.82707,NA,NA,NA,NA,269.6229867,-22.850531364,NA,NA,NA,NA,NA,NA,NA,NA,NA,NA,NA,NA,NA,"",NA,NA,NA,-38978.79,-237827.07,1,"S",-0.172472522123894,-1.05233216814159
NA,"Sky-H6-1",-58.36925,-233.82492,NA,NA,NA,NA,269.5354517,-22.833774621,NA,NA,NA,NA,NA,NA,NA,NA,NA,NA,NA,NA,NA,"",NA,NA,NA,-58369.25,-233824.92,1,"S",-0.258271017699115,-1.03462353982301
NA,"Sky-H6-2",-69.55194,-230.74573,NA,NA,NA,NA,269.4849839,-22.820881712,NA,NA,NA,NA,NA,NA,NA,NA,NA,NA,NA,NA,NA,"",NA,NA,NA,-69551.94,-230745.73,1,"S",-0.307751946902655,-1.02099880530973
NA,"Sky-H6-3",-80.57354,-227.13205,NA,NA,NA,NA,269.4352566,-22.805751073,NA,NA,NA,NA,NA,NA,NA,NA,NA,NA,NA,NA,NA,"",NA,NA,NA,-80573.54,-227132.05,1,"S",-0.356520088495575,-1.00500907079646
NA,"Sky-H6-4",-91.4085,-222.99226,NA,NA,NA,NA,269.3863873,-22.788418334,NA,NA,NA,NA,NA,NA,NA,NA,NA,NA,NA,NA,NA,"",NA,NA,NA,-91408.5,-222992.26,1,"S",-0.404462389380531,-0.986691415929204
NA,"Sky-H6-5",-102.03172,-218.33596,NA,NA,NA,NA,269.3384909,-22.768924313,NA,NA,NA,NA,NA,NA,NA,NA,NA,NA,NA,NA,NA,"",NA,NA,NA,-102031.72,-218335.96,1,"S",-0.45146778761062,-0.966088318584071
NA,"Sky-H6-6",-112.41861,-213.17391,NA,NA,NA,NA,269.2916801,-22.747314771,NA,NA,NA,NA,NA,NA,NA,NA,NA,NA,NA,NA,NA,"",NA,NA,NA,-112418.61,-213173.91,1,"S",-0.497427477876106,-0.943247389380531
NA,"Sky-H6-7",-122.54511,-207.51809,NA,NA,NA,NA,269.2460648,-22.723640627,NA,NA,NA,NA,NA,NA,NA,NA,NA,NA,NA,NA,NA,"",NA,NA,NA,-122545.11,-207518.09,1,"S",-0.542235,-0.918221637168142
NA,"Sky-H6-8",-132.38652,-201.3824,NA,NA,NA,NA,269.2017576,-22.69796091,NA,NA,NA,NA,NA,NA,NA,NA,NA,NA,NA,NA,NA,"",NA,NA,NA,-132386.52,-201382.4,1,"S",-0.585781061946903,-0.891072566371681
NA,"Sky-H7-1",-207.18967,-123.09956,NA,NA,NA,NA,268.8662859,-22.37063693,NA,NA,NA,NA,NA,NA,NA,NA,NA,NA,NA,NA,NA,"",NA,NA,NA,-207189.67,-123099.56,1,"S",-0.916768451327434,-0.544688318584071
NA,"Sky-H7-2",-212.87255,-112.98823,NA,NA,NA,NA,268.8409694,-22.328402948,NA,NA,NA,NA,NA,NA,NA,NA,NA,NA,NA,NA,NA,"",NA,NA,NA,-212872.55,-112988.23,1,"S",-0.941913938053097,-0.499947920353982
NA,"Sky-H7-3",-218.06235,-102.61518,NA,NA,NA,NA,268.8178929,-22.285086651,NA,NA,NA,NA,NA,NA,NA,NA,NA,NA,NA,NA,NA,"",NA,NA,NA,-218062.35,-102615.18,1,"S",-0.964877654867257,-0.454049469026549
NA,"Sky-H7-4",-222.74704,-92.00444,NA,NA,NA,NA,268.7971085,-22.240789236,NA,NA,NA,NA,NA,NA,NA,NA,NA,NA,NA,NA,NA,"",NA,NA,NA,-222747.04,-92004.44,1,"S",-0.985606371681416,-0.407099292035398
NA,"Sky-H7-5",-226.91579,-81.18059,NA,NA,NA,NA,268.7786626,-22.195614105,NA,NA,NA,NA,NA,NA,NA,NA,NA,NA,NA,NA,NA,"",NA,NA,NA,-226915.79,-81180.59,1,"S",-1.00405216814159,-0.359206150442478
NA,"Sky-H7-6",-230.55892,-70.1687,NA,NA,NA,NA,268.7625964,-22.149666618,NA,NA,NA,NA,NA,NA,NA,NA,NA,NA,NA,NA,NA,"",NA,NA,NA,-230558.92,-70168.7,1,"S",-1.02017221238938,-0.310480973451327
NA,"Sky-H7-7",-233.66801,-58.99428,NA,NA,NA,NA,268.7489449,-22.103053863,NA,NA,NA,NA,NA,NA,NA,NA,NA,NA,NA,NA,NA,"",NA,NA,NA,-233668.01,-58994.28,1,"S",-1.03392924778761,-0.261036637168142
NA,"Sky-H7-8",-236.23556,-47.68464,NA,NA,NA,NA,268.7377392,-22.055890328,NA,NA,NA,NA,NA,NA,NA,NA,NA,NA,NA,NA,NA,"",NA,NA,NA,-236235.56,-47684.64,1,"S",-1.04529008849558,-0.210993982300885
