#OBSTEMP,8
#CONFIGTEMP,19
#EQUINOX,J2000.0
#CENTRE,17 59 32.36,-21 51 06.3 #Field centre
#UTTIME,12 00 00.00 #Target observing time
#UTDATE,2021 07 10 #Target observing date
#PLATEID,a test_plateID
#LABEL,a test_label
#TILING_DATE,2021 06 07 # Date the tile was created/configured
#PROXIMITY,220 # tiling proximity value in arcseconds
"probe","ID","x","y","rads","angs","azAngs","angs_azAng","RA","DEC","g_mag","r_mag","i_mag","z_mag","y_mag","GAIA_g_mag","GAIA_bp_mag","GAIA_rp_mag","pmRA","pmDEC","priority","remaining_observations","Tile_number","COMPLETED","MagnetX_noDC","MagnetY_noDC","type","MagnetX","MagnetY","Position","fibre_type","fraction_plate_radius_X","fraction_plate_radius_Y"
1,"4070798800944996992",23.53285,144.35532,146.260908794609,2.0066750698882,4.55079018697154,3.73907019009625,269.99237,-21.237629,15.315299987793,14.6220998764038,14.2650995254517,14.0627002716064,13.9419002532959,14.583523,15.164951,13.838987,-0.560219201579885,-2.71412407433855,1,1,-999,"False",24309.2553846077,138793.581164835,1,23532.85,144355.32,NA,"P",0.104127654867257,0.638740353982301
2,"4069962416178881408",204.74234,12.24263,205.108039281722,0.860878479729581,3.20131684223172,3.94274694467745,270.8125,-21.797852,19.9099006652832,17.7945003509521,16.528299331665,15.7079000473022,15.168399810791,17.183207,18.969471,15.85794,-1.06275120375608,-2.60483118696184,1,1,-999,"False",209658.635384609,12183.1831648352,1,204742.34,12242.63,NA,"P",0.905939557522124,0.0541709292035398
3,"4069945403788099584",100.04535,-11.52117,100.706551002362,1.13434059263817,3.02693823602543,4.39058766379232,270.34622,-21.900515,18.3052997589111,17.2957000732422,16.8435001373291,16.5685997009277,16.4589004516602,17.288345,18.104143,16.432543,-2.68531503149385,-1.4082943984873,1,1,-999,"False",104279.355384613,-11018.6548351647,1,100045.35,-11521.17,NA,"P",0.442678539823009,-0.0509786283185841
4,"4070369677841228544",-178.69163,6.55036,178.811649084131,2.36865904604405,-0.0366409345791059,2.40529998062316,269.07037,-21.821877,17.7705993652344,16.4972991943359,15.7665996551514,15.3725996017456,15.1014995574951,16.304276,17.334932,15.250696,-1.94847636314305,-1.90187938287319,1,1,-999,"False",-184062.744615385,6753.53316483484,1,-178691.63,6550.36,NA,"P",-0.79067092920354,0.0289838938053097
5,"4070984923319428736",-77.98757,191.12317,206.422206134306,0.585845702421107,-1.18337068952107,1.76921639194217,269.53333,-21.046926,19.4209995269775,17.214599609375,15.9245004653931,15.1893997192383,14.7040004730225,16.583818,18.33597,15.248181,-2.80641205544775,-4.57766397370066,1,1,-999,"False",-79433.7846153959,181892.459164834,1,-77987.57,191123.17,NA,"P",-0.345077743362832,0.845677743362832
6,"4070771897268023552",-21.3579,97.34181,99.6573522951824,1.63675414083131,-1.35480754559637,2.99156168642769,269.78668,-21.434961,17.885799407959,16.6473999023438,15.9462003707886,15.4968004226685,15.1913003921509,16.487555,17.513079,15.452099,0.00502561988582123,-1.58455737350053,1,1,-999,"False",-22176.6846153932,94196.5491648355,1,-21357.9,97341.81,NA,"P",-0.094503982300885,0.430715973451327
7,"4069960865670657920",175.105,25.99004,177.023284356046,1.13476634745436,3.28894235325592,4.12900930137802,270.68246,-21.74004,19.4750995635986,17.8509006500244,16.8490009307861,16.209400177002,15.8360004425049,17.505135,18.977732,16.305666,0.17322555765505,-1.15391090353022,1,1,-999,"False",180269.595384607,25248.6951648349,1,175105,25990.04,NA,"P",0.774800884955752,0.11500017699115
8,"4070782617478528256",-74.68374,112.02321,134.636030092586,1.78824557505915,-0.982783835251745,2.77102941031089,269.54312,-21.373894,19.3202991485596,17.8374996185303,16.9878005981445,16.4675006866455,16.1564998626709,17.599022,18.712994,16.435404,-0.51115901813345,-2.97937520937863,1,1,-999,"False",-77221.2446153809,107997.691164835,1,-74683.74,112023.21,NA,"P",-0.330459026548673,0.495677920353982
9,"4069972341823277056",157.06318,26.75472,159.325633700264,1.17335050801504,3.3103168179328,4.14621899726183,270.60266,-21.736773,18.672399520874,16.2842998504639,14.7025003433228,13.7806997299194,13.2098999023438,15.365632,17.536388,13.978666,-3.93321472217275,-1.47994915879153,1,1,-999,"False",162234.795384612,25987.0371648351,1,157063.18,26754.72,NA,"P",0.694969823008849,0.118383716814159
10,"4069508588435057024",-24.10525,-201.36214,202.799838518038,-1.07109116537584,1.45165237232667,3.76044176947708,269.77463,-22.699125,18.1688003540039,16.8572998046875,16.1291999816895,15.671799659729,15.3388996124268,16.694523,17.76396,15.654561,-1.06815404833573,-3.03088399086213,1,1,-999,"False",-24899.9846153905,-191504.514835165,1,-24105.25,-201362.14,NA,"P",-0.106660398230089,-0.890982920353982
11,"4070729772226171264",119.02493,74.0398,140.174269912652,1.19314048316681,3.69806988098868,3.77825590935772,270.42963,-21.535776,19.6837997436523,17.9631004333496,16.8829002380371,16.1558990478516,15.604700088501,17.543877,19.085352,16.317804,-0.150979633406398,-1.61993697766904,1,1,-999,"False",123130.015384603,71412.3591648345,1,119024.93,74039.8,NA,"P",0.526658982300885,0.327609734513274
12,"4070395417605034880",-157.97183,30.30145,160.851723477404,2.43490893878631,-0.189513632664827,2.62442257145114,269.16287,-21.72139,17.8229007720947,16.7649993896484,16.1187000274658,15.7792997360229,15.5165996551514,16.675243,17.417618,15.420239,0.0134896437989453,-9.17262692876686,1,1,-999,"False",-163157.744615391,29463.5951648351,1,-157971.83,30301.45,NA,"P",-0.698990398230088,0.134077212389381
13,"4069986875992827136",181.37426,96.2383,205.325187391702,1.05813529742661,3.62942434578681,3.71189625881938,270.70483,-21.444971,18.9195995330811,17.1956996917725,16.1203994750977,15.4160995483398,14.9278001785278,16.762772,18.292278,15.527094,-1.09829136462475,-0.96954582683405,1,1,-999,"False",185325.2153846,91934.2891648352,1,181374.26,96238.3,NA,"P",0.802540973451328,0.425833185840708
14,"4070784198053499392",-93.92538,109.75563,144.458559195505,1.84356695428224,-0.862963031630301,2.70652998591254,269.45566,-21.384031,17.9951000213623,16.0456008911133,14.9455995559692,14.2643003463745,13.8569002151489,15.598947,17.174698,14.347114,0.425464124528378,1.74240707970128,1,1,-999,"False",-96987.2046153857,105706.729164835,1,-93925.38,109755.63,NA,"P",-0.415599026548673,0.485644380530973
15,"4070809619939294720",81.5751,198.88959,214.968755753896,1.38111317623233,4.32316104129994,3.34113744211197,270.25198,-21.016228,17.0140991210938,16.0592002868652,15.5200996398926,15.1576995849609,14.8882999420166,15.97682,16.741146,15.019918,-0.785557331889876,-1.73095641260972,1,1,-999,"False",82981.1153846098,188830.207164835,1,81575.1,198889.59,NA,"P",0.360951769911504,0.880042433628319
16,"4070589545803646592",-181.38853,79.82026,198.174349303911,1.42766316560138,-0.414549860238461,1.84221302583984,269.06284,-21.513014,20.4109992980957,17.7830009460449,16.1944007873535,15.2547998428345,14.6585998535156,16.840624,19.007902,15.37269,0.900941555370956,-6.33961609170258,1,1,-999,"False",-185764.524615392,76556.5711648346,1,-181388.53,79820.26,NA,"P",-0.802604115044248,0.353186991150442
17,"4070334184227805056",-40.8623,-1.98134,40.9103076190537,1.75121856960996,0.0484502684867034,1.70276830112326,269.6955,-21.860132,18.0620994567871,16.9860992431641,16.3554992675781,15.9897003173828,15.7490997314453,16.864964,17.756958,15.918215,0.411421848405467,1.60540306344293,1,1,-999,"False",-42783.3646153952,-1892.09683516505,1,-40862.3,-1981.34,NA,"P",-0.180806637168142,-0.00876699115044248
18,"4070817527002906880",15.2096,192.493,193.092949071581,1.11691576538778,4.63353901721434,2.76656205535302,269.95377,-21.03957,15.6162996292114,14.9278001785278,14.5913000106812,14.4482002258301,14.3266000747681,14.902445,15.462191,14.182363,-2.3688131236824,-0.0848586825891657,1,1,-999,"False",15585.6553846136,183554.915164835,1,15209.6,192493,NA,"P",0.0672991150442478,0.851738938053097
19,"4070406206580506880",-138.46431,75.65357,157.784117697318,2.00112397008783,-0.500056579696857,2.50118054978468,269.25253,-21.529026,20.0561008453369,17.6709003448486,16.3024005889893,15.4484996795654,14.9193000793457,16.952156,18.876223,15.53943,0.450891288563161,-2.5998989295474,1,1,-999,"False",-142894.584615396,72937.8591648346,1,-138464.31,75653.57,NA,"P",-0.612673938053097,0.334750309734513
20,"4069560269795495680",43.54446,-74.13398,85.9765490545649,1.29155837392489,2.10188115030611,5.47286253079836,270.08606,-22.16911,16.8967990875244,16.6707992553711,16.6462001800537,16.6203002929688,16.5793991088867,16.647326,16.822784,16.25248,-10.2662045716186,-1.53193570940034,1,NA,NA,"",45483.1953846162,-71721.124835165,0,43544.46,-74133.98,NA,"P",0.192674601769911,-0.328026460176991
21,"4070718497904347904",39.0333,58.13878,70.0265396030562,1.43427676197459,4.12112937621685,3.59633269293733,270.06494,-21.60233,16.5198993682861,16.2612991333008,16.1679992675781,16.1026992797852,16.0648002624512,16.190025,16.426561,15.75585,-9.85335751054797,-5.68201640729068,1,NA,NA,"",40710.0753846042,56371.1551648353,0,39033.3,58138.78,NA,"P",0.172713716814159,0.257251238938053
NA,"Sky-A1-1",-226.46104,82.44066,NA,NA,NA,NA,268.870965,-21.505045644,NA,NA,NA,NA,NA,NA,NA,NA,NA,NA,NA,NA,NA,"",NA,NA,NA,-226461.04,82440.66,1,"S",-1.00204,0.364781681415929
NA,"Sky-A1-2",-222.23219,93.24117,NA,NA,NA,NA,268.8901999,-21.460168791,NA,NA,NA,NA,NA,NA,NA,NA,NA,NA,NA,NA,NA,"",NA,NA,NA,-222232.19,93241.17,1,"S",-0.983328274336283,0.412571548672566
NA,"Sky-A1-3",-217.48859,103.8257,NA,NA,NA,NA,268.9117212,-21.416201976,NA,NA,NA,NA,NA,NA,NA,NA,NA,NA,NA,NA,NA,"",NA,NA,NA,-217488.59,103825.7,1,"S",-0.96233889380531,0.459405752212389
NA,"Sky-A1-4",-212.24121,114.16975,NA,NA,NA,NA,268.9354779,-21.373246281,NA,NA,NA,NA,NA,NA,NA,NA,NA,NA,NA,NA,NA,"",NA,NA,NA,-212241.21,114169.75,1,"S",-0.939120398230089,0.505175884955752
NA,"Sky-A1-5",-206.50222,124.24934,NA,NA,NA,NA,268.9614133,-21.331400538,NA,NA,NA,NA,NA,NA,NA,NA,NA,NA,NA,NA,NA,"",NA,NA,NA,-206502.22,124249.34,1,"S",-0.913726637168142,0.549775840707965
NA,"Sky-A1-6",-200.2849,134.04112,NA,NA,NA,NA,268.9894663,-21.29076088,NA,NA,NA,NA,NA,NA,NA,NA,NA,NA,NA,NA,NA,"",NA,NA,NA,-200284.9,134041.12,1,"S",-0.886216371681416,0.593102300884956
NA,"Sky-A1-7",-193.60365,143.52243,NA,NA,NA,NA,269.019571,-21.251420507,NA,NA,NA,NA,NA,NA,NA,NA,NA,NA,NA,NA,NA,"",NA,NA,NA,-193603.65,143522.43,1,"S",-0.856653318584071,0.635055
NA,"Sky-A2-1",-3.01251,240.9813,NA,NA,NA,NA,269.8716345,-20.847852041,NA,NA,NA,NA,NA,NA,NA,NA,NA,NA,NA,NA,NA,"",NA,NA,NA,-3012.51,240981.3,1,"S",-0.0133296902654867,1.0662889380531
NA,"Sky-A2-2",8.5856,240.84715,NA,NA,NA,NA,269.9233329,-20.84843287,NA,NA,NA,NA,NA,NA,NA,NA,NA,NA,NA,NA,NA,"",NA,NA,NA,8585.6,240847.15,1,"S",0.0379893805309735,1.0656953539823
NA,"Sky-A2-3",20.16382,240.15512,NA,NA,NA,NA,269.9749421,-20.851322963,NA,NA,NA,NA,NA,NA,NA,NA,NA,NA,NA,NA,NA,"",NA,NA,NA,20163.82,240155.12,1,"S",0.0892204424778761,1.06263327433628
NA,"Sky-A2-4",31.69534,238.90682,NA,NA,NA,NA,270.026345,-20.85651561,NA,NA,NA,NA,NA,NA,NA,NA,NA,NA,NA,NA,NA,"",NA,NA,NA,31695.34,238906.82,1,"S",0.140244867256637,1.05710982300885
NA,"Sky-A2-5",43.15344,237.10513,NA,NA,NA,NA,270.0774245,-20.863998926,NA,NA,NA,NA,NA,NA,NA,NA,NA,NA,NA,NA,NA,"",NA,NA,NA,43153.44,237105.13,1,"S",0.190944424778761,1.04913774336283
NA,"Sky-A2-6",54.51158,234.75423,NA,NA,NA,NA,270.1280646,-20.873755737,NA,NA,NA,NA,NA,NA,NA,NA,NA,NA,NA,NA,NA,"",NA,NA,NA,54511.58,234754.23,1,"S",0.241201681415929,1.03873553097345
NA,"Sky-A2-7",65.74346,231.85957,NA,NA,NA,NA,270.17815,-20.885763701,NA,NA,NA,NA,NA,NA,NA,NA,NA,NA,NA,NA,NA,"",NA,NA,NA,65743.46,231859.57,1,"S",0.290900265486726,1.02592730088496
NA,"Sky-A3-1",231.67752,66.38214,NA,NA,NA,NA,270.9220003,-21.572387865,NA,NA,NA,NA,NA,NA,NA,NA,NA,NA,NA,NA,NA,"",NA,NA,NA,231677.52,66382.14,1,"S",1.0251217699115,0.293726283185841
NA,"Sky-A3-2",234.60313,55.15828,NA,NA,NA,NA,270.9353943,-21.619036806,NA,NA,NA,NA,NA,NA,NA,NA,NA,NA,NA,NA,NA,"",NA,NA,NA,234603.13,55158.28,1,"S",1.03806694690265,0.244063185840708
NA,"Sky-A3-3",236.98531,43.80666,NA,NA,NA,NA,270.9463668,-21.666228605,NA,NA,NA,NA,NA,NA,NA,NA,NA,NA,NA,NA,NA,"",NA,NA,NA,236985.31,43806.66,1,"S",1.04860756637168,0.193834778761062
NA,"Sky-A3-4",238.81857,32.35357,NA,NA,NA,NA,270.9548904,-21.7138545,NA,NA,NA,NA,NA,NA,NA,NA,NA,NA,NA,NA,NA,"",NA,NA,NA,238818.57,32353.57,1,"S",1.05671933628319,0.143157389380531
NA,"Sky-A3-5",240.09865,20.82553,NA,NA,NA,NA,270.9609433,-21.761804659,NA,NA,NA,NA,NA,NA,NA,NA,NA,NA,NA,NA,NA,"",NA,NA,NA,240098.65,20825.53,1,"S",1.06238340707965,0.0921483628318584
NA,"Sky-A3-6",240.82258,9.24926,NA,NA,NA,NA,270.9645092,-21.809968306,NA,NA,NA,NA,NA,NA,NA,NA,NA,NA,NA,NA,NA,"",NA,NA,NA,240822.58,9249.26,1,"S",1.06558663716814,0.0409259292035398
NA,"Sky-A3-7",240.98869,2.34844,NA,NA,NA,NA,270.9654464,-21.838685714,NA,NA,NA,NA,NA,NA,NA,NA,NA,NA,NA,NA,NA,"",NA,NA,NA,240988.69,2348.44,1,"S",1.06632163716814,0.0103913274336283
NA,"Sky-A4-1",210.21182,-117.86456,NA,NA,NA,NA,270.8304249,-22.33972326,NA,NA,NA,NA,NA,NA,NA,NA,NA,NA,NA,NA,NA,"",NA,NA,NA,210211.82,-117864.56,1,"S",0.930140796460177,-0.521524601769911
NA,"Sky-A4-2",204.2974,-127.84223,NA,NA,NA,NA,270.8040639,-22.381378326,NA,NA,NA,NA,NA,NA,NA,NA,NA,NA,NA,NA,NA,"",NA,NA,NA,204297.4,-127842.23,1,"S",0.903970796460177,-0.565673584070796
NA,"Sky-A4-3",197.90977,-137.52377,NA,NA,NA,NA,270.7755519,-22.421807687,NA,NA,NA,NA,NA,NA,NA,NA,NA,NA,NA,NA,NA,"",NA,NA,NA,197909.77,-137523.77,1,"S",0.875706946902655,-0.608512256637168
NA,"Sky-A4-4",191.06371,-146.88677,NA,NA,NA,NA,270.7449536,-22.460916884,NA,NA,NA,NA,NA,NA,NA,NA,NA,NA,NA,NA,NA,"",NA,NA,NA,191063.71,-146886.77,1,"S",0.845414646017699,-0.649941460176991
NA,"Sky-A4-5",183.77509,-155.90952,NA,NA,NA,NA,270.7123391,-22.498614308,NA,NA,NA,NA,NA,NA,NA,NA,NA,NA,NA,NA,NA,"",NA,NA,NA,183775.09,-155909.52,1,"S",0.813164115044248,-0.689865132743363
NA,"Sky-A4-6",176.06079,-164.57115,NA,NA,NA,NA,270.6777833,-22.53481179,NA,NA,NA,NA,NA,NA,NA,NA,NA,NA,NA,NA,NA,"",NA,NA,NA,176060.79,-164571.15,1,"S",0.779030044247788,-0.72819092920354
NA,"Sky-A4-7",167.93867,-172.85157,NA,NA,NA,NA,270.6413656,-22.569424379,NA,NA,NA,NA,NA,NA,NA,NA,NA,NA,NA,NA,NA,"",NA,NA,NA,167938.67,-172851.57,1,"S",0.743091460176991,-0.764829955752212
NA,"Sky-A5-1",-148.4702,-189.83588,NA,NA,NA,NA,269.2149997,-22.64047149,NA,NA,NA,NA,NA,NA,NA,NA,NA,NA,NA,NA,NA,"",NA,NA,NA,-148470.2,-189835.88,1,"S",-0.656947787610619,-0.839981769911504
NA,"Sky-A5-2",-157.43205,-182.47249,NA,NA,NA,NA,269.1747264,-22.609665785,NA,NA,NA,NA,NA,NA,NA,NA,NA,NA,NA,NA,NA,"",NA,NA,NA,-157432.05,-182472.49,1,"S",-0.696601991150442,-0.807400398230088
NA,"Sky-A5-3",-166.02924,-174.68645,NA,NA,NA,NA,269.1361221,-22.57709746,NA,NA,NA,NA,NA,NA,NA,NA,NA,NA,NA,NA,NA,"",NA,NA,NA,-166029.24,-174686.45,1,"S",-0.734642654867257,-0.77294889380531
NA,"Sky-A5-4",-174.24185,-166.49577,NA,NA,NA,NA,269.0992764,-22.542842872,NA,NA,NA,NA,NA,NA,NA,NA,NA,NA,NA,NA,NA,"",NA,NA,NA,-174241.85,-166495.77,1,"S",-0.770981637168142,-0.736706946902655
NA,"Sky-A5-5",-182.05086,-157.91943,NA,NA,NA,NA,269.0642747,-22.506982426,NA,NA,NA,NA,NA,NA,NA,NA,NA,NA,NA,NA,NA,"",NA,NA,NA,-182050.86,-157919.43,1,"S",-0.805534778761062,-0.698758539823009
NA,"Sky-A5-6",-189.43818,-148.97731,NA,NA,NA,NA,269.0311979,-22.469600272,NA,NA,NA,NA,NA,NA,NA,NA,NA,NA,NA,NA,NA,"",NA,NA,NA,-189438.18,-148977.31,1,"S",-0.83822203539823,-0.659191637168142
NA,"Sky-A5-7",-196.38671,-139.6901,NA,NA,NA,NA,269.0001222,-22.430783925,NA,NA,NA,NA,NA,NA,NA,NA,NA,NA,NA,NA,NA,"",NA,NA,NA,-196386.71,-139690.1,1,"S",-0.868967743362832,-0.61809778761062
NA,"Sky-H1-1",-181.17025,158.92893,NA,NA,NA,NA,269.0755024,-21.187518014,NA,NA,NA,NA,NA,NA,NA,NA,NA,NA,NA,NA,NA,"",NA,NA,NA,-181170.25,158928.93,1,"S",-0.801638274336283,0.703225353982301
NA,"Sky-H1-2",-173.31368,167.46173,NA,NA,NA,NA,269.1107949,-21.152138594,NA,NA,NA,NA,NA,NA,NA,NA,NA,NA,NA,NA,NA,"",NA,NA,NA,-173313.68,167461.73,1,"S",-0.766874690265487,0.74098110619469
NA,"Sky-H1-3",-163.68583,174.14922,NA,NA,NA,NA,269.1535456,-21.124078674,NA,NA,NA,NA,NA,NA,NA,NA,NA,NA,NA,NA,NA,"",NA,NA,NA,-163685.83,174149.22,2,"S",-0.724273584070796,0.770571769911504
NA,"Sky-H1-4",-156.41534,183.34477,NA,NA,NA,NA,269.1866003,-21.086308038,NA,NA,NA,NA,NA,NA,NA,NA,NA,NA,NA,NA,NA,"",NA,NA,NA,-156415.34,183344.77,1,"S",-0.692103274336283,0.811260044247788
NA,"Sky-H1-5",-147.4127,190.65822,NA,NA,NA,NA,269.2269378,-21.056007463,NA,NA,NA,NA,NA,NA,NA,NA,NA,NA,NA,NA,NA,"",NA,NA,NA,-147412.7,190658.22,1,"S",-0.652268584070796,0.843620442477876
NA,"Sky-H1-6",-138.06861,197.53006,NA,NA,NA,NA,269.2687757,-21.027543624,NA,NA,NA,NA,NA,NA,NA,NA,NA,NA,NA,NA,NA,"",NA,NA,NA,-138068.61,197530.06,1,"S",-0.610923053097345,0.874026814159292
NA,"Sky-H1-7",-128.4047,203.94434,NA,NA,NA,NA,269.3120176,-21.000981647,NA,NA,NA,NA,NA,NA,NA,NA,NA,NA,NA,NA,NA,"",NA,NA,NA,-128404.7,203944.34,1,"S",-0.568162389380531,0.902408584070796
NA,"Sky-H1-8",-118.44464,209.88551,NA,NA,NA,NA,269.3565587,-20.97638502,NA,NA,NA,NA,NA,NA,NA,NA,NA,NA,NA,NA,NA,"",NA,NA,NA,-118444.64,209885.51,1,"S",-0.524091327433628,0.928696946902655
NA,"Sky-H2-1",-100.81652,218.89973,NA,NA,NA,NA,269.4353355,-20.939078776,NA,NA,NA,NA,NA,NA,NA,NA,NA,NA,NA,NA,NA,"",NA,NA,NA,-100816.52,218899.73,1,"S",-0.446090796460177,0.968582876106195
NA,"Sky-H2-2",-90.16757,223.49692,NA,NA,NA,NA,269.4828944,-20.920059985,NA,NA,NA,NA,NA,NA,NA,NA,NA,NA,NA,NA,NA,"",NA,NA,NA,-90167.57,223496.92,1,"S",-0.398971548672566,0.988924424778761
NA,"Sky-H2-3",-79.30977,227.57641,NA,NA,NA,NA,269.5313669,-20.903188063,NA,NA,NA,NA,NA,NA,NA,NA,NA,NA,NA,NA,NA,"",NA,NA,NA,-79309.77,227576.41,1,"S",-0.350928185840708,1.00697526548673
NA,"Sky-H2-4",-68.26826,231.12877,NA,NA,NA,NA,269.5806424,-20.888501324,NA,NA,NA,NA,NA,NA,NA,NA,NA,NA,NA,NA,NA,"",NA,NA,NA,-68268.26,231128.77,1,"S",-0.302071946902655,1.02269367256637
NA,"Sky-H2-5",-57.06862,234.14576,NA,NA,NA,NA,269.6306085,-20.876033209,NA,NA,NA,NA,NA,NA,NA,NA,NA,NA,NA,NA,NA,"",NA,NA,NA,-57068.62,234145.76,1,"S",-0.252516017699115,1.03604318584071
NA,"Sky-H2-6",-45.73679,236.62039,NA,NA,NA,NA,269.6811513,-20.865812052,NA,NA,NA,NA,NA,NA,NA,NA,NA,NA,NA,NA,NA,"",NA,NA,NA,-45736.79,236620.39,1,"S",-0.20237517699115,1.04699287610619
NA,"Sky-H2-7",-34.29902,238.54693,NA,NA,NA,NA,269.7321558,-20.857861041,NA,NA,NA,NA,NA,NA,NA,NA,NA,NA,NA,NA,NA,"",NA,NA,NA,-34299.02,238546.93,1,"S",-0.151765575221239,1.05551738938053
NA,"Sky-H2-8",-22.78326,239.92079,NA,NA,NA,NA,269.7834994,-20.852198722,NA,NA,NA,NA,NA,NA,NA,NA,NA,NA,NA,NA,NA,"",NA,NA,NA,-22783.26,239920.79,1,"S",-0.100810884955752,1.0615964159292
NA,"Sky-H3-1",184.61356,154.91577,NA,NA,NA,NA,270.7095343,-21.204806733,NA,NA,NA,NA,NA,NA,NA,NA,NA,NA,NA,NA,NA,"",NA,NA,NA,184613.56,154915.77,1,"S",0.816874159292035,0.685468008849557
NA,"Sky-H3-2",191.8534,145.85382,NA,NA,NA,NA,270.742056,-21.242401533,NA,NA,NA,NA,NA,NA,NA,NA,NA,NA,NA,NA,NA,"",NA,NA,NA,191853.4,145853.82,1,"S",0.848908849557522,0.645370884955752
NA,"Sky-H3-3",198.64884,136.45402,NA,NA,NA,NA,270.7726151,-21.281404532,NA,NA,NA,NA,NA,NA,NA,NA,NA,NA,NA,NA,NA,"",NA,NA,NA,198648.84,136454.02,1,"S",0.878977168141593,0.603778849557522
NA,"Sky-H3-4",204.98415,126.73816,NA,NA,NA,NA,270.8011401,-21.321726276,NA,NA,NA,NA,NA,NA,NA,NA,NA,NA,NA,NA,NA,"",NA,NA,NA,204984.15,126738.16,1,"S",0.907009513274336,0.560788318584071
NA,"Sky-H3-5",210.84465,116.72873,NA,NA,NA,NA,270.8275645,-21.363274368,NA,NA,NA,NA,NA,NA,NA,NA,NA,NA,NA,NA,NA,"",NA,NA,NA,210844.65,116728.73,1,"S",0.93294092920354,0.516498805309734
NA,"Sky-H3-6",216.21677,106.44891,NA,NA,NA,NA,270.8518259,-21.405953504,NA,NA,NA,NA,NA,NA,NA,NA,NA,NA,NA,NA,NA,"",NA,NA,NA,216216.77,106448.91,1,"S",0.956711371681416,0.471012876106195
NA,"Sky-H3-7",221.08806,95.92253,NA,NA,NA,NA,270.8738671,-21.449665624,NA,NA,NA,NA,NA,NA,NA,NA,NA,NA,NA,NA,NA,"",NA,NA,NA,221088.06,95922.53,1,"S",0.978265752212389,0.424435973451327
NA,"Sky-H3-8",225.44672,85.17533,NA,NA,NA,NA,270.8936334,-21.494304674,NA,NA,NA,NA,NA,NA,NA,NA,NA,NA,NA,NA,NA,"",NA,NA,NA,225446.72,85175.33,1,"S",0.99755185840708,0.376881991150442
NA,"Sky-H4-1",239.9828,-22.12059,NA,NA,NA,NA,270.9616195,-21.940550206,NA,NA,NA,NA,NA,NA,NA,NA,NA,NA,NA,NA,NA,"",NA,NA,NA,239982.8,-22120.59,1,"S",1.06187079646018,-0.0978787168141593
NA,"Sky-H4-2",238.64054,-33.64155,NA,NA,NA,NA,270.955919,-21.988532671,NA,NA,NA,NA,NA,NA,NA,NA,NA,NA,NA,NA,NA,"",NA,NA,NA,238640.54,-33641.55,1,"S",1.05593159292035,-0.148856415929204
NA,"Sky-H4-3",236.74552,-45.08459,NA,NA,NA,NA,270.9477323,-22.036203957,NA,NA,NA,NA,NA,NA,NA,NA,NA,NA,NA,NA,NA,"",NA,NA,NA,236745.52,-45084.59,1,"S",1.04754654867257,-0.199489336283186
NA,"Sky-H4-4",234.30213,-56.42319,NA,NA,NA,NA,270.937076,-22.083453405,NA,NA,NA,NA,NA,NA,NA,NA,NA,NA,NA,NA,NA,"",NA,NA,NA,234302.13,-56423.19,1,"S",1.03673508849558,-0.249660132743363
NA,"Sky-H4-5",231.31601,-67.6311,NA,NA,NA,NA,270.9239725,-22.130171353,NA,NA,NA,NA,NA,NA,NA,NA,NA,NA,NA,NA,NA,"",NA,NA,NA,231316.01,-67631.1,1,"S",1.02352216814159,-0.299252654867257
NA,"Sky-H4-6",227.79409,-78.68236,NA,NA,NA,NA,270.9084499,-22.176249223,NA,NA,NA,NA,NA,NA,NA,NA,NA,NA,NA,NA,NA,"",NA,NA,NA,227794.09,-78682.36,1,"S",1.00793845132743,-0.34815203539823
NA,"Sky-H4-7",223.74453,-89.55136,NA,NA,NA,NA,270.8905423,-22.221579776,NA,NA,NA,NA,NA,NA,NA,NA,NA,NA,NA,NA,NA,"",NA,NA,NA,223744.53,-89551.36,1,"S",0.990020044247788,-0.396244955752212
NA,"Sky-H4-8",219.17732,-100.21161,NA,NA,NA,NA,270.8702919,-22.266051982,NA,NA,NA,NA,NA,NA,NA,NA,NA,NA,NA,NA,NA,"",NA,NA,NA,219177.32,-100211.61,1,"S",0.969811150442478,-0.443414203539823
NA,"Sky-H5-1",41.83481,-237.34134,NA,NA,NA,NA,270.0734333,-22.83929561,NA,NA,NA,NA,NA,NA,NA,NA,NA,NA,NA,NA,NA,"",NA,NA,NA,41834.81,-237341.34,1,"S",0.185109778761062,-1.05018292035398
NA,"Sky-H5-2",30.36687,-239.07931,NA,NA,NA,NA,270.0216636,-22.846578879,NA,NA,NA,NA,NA,NA,NA,NA,NA,NA,NA,NA,NA,"",NA,NA,NA,30366.87,-239079.31,1,"S",0.134366681415929,-1.05787305309735
NA,"Sky-H5-3",18.8286,-240.26349,NA,NA,NA,NA,269.9695689,-22.851543054,NA,NA,NA,NA,NA,NA,NA,NA,NA,NA,NA,NA,NA,"",NA,NA,NA,18828.6,-240263.49,1,"S",0.083312389380531,-1.06311278761062
NA,"Sky-H5-4",7.2467,-240.89115,NA,NA,NA,NA,269.9172723,-22.85417637,NA,NA,NA,NA,NA,NA,NA,NA,NA,NA,NA,NA,NA,"",NA,NA,NA,7246.7,-240891.15,1,"S",0.0320650442477876,-1.06589004424779
NA,"Sky-H5-5",-4.35197,-240.96083,NA,NA,NA,NA,269.8648975,-22.854472481,NA,NA,NA,NA,NA,NA,NA,NA,NA,NA,NA,NA,NA,"",NA,NA,NA,-4351.97,-240960.83,1,"S",-0.0192565044247788,-1.06619836283186
NA,"Sky-H5-6",-15.94057,-240.47237,NA,NA,NA,NA,269.8125682,-22.85243059,NA,NA,NA,NA,NA,NA,NA,NA,NA,NA,NA,NA,NA,"",NA,NA,NA,-15940.57,-240472.37,1,"S",-0.0705334955752212,-1.06403703539823
NA,"Sky-H5-7",-27.49224,-239.4269,NA,NA,NA,NA,269.760408,-22.848055406,NA,NA,NA,NA,NA,NA,NA,NA,NA,NA,NA,NA,NA,"",NA,NA,NA,-27492.24,-239426.9,1,"S",-0.121647079646018,-1.0594110619469
NA,"Sky-H5-8",-38.97879,-237.82707,NA,NA,NA,NA,269.7085467,-22.841358108,NA,NA,NA,NA,NA,NA,NA,NA,NA,NA,NA,NA,NA,"",NA,NA,NA,-38978.79,-237827.07,1,"S",-0.172472522123894,-1.05233216814159
NA,"Sky-H6-1",-58.36925,-233.82492,NA,NA,NA,NA,269.6210176,-22.824601388,NA,NA,NA,NA,NA,NA,NA,NA,NA,NA,NA,NA,NA,"",NA,NA,NA,-58369.25,-233824.92,1,"S",-0.258271017699115,-1.03462353982301
NA,"Sky-H6-2",-68.97471,-228.8307,NA,NA,NA,NA,269.5730045,-22.804273974,NA,NA,NA,NA,NA,NA,NA,NA,NA,NA,NA,NA,NA,"",NA,NA,NA,-68974.71,-228830.7,2,"S",-0.305197831858407,-1.01252522123894
NA,"Sky-H6-3",-80.57354,-227.13205,NA,NA,NA,NA,269.5208292,-22.796577892,NA,NA,NA,NA,NA,NA,NA,NA,NA,NA,NA,NA,NA,"",NA,NA,NA,-80573.54,-227132.05,1,"S",-0.356520088495575,-1.00500907079646
NA,"Sky-H6-4",-91.4085,-222.99226,NA,NA,NA,NA,269.4719632,-22.779245188,NA,NA,NA,NA,NA,NA,NA,NA,NA,NA,NA,NA,NA,"",NA,NA,NA,-91408.5,-222992.26,1,"S",-0.404462389380531,-0.986691415929204
NA,"Sky-H6-5",-102.03172,-218.33596,NA,NA,NA,NA,269.42407,-22.759751208,NA,NA,NA,NA,NA,NA,NA,NA,NA,NA,NA,NA,NA,"",NA,NA,NA,-102031.72,-218335.96,1,"S",-0.45146778761062,-0.966088318584071
NA,"Sky-H6-6",-112.41861,-213.17391,NA,NA,NA,NA,269.3772623,-22.738141712,NA,NA,NA,NA,NA,NA,NA,NA,NA,NA,NA,NA,NA,"",NA,NA,NA,-112418.61,-213173.91,1,"S",-0.497427477876106,-0.943247389380531
NA,"Sky-H6-7",-122.54511,-207.51809,NA,NA,NA,NA,269.33165,-22.71446762,NA,NA,NA,NA,NA,NA,NA,NA,NA,NA,NA,NA,NA,"",NA,NA,NA,-122545.11,-207518.09,1,"S",-0.542235,-0.918221637168142
NA,"Sky-H6-8",-132.38652,-201.3824,NA,NA,NA,NA,269.2873457,-22.688787957,NA,NA,NA,NA,NA,NA,NA,NA,NA,NA,NA,NA,NA,"",NA,NA,NA,-132386.52,-201382.4,1,"S",-0.585781061946903,-0.891072566371681
NA,"Sky-H7-1",-207.18967,-123.09956,NA,NA,NA,NA,268.9518957,-22.361464567,NA,NA,NA,NA,NA,NA,NA,NA,NA,NA,NA,NA,NA,"",NA,NA,NA,-207189.67,-123099.56,1,"S",-0.916768451327434,-0.544688318584071
NA,"Sky-H7-2",-212.87255,-112.98823,NA,NA,NA,NA,268.9265807,-22.319230642,NA,NA,NA,NA,NA,NA,NA,NA,NA,NA,NA,NA,NA,"",NA,NA,NA,-212872.55,-112988.23,1,"S",-0.941913938053097,-0.499947920353982
NA,"Sky-H7-3",-218.06235,-102.61518,NA,NA,NA,NA,268.9035056,-22.275914398,NA,NA,NA,NA,NA,NA,NA,NA,NA,NA,NA,NA,NA,"",NA,NA,NA,-218062.35,-102615.18,1,"S",-0.964877654867257,-0.454049469026549
NA,"Sky-H7-4",-222.74704,-92.00444,NA,NA,NA,NA,268.8827224,-22.231617032,NA,NA,NA,NA,NA,NA,NA,NA,NA,NA,NA,NA,NA,"",NA,NA,NA,-222747.04,-92004.44,1,"S",-0.985606371681416,-0.407099292035398
NA,"Sky-H7-5",-226.91579,-81.18059,NA,NA,NA,NA,268.8642777,-22.186441946,NA,NA,NA,NA,NA,NA,NA,NA,NA,NA,NA,NA,NA,"",NA,NA,NA,-226915.79,-81180.59,1,"S",-1.00405216814159,-0.359206150442478
NA,"Sky-H7-6",-230.55892,-70.1687,NA,NA,NA,NA,268.8482123,-22.140494498,NA,NA,NA,NA,NA,NA,NA,NA,NA,NA,NA,NA,NA,"",NA,NA,NA,-230558.92,-70168.7,1,"S",-1.02017221238938,-0.310480973451327
NA,"Sky-H7-7",-233.66801,-58.99428,NA,NA,NA,NA,268.8345616,-22.093881776,NA,NA,NA,NA,NA,NA,NA,NA,NA,NA,NA,NA,NA,"",NA,NA,NA,-233668.01,-58994.28,1,"S",-1.03392924778761,-0.261036637168142
NA,"Sky-H7-8",-236.23556,-47.68464,NA,NA,NA,NA,268.8233565,-22.046718269,NA,NA,NA,NA,NA,NA,NA,NA,NA,NA,NA,NA,NA,"",NA,NA,NA,-236235.56,-47684.64,1,"S",-1.04529008849558,-0.210993982300885
