#OBSTEMP,8
#CONFIGTEMP,19
#EQUINOX,J2000.0
#CENTRE,17 59 34.59,-21 51 49.5 #Field centre
#UTTIME,12 00 00.00 #Target observing time
#UTDATE,2021 07 10 #Target observing date
#PLATEID,a test_plateID
#LABEL,a test_label
#TILING_DATE,2021 06 07 # Date the tile was created/configured
#PROXIMITY,220 # tiling proximity value in arcseconds
"ID","RA","DEC","g_mag","r_mag","i_mag","z_mag","y_mag","GAIA_g_mag","GAIA_bp_mag","GAIA_rp_mag","pmRA","pmDEC","priority","remaining_observations","Tile_number","COMPLETED","MagnetX_noDC","MagnetY_noDC","type","MagnetX","MagnetY","Position","fibre_type","x","y","grads","gangs","gazAngs","gangs_gazAng"
"4069936676414174080",270.14764,-22.055763,NA,11.0059003829956,NA,NA,NA,NA,NA,NA,7.45161963487154,-26.0707434097788,NA,NA,NA,NA,57295.4515151403,-43396.3350909091,2,54806.87,-44813.63,NA,"G",-72.03843,-50.07954,87.7353732737058,1.95946057706214,0.607482463991542,1.3519781130706
"4069976464991195136",270.5328,-21.684666,NA,11.4086999893188,NA,NA,NA,NA,NA,NA,-3.26546408430572,-7.41570941942578,NA,NA,NA,NA,144341.61151515,40471.5869090906,2,139528.08,41846.42,NA,"G",-85.35126,79.21803,116.448846540739,5.98616178690697,-0.748147028522782,0.451123508250165
"4069926815170942336",270.56815,-22.088623,NA,11.4259004592896,NA,NA,NA,NA,NA,NA,-22.8226772463412,-7.17210201091266,NA,NA,NA,NA,152330.711515148,-50822.6950909098,2,147076.81,-53242.95,NA,"G",54.80687,-44.81363,70.7958645188672,1.6244136137252,2.45617312135134,5.45142579955345
"4070368376505816064",269.03455,-21.86783,NA,11.5804996490479,NA,NA,NA,NA,NA,NA,0.801774287970134,0.329035572537338,NA,NA,NA,NA,-194262.888484847,-923.477090908904,2,-188925.4,-1537.46,NA,"G",-24.0247,80.54216,84.0489485214158,3.28823820488273,-1.28091159570559,4.56914980058832
"4070297316229990912",269.2731,-22.209093,NA,11.6814002990723,NA,NA,NA,NA,NA,NA,0.419752698707477,0.26229035280156,NA,NA,NA,NA,-140350.588484852,-78048.9150909092,2,-135366.77,-81625.78,NA,"G",13.52599,156.43309,157.016763603216,2.90757342586365,4.62613847715518,4.56462025588806
"4070769865709852288",269.6652,-21.428143,NA,11.9498996734619,NA,NA,NA,NA,NA,NA,-2.28703884745424,-7.06313497192834,NA,NA,NA,NA,-51735.9884848462,98445.7849090909,2,-49880.34,101864.46,NA,"G",128.23906,-166.53664,210.189697588091,0.43418125134753,2.22699708634319,4.49036947218393
