#OBSTEMP,8
#CONFIGTEMP,19
#EQUINOX,J2000.0
#CENTRE,17 59 15.57,-21 50 54.3 #Field centre
#UTTIME,12 00 00.00 #Target observing time
#UTDATE,2021 07 10 #Target observing date
#PLATEID,a test_plateID
#LABEL,a test_label
#TILING_DATE,2021 06 07 # Date the tile was created/configured
#PROXIMITY,220 # tiling proximity value in arcseconds
"probe","ID","x","y","rads","angs","azAngs","angs_azAng","RA","DEC","g_mag","r_mag","i_mag","z_mag","y_mag","GAIA_g_mag","GAIA_bp_mag","GAIA_rp_mag","pmRA","pmDEC","priority","remaining_observations","Tile_number","COMPLETED","MagnetX_noDC","MagnetY_noDC","type","MagnetX","MagnetY","Position","fibre_type","fraction_plate_radius_X","fraction_plate_radius_Y"
1,"4070984790282744960",-67.71359,184.61511,196.641473527331,0.510075178025742,-1.21924943839621,1.72932461642196,269.509,-21.069359,18.931999206543,17.1149997711182,16.0806007385254,15.444299697876,15.0492000579834,16.713707,18.10972,15.425173,-2.76433587278449,-1.41797070140818,1,1,-999,"False",-69128.4483146071,176069.431483147,1,-67713.59,184615.11,NA,"P",-0.299617654867257,0.816881017699115
2,"4070335597311874560",-37.62134,-3.49979,37.7837763258214,1.73829657852437,0.0927597582847968,1.64553682023957,269.64053,-21.863352,16.1508007049561,15.4623003005981,15.1232995986938,14.9196996688843,14.8662996292114,15.454114,16.00446,14.73155,1.03328746992539,-4.08830492016785,1,1,-999,"False",-39402.6683146204,-3372.98651685325,1,-37621.34,-3499.79,NA,"P",-0.16646610619469,-0.015485796460177
3,"4069918573150199296",105.17549,-95.84264,142.294396723517,0.891157556211874,2.40258907584994,4.77175378754152,270.29825,-22.255575,19.4265995025635,17.9270000457764,17.0249004364014,16.4934997558594,16.1322002410889,17.633173,18.835001,16.490458,0.0177153542788998,-1.3628927958885,1,1,-999,"False",109242.051685389,-92015.3845168535,1,105175.49,-95842.64,NA,"P",0.465378274336283,-0.424082477876106
4,"4069935649940338176",91.49761,-54.56057,106.530129233175,1.20675821828641,2.6038937877402,4.88604973772579,270.23703,-22.081276,17.3736000061035,16.0990009307861,15.3760004043579,14.9345998764038,14.6921997070313,15.903248,16.928326,14.84932,-4.47315379161629,-2.99011027917322,1,1,-999,"False",95406.3316853906,-52623.8105168541,1,91497.61,-54560.57,NA,"P",0.404856681415929,-0.241418451327434
5,"4069551125789971712",14.33735,-115.25952,116.147822001331,1.17234838347768,1.69455252612246,5.76098116453481,269.88095,-22.34066,15.4540996551514,14.7503004074097,14.4055995941162,14.2204999923706,14.1010999679565,14.748309,15.316155,14.023906,2.88305714758054,-3.66946846024562,1,1,-999,"False",14932.2516853861,-111244.594516853,1,14337.35,-115259.52,NA,"P",0.0634396017699115,-0.509997876106195
6,"4070377447478356480",-78.91177,-2.71308,78.9583956753131,-0.780680854240469,0.0343676455942381,5.46813680734488,269.45047,-21.85958,18.3012008666992,16.979700088501,16.1490001678467,15.6557998657227,15.3245000839233,16.741936,17.891983,15.651445,-0.0450771482329345,-0.547871273900903,1,1,-999,"False",-82356.2283146114,-2520.51451685293,1,-78911.77,-2713.08,NA,"P",-0.349167123893805,-0.0120047787610619
7,"4070746741609407232",107.33135,107.41977,151.851986090651,3.20464061695984,3.92740254939173,5.56042337474769,270.3051,-21.391083,18.7630004882813,17.6469993591309,17.0202007293701,16.6347999572754,16.3528995513916,17.527184,18.47086,16.566387,-0.335212927718276,-1.95649143783298,1,1,-999,"False",110790.151685385,103359.807483147,1,107331.35,107419.77,NA,"P",0.474917477876106,0.475308716814159
8,"4069971379750551936",146.50149,19.71918,147.822639105424,4.14697458235713,3.27538905288349,0.871585529473638,270.4859,-21.763329,19.2777996063232,17.8904991149902,17.1613006591797,16.8031997680664,16.5680999755859,17.796486,18.854507,16.725454,1.15988816508617,-3.79631214924905,1,1,-999,"False",151650.951685393,19232.211483146,1,146501.49,19719.18,NA,"P",0.648236681415929,0.0872530088495575
9,"4070820653739752320",-24.60243,194.49191,196.041787936534,2.78732465474782,-1.44496871422531,4.23229336897313,269.7039,-21.027897,18.4167003631592,16.9374008178711,16.0408000946045,15.5079002380371,15.0996999740601,16.626554,17.905367,15.463948,-0.722621545575734,-1.62316276109349,1,1,-999,"False",-25081.0483146158,185439.843483147,1,-24602.43,194491.91,NA,"P",-0.108860309734513,0.860583672566372
10,"4069941800324672000",88.02417,-29.13459,92.720433770863,0.917266884815591,2.82195800659834,4.37849418539684,270.2214,-21.9728,18.5751991271973,17.5048999786377,16.9258003234863,16.5676002502441,16.2870006561279,17.47372,18.295763,16.274021,-0.410453963848373,-2.16927824045522,1,1,-999,"False",91873.9516853934,-28108.2345168534,1,88024.17,-29134.59,NA,"P",0.389487477876106,-0.128914115044248
11,"4070293918948068224",-148.14148,-102.31349,180.038741199139,2.4459178173326,0.60442126006381,1.84149655726879,269.13773,-22.27959,19.4407005310059,17.8134994506836,16.8166999816895,16.2143993377686,15.8732004165649,17.465778,18.88841,16.281036,-3.26660627861111,1.92820134313699,1,1,-999,"False",-153035.468314616,-97442.7745168532,1,-148141.48,-102313.49,NA,"P",-0.655493274336283,-0.452714557522124
12,"4070596074164371968",-156.28711,94.91971,182.853526350017,3.19291072527738,-0.545800473121067,3.73871119839845,269.10498,-21.445406,17.392599105835,16.502799987793,14.7042999267578,13.585599899292,12.9622001647949,15.360262,18.023588,13.850424,-6.93282789937749,-9.47997353586085,1,1,-999,"False",-160436.968314621,91082.8094831469,1,-156287.11,94919.71,NA,"P",-0.691535884955752,0.419998716814159
13,"4070356552437350272",-144.22926,-11.0141,144.649195777085,-1.1772429962285,0.0762172979749112,5.02972501297618,269.1535,-21.893835,19.3677997589111,17.2159004211426,16.0130004882813,15.2462997436523,14.7974004745483,16.664814,18.251791,15.281754,2.3133455476143,1.1498956472851,1,1,-999,"False",-149471.448314609,-10262.1445168533,1,-144229.26,-11014.1,NA,"P",-0.638182566371681,-0.0487349557522124
14,"4069925651257312000",110.65135,-51.38412,122.00020100392,3.9403220581555,2.70684601987463,1.23347603828086,270.32434,-22.067024,17.8749008178711,16.888500213623,16.2052993774414,15.8551998138428,15.6020002365112,16.694838,17.576147,15.74604,-0.139082378412599,-0.643439961735442,1,1,-999,"False",115138.391685391,-49402.8585168535,1,110651.35,-51384.12,NA,"P",0.489607743362832,-0.227363362831858
15,"4070792062101504128",-26.67472,156.8502,159.102249912182,2.94691846856994,-1.40234305345846,4.3492615220284,269.69354,-21.182137,17.6662998199463,16.5338001251221,15.8627004623413,15.3994998931885,15.1267004013062,16.3737,17.336561,15.352798,-0.180881483974302,-2.1615045388717,1,1,-999,"False",-27422.4083146139,150581.603483146,1,-26674.72,156850.2,NA,"P",-0.118029734513274,0.694027433628319
16,"4069510856177952896",9.97595,-181.61616,181.889936916664,4.10956253872215,1.62566994092387,2.48389259779828,269.86035,-22.615932,16.4785003662109,15.6940002441406,15.3145999908447,15.0895004272461,14.9468002319336,15.682209,16.316395,14.917446,-1.07798241792907,-0.840722585058647,1,1,-999,"False",10276.6516853857,-173456.066516854,1,9975.95,-181616.16,NA,"P",0.0441413716814159,-0.803611327433628
17,"4069948294325038720",98.99029,-8.2027,99.3295615694245,4.03880978409947,3.05891785126878,0.979891932830694,270.27145,-21.883,18.2047004699707,16.9426002502441,16.2439002990723,15.8165998458862,15.5401000976563,16.797493,17.816141,15.766099,-1.97127255815865,-3.16977554561366,1,1,-999,"False",103185.251685393,-7813.43451685408,1,98990.29,-8202.7,NA,"P",0.438010132743363,-0.0362951327433628
18,"4069481478603733120",93.13612,-183.87804,206.120038916395,0.424733700138528,2.03963859620552,4.66828041111259,270.23892,-22.621128,15.1223001480103,14.6119003295898,14.4028997421265,14.3055000305176,14.210000038147,14.617039,15.040713,14.025425,-0.037292080363542,-2.25143446632426,1,1,-999,"False",95833.4716853912,-174630.362516853,1,93136.12,-183878.04,NA,"P",0.412106725663717,-0.813619646017699
19,"4069871775184523648",158.2127,-97.74821,185.973038367109,4.53625299074899,2.5881674822914,1.94808550845758,270.5366,-22.259731,16.388599395752,15.5334997177124,15.0586996078491,14.7299003601074,14.4597997665405,15.457224,16.192022,14.604433,-2.23174238720234,-3.62698635475055,1,1,-999,"False",163109.151685394,-92954.6405168532,1,158212.7,-97748.21,NA,"P",0.700056194690266,-0.432514203539823
20,"4070718497904347904",54.23591,57.39067,78.9634278421156,3.51608306999536,3.95524502376731,5.84402335340763,269.39322,-22.037567,17.5510997772217,17.3871994018555,17.4083003997803,17.4951992034912,17.6007995605469,17.386822,17.494452,17.031782,1.85349963441014,-1.71233861269308,1,NA,NA,"",-95294.7283146009,-42745.5765168541,0,-91320.08,-44342.11,NA,"P",-0.404071150442478,-0.196204026548673
21,"4070326522008971648",-91.32008,-44.34211,101.516401287962,5.29821889080547,0.452035505883724,4.84618338492174,270.06494,-21.60233,16.5198993682861,16.2612991333008,16.1679992675781,16.1026992797852,16.0648002624512,16.190025,16.426561,15.75585,-9.85335751054797,-5.68201640729068,1,NA,NA,"",56513.9916853848,55617.9854831469,0,54235.91,57390.67,NA,"P",0.239981902654867,0.253941017699115
NA,"Sky-A1-1",-226.46104,82.44066,NA,NA,NA,NA,268.8010594,-21.501713867,NA,NA,NA,NA,NA,NA,NA,NA,NA,NA,NA,NA,NA,"",NA,NA,NA,-226461.04,82440.66,1,"S",-1.00204,0.364781681415929
NA,"Sky-A1-2",-222.23219,93.24117,NA,NA,NA,NA,268.8202937,-21.456836988,NA,NA,NA,NA,NA,NA,NA,NA,NA,NA,NA,NA,NA,"",NA,NA,NA,-222232.19,93241.17,1,"S",-0.983328274336283,0.412571548672566
NA,"Sky-A1-3",-217.48859,103.8257,NA,NA,NA,NA,268.8418145,-21.412870146,NA,NA,NA,NA,NA,NA,NA,NA,NA,NA,NA,NA,NA,"",NA,NA,NA,-217488.59,103825.7,1,"S",-0.96233889380531,0.459405752212389
NA,"Sky-A1-4",-212.24121,114.16975,NA,NA,NA,NA,268.8655705,-21.36991442,NA,NA,NA,NA,NA,NA,NA,NA,NA,NA,NA,NA,NA,"",NA,NA,NA,-212241.21,114169.75,1,"S",-0.939120398230089,0.505175884955752
NA,"Sky-A1-5",-206.50222,124.24934,NA,NA,NA,NA,268.8915053,-21.328068645,NA,NA,NA,NA,NA,NA,NA,NA,NA,NA,NA,NA,NA,"",NA,NA,NA,-206502.22,124249.34,1,"S",-0.913726637168142,0.549775840707965
NA,"Sky-A1-6",-200.2849,134.04112,NA,NA,NA,NA,268.9195576,-21.287428954,NA,NA,NA,NA,NA,NA,NA,NA,NA,NA,NA,NA,NA,"",NA,NA,NA,-200284.9,134041.12,1,"S",-0.886216371681416,0.593102300884956
NA,"Sky-A1-7",-193.60365,143.52243,NA,NA,NA,NA,268.9496615,-21.248088545,NA,NA,NA,NA,NA,NA,NA,NA,NA,NA,NA,NA,NA,"",NA,NA,NA,-193603.65,143522.43,1,"S",-0.856653318584071,0.635055
NA,"Sky-A2-1",-3.01251,240.9813,NA,NA,NA,NA,269.8017055,-20.844519443,NA,NA,NA,NA,NA,NA,NA,NA,NA,NA,NA,NA,NA,"",NA,NA,NA,-3012.51,240981.3,1,"S",-0.0133296902654867,1.0662889380531
NA,"Sky-A2-2",8.5856,240.84715,NA,NA,NA,NA,269.8534027,-20.845100256,NA,NA,NA,NA,NA,NA,NA,NA,NA,NA,NA,NA,NA,"",NA,NA,NA,8585.6,240847.15,1,"S",0.0379893805309735,1.0656953539823
NA,"Sky-A2-3",20.16382,240.15512,NA,NA,NA,NA,269.9050108,-20.847990338,NA,NA,NA,NA,NA,NA,NA,NA,NA,NA,NA,NA,NA,"",NA,NA,NA,20163.82,240155.12,1,"S",0.0892204424778761,1.06263327433628
NA,"Sky-A2-4",31.69534,238.90682,NA,NA,NA,NA,269.9564125,-20.853182976,NA,NA,NA,NA,NA,NA,NA,NA,NA,NA,NA,NA,NA,"",NA,NA,NA,31695.34,238906.82,1,"S",0.140244867256637,1.05710982300885
NA,"Sky-A2-5",43.15344,237.10513,NA,NA,NA,NA,270.0074909,-20.860666284,NA,NA,NA,NA,NA,NA,NA,NA,NA,NA,NA,NA,NA,"",NA,NA,NA,43153.44,237105.13,1,"S",0.190944424778761,1.04913774336283
NA,"Sky-A2-6",54.51158,234.75423,NA,NA,NA,NA,270.0581299,-20.870423091,NA,NA,NA,NA,NA,NA,NA,NA,NA,NA,NA,NA,NA,"",NA,NA,NA,54511.58,234754.23,1,"S",0.241201681415929,1.03873553097345
NA,"Sky-A2-7",65.74346,231.85957,NA,NA,NA,NA,270.1082142,-20.882431053,NA,NA,NA,NA,NA,NA,NA,NA,NA,NA,NA,NA,NA,"",NA,NA,NA,65743.46,231859.57,1,"S",0.290900265486726,1.02592730088496
NA,"Sky-A3-1",231.67752,66.38214,NA,NA,NA,NA,270.8520474,-21.569055491,NA,NA,NA,NA,NA,NA,NA,NA,NA,NA,NA,NA,NA,"",NA,NA,NA,231677.52,66382.14,1,"S",1.0251217699115,0.293726283185841
NA,"Sky-A3-2",234.60313,55.15828,NA,NA,NA,NA,270.865441,-21.615704442,NA,NA,NA,NA,NA,NA,NA,NA,NA,NA,NA,NA,NA,"",NA,NA,NA,234603.13,55158.28,1,"S",1.03806694690265,0.244063185840708
NA,"Sky-A3-3",236.98531,43.80666,NA,NA,NA,NA,270.8764132,-21.662896249,NA,NA,NA,NA,NA,NA,NA,NA,NA,NA,NA,NA,NA,"",NA,NA,NA,236985.31,43806.66,1,"S",1.04860756637168,0.193834778761062
NA,"Sky-A3-4",238.81857,32.35357,NA,NA,NA,NA,270.8849366,-21.71052215,NA,NA,NA,NA,NA,NA,NA,NA,NA,NA,NA,NA,NA,"",NA,NA,NA,238818.57,32353.57,1,"S",1.05671933628319,0.143157389380531
NA,"Sky-A3-5",240.09865,20.82553,NA,NA,NA,NA,270.8909894,-21.758472313,NA,NA,NA,NA,NA,NA,NA,NA,NA,NA,NA,NA,NA,"",NA,NA,NA,240098.65,20825.53,1,"S",1.06238340707965,0.0921483628318584
NA,"Sky-A3-6",240.82258,9.24926,NA,NA,NA,NA,270.8945551,-21.806635962,NA,NA,NA,NA,NA,NA,NA,NA,NA,NA,NA,NA,NA,"",NA,NA,NA,240822.58,9249.26,1,"S",1.06558663716814,0.0409259292035398
NA,"Sky-A3-7",240.98869,2.34844,NA,NA,NA,NA,270.8954922,-21.835353371,NA,NA,NA,NA,NA,NA,NA,NA,NA,NA,NA,NA,NA,"",NA,NA,NA,240988.69,2348.44,1,"S",1.06632163716814,0.0103913274336283
NA,"Sky-A4-1",210.21182,-117.86456,NA,NA,NA,NA,270.7604736,-22.336390816,NA,NA,NA,NA,NA,NA,NA,NA,NA,NA,NA,NA,NA,"",NA,NA,NA,210211.82,-117864.56,1,"S",0.930140796460177,-0.521524601769911
NA,"Sky-A4-2",204.2974,-127.84223,NA,NA,NA,NA,270.7341132,-22.378045864,NA,NA,NA,NA,NA,NA,NA,NA,NA,NA,NA,NA,NA,"",NA,NA,NA,204297.4,-127842.23,1,"S",0.903970796460177,-0.565673584070796
NA,"Sky-A4-3",197.90977,-137.52377,NA,NA,NA,NA,270.7056018,-22.418475207,NA,NA,NA,NA,NA,NA,NA,NA,NA,NA,NA,NA,NA,"",NA,NA,NA,197909.77,-137523.77,1,"S",0.875706946902655,-0.608512256637168
NA,"Sky-A4-4",191.06371,-146.88677,NA,NA,NA,NA,270.6750043,-22.457584386,NA,NA,NA,NA,NA,NA,NA,NA,NA,NA,NA,NA,NA,"",NA,NA,NA,191063.71,-146886.77,1,"S",0.845414646017699,-0.649941460176991
NA,"Sky-A4-5",183.77509,-155.90952,NA,NA,NA,NA,270.6423906,-22.495281791,NA,NA,NA,NA,NA,NA,NA,NA,NA,NA,NA,NA,NA,"",NA,NA,NA,183775.09,-155909.52,1,"S",0.813164115044248,-0.689865132743363
NA,"Sky-A4-6",176.06079,-164.57115,NA,NA,NA,NA,270.6078356,-22.531479255,NA,NA,NA,NA,NA,NA,NA,NA,NA,NA,NA,NA,NA,"",NA,NA,NA,176060.79,-164571.15,1,"S",0.779030044247788,-0.72819092920354
NA,"Sky-A4-7",167.93867,-172.85157,NA,NA,NA,NA,270.5714187,-22.566091826,NA,NA,NA,NA,NA,NA,NA,NA,NA,NA,NA,NA,NA,"",NA,NA,NA,167938.67,-172851.57,1,"S",0.743091460176991,-0.764829955752212
NA,"Sky-A5-1",-148.4702,-189.83588,NA,NA,NA,NA,269.1450876,-22.637139307,NA,NA,NA,NA,NA,NA,NA,NA,NA,NA,NA,NA,NA,"",NA,NA,NA,-148470.2,-189835.88,1,"S",-0.656947787610619,-0.839981769911504
NA,"Sky-A5-2",-157.43205,-182.47249,NA,NA,NA,NA,269.1048152,-22.606333643,NA,NA,NA,NA,NA,NA,NA,NA,NA,NA,NA,NA,NA,"",NA,NA,NA,-157432.05,-182472.49,1,"S",-0.696601991150442,-0.807400398230088
NA,"Sky-A5-3",-166.02924,-174.68645,NA,NA,NA,NA,269.0662118,-22.573765358,NA,NA,NA,NA,NA,NA,NA,NA,NA,NA,NA,NA,NA,"",NA,NA,NA,-166029.24,-174686.45,1,"S",-0.734642654867257,-0.77294889380531
NA,"Sky-A5-4",-174.24185,-166.49577,NA,NA,NA,NA,269.0293669,-22.539510811,NA,NA,NA,NA,NA,NA,NA,NA,NA,NA,NA,NA,NA,"",NA,NA,NA,-174241.85,-166495.77,1,"S",-0.770981637168142,-0.736706946902655
NA,"Sky-A5-5",-182.05086,-157.91943,NA,NA,NA,NA,268.994366,-22.503650404,NA,NA,NA,NA,NA,NA,NA,NA,NA,NA,NA,NA,NA,"",NA,NA,NA,-182050.86,-157919.43,1,"S",-0.805534778761062,-0.698758539823009
NA,"Sky-A5-6",-189.43818,-148.97731,NA,NA,NA,NA,268.96129,-22.466268289,NA,NA,NA,NA,NA,NA,NA,NA,NA,NA,NA,NA,NA,"",NA,NA,NA,-189438.18,-148977.31,1,"S",-0.83822203539823,-0.659191637168142
NA,"Sky-A5-7",-196.38671,-139.6901,NA,NA,NA,NA,268.9302149,-22.427451979,NA,NA,NA,NA,NA,NA,NA,NA,NA,NA,NA,NA,NA,"",NA,NA,NA,-196386.71,-139690.1,1,"S",-0.868967743362832,-0.61809778761062
NA,"Sky-H1-1",-181.17025,158.92893,NA,NA,NA,NA,269.0055916,-21.184185987,NA,NA,NA,NA,NA,NA,NA,NA,NA,NA,NA,NA,NA,"",NA,NA,NA,-181170.25,158928.93,1,"S",-0.801638274336283,0.703225353982301
NA,"Sky-H1-2",-173.31368,167.46173,NA,NA,NA,NA,269.0408832,-21.148806528,NA,NA,NA,NA,NA,NA,NA,NA,NA,NA,NA,NA,NA,"",NA,NA,NA,-173313.68,167461.73,1,"S",-0.766874690265487,0.74098110619469
NA,"Sky-H1-3",-165.05567,175.60663,NA,NA,NA,NA,269.0779436,-21.115044091,NA,NA,NA,NA,NA,NA,NA,NA,NA,NA,NA,NA,NA,"",NA,NA,NA,-165055.67,175606.63,1,"S",-0.73033482300885,0.777020486725664
NA,"Sky-H1-4",-156.41534,183.34477,NA,NA,NA,NA,269.1166868,-21.082975894,NA,NA,NA,NA,NA,NA,NA,NA,NA,NA,NA,NA,NA,"",NA,NA,NA,-156415.34,183344.77,1,"S",-0.692103274336283,0.811260044247788
NA,"Sky-H1-5",-147.4127,190.65822,NA,NA,NA,NA,269.1570234,-21.052675279,NA,NA,NA,NA,NA,NA,NA,NA,NA,NA,NA,NA,NA,"",NA,NA,NA,-147412.7,190658.22,1,"S",-0.652268584070796,0.843620442477876
NA,"Sky-H1-6",-138.06861,197.53006,NA,NA,NA,NA,269.1988603,-21.0242114,NA,NA,NA,NA,NA,NA,NA,NA,NA,NA,NA,NA,NA,"",NA,NA,NA,-138068.61,197530.06,1,"S",-0.610923053097345,0.874026814159292
NA,"Sky-H1-7",-128.4047,203.94434,NA,NA,NA,NA,269.2421013,-20.997649384,NA,NA,NA,NA,NA,NA,NA,NA,NA,NA,NA,NA,NA,"",NA,NA,NA,-128404.7,203944.34,1,"S",-0.568162389380531,0.902408584070796
NA,"Sky-H1-8",-118.44464,209.88551,NA,NA,NA,NA,269.2866413,-20.973052719,NA,NA,NA,NA,NA,NA,NA,NA,NA,NA,NA,NA,NA,"",NA,NA,NA,-118444.64,209885.51,1,"S",-0.524091327433628,0.928696946902655
NA,"Sky-H2-1",-100.81652,218.89973,NA,NA,NA,NA,269.3654163,-20.935746411,NA,NA,NA,NA,NA,NA,NA,NA,NA,NA,NA,NA,NA,"",NA,NA,NA,-100816.52,218899.73,1,"S",-0.446090796460177,0.968582876106195
NA,"Sky-H2-2",-90.16757,223.49692,NA,NA,NA,NA,269.4129741,-20.916727586,NA,NA,NA,NA,NA,NA,NA,NA,NA,NA,NA,NA,NA,"",NA,NA,NA,-90167.57,223496.92,1,"S",-0.398971548672566,0.988924424778761
NA,"Sky-H2-3",-79.30977,227.57641,NA,NA,NA,NA,269.4614455,-20.899855631,NA,NA,NA,NA,NA,NA,NA,NA,NA,NA,NA,NA,NA,"",NA,NA,NA,-79309.77,227576.41,1,"S",-0.350928185840708,1.00697526548673
NA,"Sky-H2-4",-68.26826,231.12877,NA,NA,NA,NA,269.5107199,-20.885168861,NA,NA,NA,NA,NA,NA,NA,NA,NA,NA,NA,NA,NA,"",NA,NA,NA,-68268.26,231128.77,1,"S",-0.302071946902655,1.02269367256637
NA,"Sky-H2-5",-57.06862,234.14576,NA,NA,NA,NA,269.5606849,-20.872700717,NA,NA,NA,NA,NA,NA,NA,NA,NA,NA,NA,NA,NA,"",NA,NA,NA,-57068.62,234145.76,1,"S",-0.252516017699115,1.03604318584071
NA,"Sky-H2-6",-45.73679,236.62039,NA,NA,NA,NA,269.6112266,-20.862479532,NA,NA,NA,NA,NA,NA,NA,NA,NA,NA,NA,NA,NA,"",NA,NA,NA,-45736.79,236620.39,1,"S",-0.20237517699115,1.04699287610619
NA,"Sky-H2-7",-34.29902,238.54693,NA,NA,NA,NA,269.6622299,-20.854528497,NA,NA,NA,NA,NA,NA,NA,NA,NA,NA,NA,NA,NA,"",NA,NA,NA,-34299.02,238546.93,1,"S",-0.151765575221239,1.05551738938053
NA,"Sky-H2-8",-22.78326,239.92079,NA,NA,NA,NA,269.7135724,-20.848866156,NA,NA,NA,NA,NA,NA,NA,NA,NA,NA,NA,NA,NA,"",NA,NA,NA,-22783.26,239920.79,1,"S",-0.100810884955752,1.0615964159292
NA,"Sky-H3-1",184.61356,154.91577,NA,NA,NA,NA,270.6395865,-21.201474224,NA,NA,NA,NA,NA,NA,NA,NA,NA,NA,NA,NA,NA,"",NA,NA,NA,184613.56,154915.77,1,"S",0.816874159292035,0.685468008849557
NA,"Sky-H3-2",191.8534,145.85382,NA,NA,NA,NA,270.6721074,-21.239069043,NA,NA,NA,NA,NA,NA,NA,NA,NA,NA,NA,NA,NA,"",NA,NA,NA,191853.4,145853.82,1,"S",0.848908849557522,0.645370884955752
NA,"Sky-H3-3",198.64884,136.45402,NA,NA,NA,NA,270.7026657,-21.278072059,NA,NA,NA,NA,NA,NA,NA,NA,NA,NA,NA,NA,NA,"",NA,NA,NA,198648.84,136454.02,1,"S",0.878977168141593,0.603778849557522
NA,"Sky-H3-4",204.98415,126.73816,NA,NA,NA,NA,270.7311902,-21.318393821,NA,NA,NA,NA,NA,NA,NA,NA,NA,NA,NA,NA,NA,"",NA,NA,NA,204984.15,126738.16,1,"S",0.907009513274336,0.560788318584071
NA,"Sky-H3-5",210.84465,116.72873,NA,NA,NA,NA,270.7576139,-21.359941929,NA,NA,NA,NA,NA,NA,NA,NA,NA,NA,NA,NA,NA,"",NA,NA,NA,210844.65,116728.73,1,"S",0.93294092920354,0.516498805309734
NA,"Sky-H3-6",216.21677,106.44891,NA,NA,NA,NA,270.7818747,-21.40262108,NA,NA,NA,NA,NA,NA,NA,NA,NA,NA,NA,NA,NA,"",NA,NA,NA,216216.77,106448.91,1,"S",0.956711371681416,0.471012876106195
NA,"Sky-H3-7",221.08806,95.92253,NA,NA,NA,NA,270.8039154,-21.446333216,NA,NA,NA,NA,NA,NA,NA,NA,NA,NA,NA,NA,NA,"",NA,NA,NA,221088.06,95922.53,1,"S",0.978265752212389,0.424435973451327
NA,"Sky-H3-8",225.44672,85.17533,NA,NA,NA,NA,270.8236812,-21.490972279,NA,NA,NA,NA,NA,NA,NA,NA,NA,NA,NA,NA,NA,"",NA,NA,NA,225446.72,85175.33,1,"S",0.99755185840708,0.376881991150442
NA,"Sky-H4-1",239.9828,-22.12059,NA,NA,NA,NA,270.8916653,-21.93721786,NA,NA,NA,NA,NA,NA,NA,NA,NA,NA,NA,NA,NA,"",NA,NA,NA,239982.8,-22120.59,1,"S",1.06187079646018,-0.0978787168141593
NA,"Sky-H4-2",238.64054,-33.64155,NA,NA,NA,NA,270.885965,-21.98520032,NA,NA,NA,NA,NA,NA,NA,NA,NA,NA,NA,NA,NA,"",NA,NA,NA,238640.54,-33641.55,1,"S",1.05593159292035,-0.148856415929204
NA,"Sky-H4-3",236.74552,-45.08459,NA,NA,NA,NA,270.8777784,-22.032871599,NA,NA,NA,NA,NA,NA,NA,NA,NA,NA,NA,NA,NA,"",NA,NA,NA,236745.52,-45084.59,1,"S",1.04754654867257,-0.199489336283186
NA,"Sky-H4-4",234.30213,-56.42319,NA,NA,NA,NA,270.8671223,-22.080121038,NA,NA,NA,NA,NA,NA,NA,NA,NA,NA,NA,NA,NA,"",NA,NA,NA,234302.13,-56423.19,1,"S",1.03673508849558,-0.249660132743363
NA,"Sky-H4-5",231.31601,-67.6311,NA,NA,NA,NA,270.8540191,-22.126838976,NA,NA,NA,NA,NA,NA,NA,NA,NA,NA,NA,NA,NA,"",NA,NA,NA,231316.01,-67631.1,1,"S",1.02352216814159,-0.299252654867257
NA,"Sky-H4-6",227.79409,-78.68236,NA,NA,NA,NA,270.8384969,-22.172916835,NA,NA,NA,NA,NA,NA,NA,NA,NA,NA,NA,NA,NA,"",NA,NA,NA,227794.09,-78682.36,1,"S",1.00793845132743,-0.34815203539823
NA,"Sky-H4-7",223.74453,-89.55136,NA,NA,NA,NA,270.8205897,-22.218247374,NA,NA,NA,NA,NA,NA,NA,NA,NA,NA,NA,NA,NA,"",NA,NA,NA,223744.53,-89551.36,1,"S",0.990020044247788,-0.396244955752212
NA,"Sky-H4-8",219.17732,-100.21161,NA,NA,NA,NA,270.8003397,-22.262719565,NA,NA,NA,NA,NA,NA,NA,NA,NA,NA,NA,NA,NA,"",NA,NA,NA,219177.32,-100211.61,1,"S",0.969811150442478,-0.443414203539823
NA,"Sky-H5-1",41.83481,-237.34134,NA,NA,NA,NA,270.0035003,-22.835962956,NA,NA,NA,NA,NA,NA,NA,NA,NA,NA,NA,NA,NA,"",NA,NA,NA,41834.81,-237341.34,1,"S",0.185109778761062,-1.05018292035398
NA,"Sky-H5-2",30.36687,-239.07931,NA,NA,NA,NA,269.9517318,-22.843246231,NA,NA,NA,NA,NA,NA,NA,NA,NA,NA,NA,NA,NA,"",NA,NA,NA,30366.87,-239079.31,1,"S",0.134366681415929,-1.05787305309735
NA,"Sky-H5-3",18.8286,-240.26349,NA,NA,NA,NA,269.8996385,-22.848210416,NA,NA,NA,NA,NA,NA,NA,NA,NA,NA,NA,NA,NA,"",NA,NA,NA,18828.6,-240263.49,1,"S",0.083312389380531,-1.06311278761062
NA,"Sky-H5-4",7.2467,-240.89115,NA,NA,NA,NA,269.8473432,-22.850843745,NA,NA,NA,NA,NA,NA,NA,NA,NA,NA,NA,NA,NA,"",NA,NA,NA,7246.7,-240891.15,1,"S",0.0320650442477876,-1.06589004424779
NA,"Sky-H5-5",-4.35197,-240.96083,NA,NA,NA,NA,269.7949697,-22.851139872,NA,NA,NA,NA,NA,NA,NA,NA,NA,NA,NA,NA,NA,"",NA,NA,NA,-4351.97,-240960.83,1,"S",-0.0192565044247788,-1.06619836283186
NA,"Sky-H5-6",-15.94057,-240.47237,NA,NA,NA,NA,269.7426416,-22.849097999,NA,NA,NA,NA,NA,NA,NA,NA,NA,NA,NA,NA,NA,"",NA,NA,NA,-15940.57,-240472.37,1,"S",-0.0705334955752212,-1.06403703539823
NA,"Sky-H5-7",-27.49224,-239.4269,NA,NA,NA,NA,269.6904827,-22.844722836,NA,NA,NA,NA,NA,NA,NA,NA,NA,NA,NA,NA,NA,"",NA,NA,NA,-27492.24,-239426.9,1,"S",-0.121647079646018,-1.0594110619469
NA,"Sky-H5-8",-38.97879,-237.82707,NA,NA,NA,NA,269.6386226,-22.838025562,NA,NA,NA,NA,NA,NA,NA,NA,NA,NA,NA,NA,NA,"",NA,NA,NA,-38978.79,-237827.07,1,"S",-0.172472522123894,-1.05233216814159
NA,"Sky-H6-1",-57.40043,-229.94388,NA,NA,NA,NA,269.5552148,-22.806185282,NA,NA,NA,NA,NA,NA,NA,NA,NA,NA,NA,NA,NA,"",NA,NA,NA,-57400.43,-229943.88,3,"S",-0.253984203539823,-1.01745079646018
NA,"Sky-H6-2",-69.55194,-230.74573,NA,NA,NA,NA,269.5006325,-22.808376032,NA,NA,NA,NA,NA,NA,NA,NA,NA,NA,NA,NA,NA,"",NA,NA,NA,-69551.94,-230745.73,1,"S",-0.307751946902655,-1.02099880530973
NA,"Sky-H6-3",-80.57354,-227.13205,NA,NA,NA,NA,269.4509098,-22.793245455,NA,NA,NA,NA,NA,NA,NA,NA,NA,NA,NA,NA,NA,"",NA,NA,NA,-80573.54,-227132.05,1,"S",-0.356520088495575,-1.00500907079646
NA,"Sky-H6-4",-91.4085,-222.99226,NA,NA,NA,NA,269.4020449,-22.775912785,NA,NA,NA,NA,NA,NA,NA,NA,NA,NA,NA,NA,NA,"",NA,NA,NA,-91408.5,-222992.26,1,"S",-0.404462389380531,-0.986691415929204
NA,"Sky-H6-5",-102.03172,-218.33596,NA,NA,NA,NA,269.3541529,-22.756418841,NA,NA,NA,NA,NA,NA,NA,NA,NA,NA,NA,NA,NA,"",NA,NA,NA,-102031.72,-218335.96,1,"S",-0.45146778761062,-0.966088318584071
NA,"Sky-H6-6",-112.41861,-213.17391,NA,NA,NA,NA,269.3073463,-22.734809382,NA,NA,NA,NA,NA,NA,NA,NA,NA,NA,NA,NA,NA,"",NA,NA,NA,-112418.61,-213173.91,1,"S",-0.497427477876106,-0.943247389380531
NA,"Sky-H6-7",-122.54511,-207.51809,NA,NA,NA,NA,269.2617351,-22.711135329,NA,NA,NA,NA,NA,NA,NA,NA,NA,NA,NA,NA,NA,"",NA,NA,NA,-122545.11,-207518.09,1,"S",-0.542235,-0.918221637168142
NA,"Sky-H6-8",-132.38652,-201.3824,NA,NA,NA,NA,269.2174319,-22.685455706,NA,NA,NA,NA,NA,NA,NA,NA,NA,NA,NA,NA,NA,"",NA,NA,NA,-132386.52,-201382.4,1,"S",-0.585781061946903,-0.891072566371681
NA,"Sky-H7-1",-207.18967,-123.09956,NA,NA,NA,NA,268.8819895,-22.35813268,NA,NA,NA,NA,NA,NA,NA,NA,NA,NA,NA,NA,NA,"",NA,NA,NA,-207189.67,-123099.56,1,"S",-0.916768451327434,-0.544688318584071
NA,"Sky-H7-2",-212.87255,-112.98823,NA,NA,NA,NA,268.8566751,-22.315898787,NA,NA,NA,NA,NA,NA,NA,NA,NA,NA,NA,NA,NA,"",NA,NA,NA,-212872.55,-112988.23,1,"S",-0.941913938053097,-0.499947920353982
NA,"Sky-H7-3",-218.06235,-102.61518,NA,NA,NA,NA,268.8336004,-22.272582574,NA,NA,NA,NA,NA,NA,NA,NA,NA,NA,NA,NA,NA,"",NA,NA,NA,-218062.35,-102615.18,1,"S",-0.964877654867257,-0.454049469026549
NA,"Sky-H7-4",-222.74704,-92.00444,NA,NA,NA,NA,268.8128177,-22.228285235,NA,NA,NA,NA,NA,NA,NA,NA,NA,NA,NA,NA,NA,"",NA,NA,NA,-222747.04,-92004.44,1,"S",-0.985606371681416,-0.407099292035398
NA,"Sky-H7-5",-226.91579,-81.18059,NA,NA,NA,NA,268.7943733,-22.183110174,NA,NA,NA,NA,NA,NA,NA,NA,NA,NA,NA,NA,NA,"",NA,NA,NA,-226915.79,-81180.59,1,"S",-1.00405216814159,-0.359206150442478
NA,"Sky-H7-6",-230.55892,-70.1687,NA,NA,NA,NA,268.7783082,-22.137162748,NA,NA,NA,NA,NA,NA,NA,NA,NA,NA,NA,NA,NA,"",NA,NA,NA,-230558.92,-70168.7,1,"S",-1.02017221238938,-0.310480973451327
NA,"Sky-H7-7",-233.66801,-58.99428,NA,NA,NA,NA,268.7646578,-22.090550045,NA,NA,NA,NA,NA,NA,NA,NA,NA,NA,NA,NA,NA,"",NA,NA,NA,-233668.01,-58994.28,1,"S",-1.03392924778761,-0.261036637168142
NA,"Sky-H7-8",-236.23556,-47.68464,NA,NA,NA,NA,268.7534528,-22.043386554,NA,NA,NA,NA,NA,NA,NA,NA,NA,NA,NA,NA,NA,"",NA,NA,NA,-236235.56,-47684.64,1,"S",-1.04529008849558,-0.210993982300885
