#OBSTEMP,8
#CONFIGTEMP,19
#EQUINOX,J2000.0
#CENTRE,17 59 11.82,-21 51 39.4 #Field centre
#UTTIME,12 00 00.00 #Target observing time
#UTDATE,2021 07 10 #Target observing date
#PLATEID,a test_plateID
#LABEL,a test_label
#TILING_DATE,2021 06 07 # Date the tile was created/configured
#PROXIMITY,220 # tiling proximity value in arcseconds
"ID","RA","DEC","g_mag","r_mag","i_mag","z_mag","y_mag","GAIA_g_mag","GAIA_bp_mag","GAIA_rp_mag","pmRA","pmDEC","priority","remaining_observations","Tile_number","COMPLETED","MagnetX_noDC","MagnetY_noDC","type","MagnetX","MagnetY","Position","fibre_type","x","y","grads","gangs","gazAngs","gangs_gazAng"
"4069936676414174080",270.14764,-22.055763,NA,11.0059003829956,NA,NA,NA,NA,NA,NA,7.45161963487154,-26.0707434097788,NA,NA,NA,NA,78734.2760824625,-44031.5450515457,2,75433.26,-45578.9,NA,"G",-91.89084,-154.83498,180.049430733635,2.48262521120812,1.03518771707643,1.44743749413169
"4069976464991195136",270.5328,-21.684666,NA,11.4086999893188,NA,NA,NA,NA,NA,NA,-3.26546408430572,-7.41570941942578,NA,NA,NA,NA,165780.436082472,39836.376948454,2,160739.64,41222.6,NA,"G",-37.77461,120.72096,126.492969543662,0.372507424660496,-1.26753937917337,1.64004680383386
"4069926815170942336",270.56815,-22.088623,NA,11.4259004592896,NA,NA,NA,NA,NA,NA,-22.8226772463412,-7.17210201091266,NA,NA,NA,NA,173769.536082471,-51457.9050515464,2,168421.56,-54205.91,NA,"G",123.04287,45.25984,131.103016649742,4.23794460017502,3.49406955059908,0.743875049575939
"4070368376505816064",269.03455,-21.86783,NA,11.5804996490479,NA,NA,NA,NA,NA,NA,0.801774287970134,0.329035572537338,NA,NA,NA,NA,-172824.063917525,-1558.68705154548,2,-167360.38,-2079.42,NA,"G",76.53944,-197.21702,211.548667812383,0.359694604223527,1.94100003902799,4.70187987237512
"4070297316229990912",269.2731,-22.209093,NA,11.6814002990723,NA,NA,NA,NA,NA,NA,0.419752698707477,0.26229035280156,NA,NA,NA,NA,-118911.76391753,-78684.1250515458,2,-114420.29,-82014.81,NA,"G",-107.00298,-23.02498,109.452215294533,5.17071377231176,0.211948904289708,4.95876486802205
"4070788832285429504",269.6889,-21.28952,NA,12.1816997528076,NA,NA,NA,NA,NA,NA,0.0294551114628182,0.250313245807373,NA,NA,NA,NA,-24940.9639175324,129139.372948454,2,-24164.73,134091.04,NA,"G",67.85284,100.44623,121.216554221272,3.38950787045376,4.1182862480779,5.55440692955544
