#OBSTEMP,8
#CONFIGTEMP,19
#EQUINOX,J2000.0
#CENTRE,17 59 33.52,-21 51 28.8 #Field centre
#UTTIME,12 00 00.00 #Target observing time
#UTDATE,2021 07 10 #Target observing date
#PLATEID,a test_plateID
#LABEL,270_m20_comissioning Tile 002
#TILING_DATE,2021 06 07 # Date the tile was created/configured
#PROXIMITY,220 # tiling proximity value in arcseconds
"probe","ID","x","y","rads","angs","azAngs","angs_azAng","RA","DEC","g_mag","r_mag","i_mag","z_mag","y_mag","GAIA_g_mag","GAIA_bp_mag","GAIA_rp_mag","pmRA","pmDEC","priority","remaining_observations","Tile_number","COMPLETED","MagnetX_noDC","MagnetY_noDC","type","MagnetX","MagnetY","Position","fibre_type","fraction_plate_radius_X","fraction_plate_radius_Y"
1,"4070381123970610816",-130.57394,3.73325,130.627297923084,2.29653707590731,-0.0285832934994126,2.32512036940673,269.28986,-21.840878,18.2595996856689,17.0814990997314,16.4234008789063,16.0076999664307,15.7473001480103,16.921646,17.869709,15.907287,0.626458798600997,-0.303253749102693,1,1,-999,"False",-135554.728631572,3870.5093052635,1,-130573.94,3733.25,NA,"P",-0.577760796460177,0.0165188053097345
2,"4070594807237276160",-166.85617,86.44667,187.920217701975,1.74763039798365,-0.478015394592383,2.22564579257603,269.1323,-21.490976,19.7886009216309,17.6979007720947,16.6037006378174,15.8788995742798,15.430700302124,17.277067,18.623512,15.860195,1.6932444561981,0.331242878634742,1,1,-999,"False",-171163.288631582,82948.3613052635,1,-166856.17,86446.67,NA,"P",-0.738301637168142,0.382507389380531
3,"4070811136091297024",42.3296,189.26144,193.937329328403,2.68021438141224,4.49235342273177,4.47104626586005,270.0812,-21.059557,16.5727996826172,15.7541999816895,15.3768997192383,15.0865001678467,14.9974002838135,15.746538,16.392536,14.940368,-2.34310300641524,-5.87605601049322,1,1,-999,"False",43288.111368426,180449.055305263,1,42329.6,189261.44,NA,"P",0.187299115044248,0.83744
4,"4069954753957165440",196.13411,-10.42663,196.411058035562,-1.56745533619668,3.08848192990866,1.62724804107424,270.7807,-21.899742,18.5457000732422,17.0373001098633,16.1040000915527,15.4758996963501,15.0459003448486,16.700592,18.04307,15.549686,-0.437975188438901,-1.29190467806907,1,1,-999,"False",201375.111368426,-9432.75469473646,1,196134.11,-10426.63,NA,"P",0.867850044247788,-0.0461355309734513
5,"4069516456815284224",-62.81608,-182.80294,193.294528580635,2.53918635256195,1.23980999112521,1.29937636143674,269.60254,-22.62842,18.0410003662109,16.8449001312256,16.1585998535156,15.6510000228882,15.3030004501343,16.679901,17.667143,15.601497,0.509400477236328,-1.33426893406347,1,1,-999,"False",-64889.0486315847,-174113.982694737,1,-62816.08,-182802.94,NA,"P",-0.277947256637168,-0.808862566371681
6,"4070392497044374784",-165.94001,11.78071,166.357663024293,-1.28464166644111,-0.0708748756955089,5.06941851643399,269.13162,-21.80615,17.9936008453369,16.9179000854492,16.354700088501,15.9813995361328,15.8021001815796,16.826029,17.63531,15.801734,1.34937466669104,0.663212121189033,1,1,-999,"False",-171316.96863158,11719.0373052638,1,-165940.01,11780.71,NA,"P",-0.734247831858407,0.0521270353982301
7,"4070336902982064256",-76.86201,10.79106,77.6158202763051,3.50033126746691,-0.139483558290498,3.63981482575741,269.5348,-21.811296,19.1842994689941,17.6072998046875,16.5610008239746,15.9748001098633,15.8029003143311,17.334595,18.25282,16.006811,-1.37918746285799,0.0549649887021118,1,1,-999,"False",-80198.2886315752,10556.0413052638,1,-76862.01,10791.06,NA,"P",-0.340097389380531,0.0477480530973451
8,"4070381703746043776",-117.7903,15.66221,118.827015430726,-1.11192599223614,-0.132191473592382,5.30345078853583,269.3479,-21.790117,18.4964008331299,17.0011005401611,16.1287002563477,15.6215000152588,15.3028001785278,16.73969,17.990074,15.59756,-0.22330338368598,-7.27229275544948,1,1,-999,"False",-122437.688631584,15342.495305263,1,-117790.3,15662.21,NA,"P",-0.521196017699115,0.069301814159292
9,"4070797009903609728",16.03709,120.7812,121.841234929346,3.09831493688879,4.58038308978835,4.80111715428003,269.9633,-21.342342,17.4881992340088,16.1422996520996,15.3149003982544,14.7672004699707,14.4310998916626,15.87293,17.041113,14.7696295,0.210576557970915,0.859580967978685,1,1,-999,"False",16642.7113684215,116539.645305263,1,16037.09,120781.2,NA,"P",0.0709605752212389,0.534430088495575
10,"4069525772616618240",-67.82665,-166.95363,180.205352363351,-1.14226565777703,1.18490472300516,3.9560149263974,269.57895,-22.563515,19.7222003936768,17.6553993225098,16.4032001495361,15.5869998931885,15.0745000839233,17.050257,18.857372,15.717405,-2.03396763320743,-3.72425185575676,1,1,-999,"False",-70220.3886315748,-159445.452694736,1,-67826.65,-166953.63,NA,"P",-0.300117920353982,-0.738732876106195
11,"4070356037024592000",-182.77821,-23.73194,184.312449462774,2.14248123258578,0.129117752509092,2.01336348007669,269.05676,-21.956036,18.5230007171631,17.2444000244141,16.5259990692139,16.057300567627,15.7852001190186,17.087942,18.050274,15.992695,-3.00426040733247,-3.93028705914504,1,1,-999,"False",-188235.32863158,-22155.1986947359,1,-182778.21,-23731.94,NA,"P",-0.80875314159292,-0.105008584070796
12,"4069565114518868480",25.13656,-44.03842,50.7072882801871,3.88566580620646,2.08945870170333,1.79620710450313,270.0061,-22.047148,18.0011005401611,17.1415996551514,16.699800491333,16.4654006958008,16.3036994934082,17.11438,17.855623,16.304192,7.07431364153001,3.37685172795868,1,1,-999,"False",26315.5113684214,-42746.5106947365,1,25136.56,-44038.42,NA,"P",0.111223716814159,-0.194860265486726
13,"4070785533751025408",-111.1476,126.04697,168.052455001231,0.153060082488178,-0.848130712512088,1.00119079500027,269.38382,-21.3226,18.3843994140625,16.8332004547119,15.9175996780396,15.3443002700806,14.9913997650146,16.528929,17.778019,15.3365965,0.504281739298291,0.0458289855885947,1,1,-999,"False",-114319.768631576,121001.337305263,1,-111147.6,126046.97,NA,"P",-0.491803539823009,0.557729955752212
14,"4069479176501131136",57.12607,-205.24399,213.04573054808,4.3016573670445,1.84225807622969,2.4593992908148,270.1494,-22.719408,19.0541000366211,17.9125995635986,17.3043003082275,16.922700881958,16.6686992645264,17.81415,18.715467,16.87404,-0.981877073019848,-4.18648633212358,1,1,-999,"False",58701.3113684238,-194677.270694736,1,57126.07,-205243.99,NA,"P",0.252770221238938,-0.908159247787611
15,"4069545185870243968",39.53192,-105.98045,113.113343514764,1.37389362358841,1.92782246103,5.729256469738,270.0721,-22.310719,17.5496997833252,16.4650993347168,15.9098997116089,15.5569000244141,15.2123003005981,16.459593,17.20636,15.429263,1.03373235377621,-1.76646867608411,1,1,-999,"False",41231.5113684156,-102313.556694736,1,39531.92,-105980.45,NA,"P",0.17492,-0.468940044247788
16,"4070768491328479360",-54.23679,85.11513,100.926779124378,3.25269127697511,-1.00346009858827,4.25615137556338,269.64023,-21.493412,18.5634002685547,17.3647003173828,16.6005001068115,16.1650009155273,15.8852996826172,17.17963,18.155098,16.12324,-1.50056673097914,-2.98138549272881,1,1,-999,"False",-56371.1086315852,82397.8253052637,1,-54236.79,85115.13,NA,"P",-0.239985796460177,0.376615619469027
17,"4070275532159857536",-129.62343,-149.57248,197.924633076116,-1.03358412588527,0.856728737656537,4.39287244363778,269.2983,-22.487148,18.4389991760254,16.8064002990723,15.8463001251221,15.197699546814,14.7608995437622,16.451817,17.69204,15.243648,0.437228600136802,-1.56517555600827,1,1,-999,"False",-133647.288631583,-142186.510694737,1,-129623.43,-149572.48,NA,"P",-0.573555,-0.661825132743363
18,"4069958323049831552",162.68758,2.24331,162.703045841227,4.42253035010264,3.15538084711042,1.26714950299222,270.63327,-21.846972,17.6203994750977,16.4953002929688,15.874400138855,15.478099822998,15.2009000778198,16.378666,17.322687,15.420348,-0.967609930953151,-3.95888424395796,1,1,-999,"False",168055.931368429,2493.26530526329,1,162687.58,2243.31,NA,"P",0.719856548672566,0.00992615044247788
19,"4070804298503327872",30.21242,173.3023,175.916109289475,0.260822173085726,4.53978995049853,2.00421752976678,270.02698,-21.124203,19.4722995758057,16.8078994750977,14.6852998733521,13.5328998565674,12.845100402832,15.269602,18.119669,13.753606,0.798514156951756,0.287876375254375,1,1,-999,"False",31034.3913684162,165839.059305263,1,30212.42,173302.3,NA,"P",0.133683274336283,0.766824336283186
20,"4070718497904347904",37.98301,59.59867,70.6732659103073,3.46802448163434,4.14498429615038,5.60622549266355,270.08606,-22.16911,16.8967990875244,16.6707992553711,16.6462001800537,16.6203002929688,16.5793991088867,16.647326,16.822784,16.25248,-10.2662045716186,-1.53193570940034,1,NA,NA,"",44386.4713684278,-70309.9226947365,0,42487,-72661.63,NA,"P",0.187995575221239,-0.321511637168142
21,"4069560269795495680",42.487,-72.66163,84.1715964162312,0.961113450842479,2.09990775393474,5.14439100408733,270.06494,-21.60233,16.5198993682861,16.2612991333008,16.1679992675781,16.1026992797852,16.0648002624512,16.190025,16.426561,15.75585,-9.85335751054797,-5.68201640729068,1,NA,NA,"",39613.3513684158,57782.3573052638,0,37983.01,59598.67,NA,"P",0.168066415929204,0.26371092920354
NA,"Sky-A1-1",-226.46104,82.44066,NA,NA,NA,NA,268.8757743,-21.511288896,NA,NA,NA,NA,NA,NA,NA,NA,NA,NA,NA,NA,NA,"",NA,NA,NA,-226461.04,82440.66,1,"S",-1.00204,0.364781681415929
NA,"Sky-A1-2",-222.23219,93.24117,NA,NA,NA,NA,268.89501,-21.46641208,NA,NA,NA,NA,NA,NA,NA,NA,NA,NA,NA,NA,NA,"",NA,NA,NA,-222232.19,93241.17,1,"S",-0.983328274336283,0.412571548672566
NA,"Sky-A1-3",-217.48859,103.8257,NA,NA,NA,NA,268.9165324,-21.422445307,NA,NA,NA,NA,NA,NA,NA,NA,NA,NA,NA,NA,NA,"",NA,NA,NA,-217488.59,103825.7,1,"S",-0.96233889380531,0.459405752212389
NA,"Sky-A1-4",-212.24121,114.16975,NA,NA,NA,NA,268.9402901,-21.379489656,NA,NA,NA,NA,NA,NA,NA,NA,NA,NA,NA,NA,NA,"",NA,NA,NA,-212241.21,114169.75,1,"S",-0.939120398230089,0.505175884955752
NA,"Sky-A1-5",-206.50222,124.24934,NA,NA,NA,NA,268.9662267,-21.337643961,NA,NA,NA,NA,NA,NA,NA,NA,NA,NA,NA,NA,NA,"",NA,NA,NA,-206502.22,124249.34,1,"S",-0.913726637168142,0.549775840707965
NA,"Sky-A1-6",-200.2849,134.04112,NA,NA,NA,NA,268.994281,-21.297004353,NA,NA,NA,NA,NA,NA,NA,NA,NA,NA,NA,NA,NA,"",NA,NA,NA,-200284.9,134041.12,1,"S",-0.886216371681416,0.593102300884956
NA,"Sky-A1-7",-193.60365,143.52243,NA,NA,NA,NA,269.0243871,-21.257664032,NA,NA,NA,NA,NA,NA,NA,NA,NA,NA,NA,NA,NA,"",NA,NA,NA,-193603.65,143522.43,1,"S",-0.856653318584071,0.635055
NA,"Sky-A2-1",-3.01251,240.9813,NA,NA,NA,NA,269.8764868,-20.854096307,NA,NA,NA,NA,NA,NA,NA,NA,NA,NA,NA,NA,NA,"",NA,NA,NA,-3012.51,240981.3,1,"S",-0.0133296902654867,1.0662889380531
NA,"Sky-A2-2",8.5856,240.84715,NA,NA,NA,NA,269.9281873,-20.854677136,NA,NA,NA,NA,NA,NA,NA,NA,NA,NA,NA,NA,NA,"",NA,NA,NA,8585.6,240847.15,1,"S",0.0379893805309735,1.0656953539823
NA,"Sky-A2-3",20.16382,240.15512,NA,NA,NA,NA,269.9797987,-20.857567225,NA,NA,NA,NA,NA,NA,NA,NA,NA,NA,NA,NA,NA,"",NA,NA,NA,20163.82,240155.12,1,"S",0.0892204424778761,1.06263327433628
NA,"Sky-A2-4",31.69534,238.90682,NA,NA,NA,NA,270.0312036,-20.862759862,NA,NA,NA,NA,NA,NA,NA,NA,NA,NA,NA,NA,NA,"",NA,NA,NA,31695.34,238906.82,1,"S",0.140244867256637,1.05710982300885
NA,"Sky-A2-5",43.15344,237.10513,NA,NA,NA,NA,270.0822853,-20.870243163,NA,NA,NA,NA,NA,NA,NA,NA,NA,NA,NA,NA,NA,"",NA,NA,NA,43153.44,237105.13,1,"S",0.190944424778761,1.04913774336283
NA,"Sky-A2-6",54.51158,234.75423,NA,NA,NA,NA,270.1329275,-20.879999955,NA,NA,NA,NA,NA,NA,NA,NA,NA,NA,NA,NA,NA,"",NA,NA,NA,54511.58,234754.23,1,"S",0.241201681415929,1.03873553097345
NA,"Sky-A2-7",65.74346,231.85957,NA,NA,NA,NA,270.183015,-20.892007894,NA,NA,NA,NA,NA,NA,NA,NA,NA,NA,NA,NA,NA,"",NA,NA,NA,65743.46,231859.57,1,"S",0.290900265486726,1.02592730088496
NA,"Sky-A3-1",231.67752,66.38214,NA,NA,NA,NA,270.9268978,-21.578631134,NA,NA,NA,NA,NA,NA,NA,NA,NA,NA,NA,NA,NA,"",NA,NA,NA,231677.52,66382.14,1,"S",1.0251217699115,0.293726283185841
NA,"Sky-A3-2",234.60313,55.15828,NA,NA,NA,NA,270.9402925,-21.625280048,NA,NA,NA,NA,NA,NA,NA,NA,NA,NA,NA,NA,NA,"",NA,NA,NA,234603.13,55158.28,1,"S",1.03806694690265,0.244063185840708
NA,"Sky-A3-3",236.98531,43.80666,NA,NA,NA,NA,270.9512655,-21.672471825,NA,NA,NA,NA,NA,NA,NA,NA,NA,NA,NA,NA,NA,"",NA,NA,NA,236985.31,43806.66,1,"S",1.04860756637168,0.193834778761062
NA,"Sky-A3-4",238.81857,32.35357,NA,NA,NA,NA,270.9597896,-21.720097702,NA,NA,NA,NA,NA,NA,NA,NA,NA,NA,NA,NA,NA,"",NA,NA,NA,238818.57,32353.57,1,"S",1.05671933628319,0.143157389380531
NA,"Sky-A3-5",240.09865,20.82553,NA,NA,NA,NA,270.9658429,-21.768047849,NA,NA,NA,NA,NA,NA,NA,NA,NA,NA,NA,NA,NA,"",NA,NA,NA,240098.65,20825.53,1,"S",1.06238340707965,0.0921483628318584
NA,"Sky-A3-6",240.82258,9.24926,NA,NA,NA,NA,270.9694091,-21.816211488,NA,NA,NA,NA,NA,NA,NA,NA,NA,NA,NA,NA,NA,"",NA,NA,NA,240822.58,9249.26,1,"S",1.06558663716814,0.0409259292035398
NA,"Sky-A3-7",240.98869,2.34844,NA,NA,NA,NA,270.9703463,-21.844928894,NA,NA,NA,NA,NA,NA,NA,NA,NA,NA,NA,NA,NA,"",NA,NA,NA,240988.69,2348.44,1,"S",1.06632163716814,0.0103913274336283
NA,"Sky-A4-1",210.21182,-117.86456,NA,NA,NA,NA,270.83532,-22.345966692,NA,NA,NA,NA,NA,NA,NA,NA,NA,NA,NA,NA,NA,"",NA,NA,NA,210211.82,-117864.56,1,"S",0.930140796460177,-0.521524601769911
NA,"Sky-A4-2",204.2974,-127.84223,NA,NA,NA,NA,270.8089579,-22.387621803,NA,NA,NA,NA,NA,NA,NA,NA,NA,NA,NA,NA,NA,"",NA,NA,NA,204297.4,-127842.23,1,"S",0.903970796460177,-0.565673584070796
NA,"Sky-A4-3",197.90977,-137.52377,NA,NA,NA,NA,270.7804447,-22.428051212,NA,NA,NA,NA,NA,NA,NA,NA,NA,NA,NA,NA,NA,"",NA,NA,NA,197909.77,-137523.77,1,"S",0.875706946902655,-0.608512256637168
NA,"Sky-A4-4",191.06371,-146.88677,NA,NA,NA,NA,270.7498451,-22.467160459,NA,NA,NA,NA,NA,NA,NA,NA,NA,NA,NA,NA,NA,"",NA,NA,NA,191063.71,-146886.77,1,"S",0.845414646017699,-0.649941460176991
NA,"Sky-A4-5",183.77509,-155.90952,NA,NA,NA,NA,270.7172293,-22.504857934,NA,NA,NA,NA,NA,NA,NA,NA,NA,NA,NA,NA,NA,"",NA,NA,NA,183775.09,-155909.52,1,"S",0.813164115044248,-0.689865132743363
NA,"Sky-A4-6",176.06079,-164.57115,NA,NA,NA,NA,270.6826719,-22.541055468,NA,NA,NA,NA,NA,NA,NA,NA,NA,NA,NA,NA,NA,"",NA,NA,NA,176060.79,-164571.15,1,"S",0.779030044247788,-0.72819092920354
NA,"Sky-A4-7",167.93867,-172.85157,NA,NA,NA,NA,270.6462526,-22.575668109,NA,NA,NA,NA,NA,NA,NA,NA,NA,NA,NA,NA,NA,"",NA,NA,NA,167938.67,-172851.57,1,"S",0.743091460176991,-0.764829955752212
NA,"Sky-A5-1",-148.4702,-189.83588,NA,NA,NA,NA,269.219822,-22.646715293,NA,NA,NA,NA,NA,NA,NA,NA,NA,NA,NA,NA,NA,"",NA,NA,NA,-148470.2,-189835.88,1,"S",-0.656947787610619,-0.839981769911504
NA,"Sky-A5-2",-157.43205,-182.47249,NA,NA,NA,NA,269.1795469,-22.615909534,NA,NA,NA,NA,NA,NA,NA,NA,NA,NA,NA,NA,NA,"",NA,NA,NA,-157432.05,-182472.49,1,"S",-0.696601991150442,-0.807400398230088
NA,"Sky-A5-3",-166.02924,-174.68645,NA,NA,NA,NA,269.1409409,-22.583341155,NA,NA,NA,NA,NA,NA,NA,NA,NA,NA,NA,NA,NA,"",NA,NA,NA,-166029.24,-174686.45,1,"S",-0.734642654867257,-0.77294889380531
NA,"Sky-A5-4",-174.24185,-166.49577,NA,NA,NA,NA,269.1040936,-22.549086513,NA,NA,NA,NA,NA,NA,NA,NA,NA,NA,NA,NA,NA,"",NA,NA,NA,-174241.85,-166495.77,1,"S",-0.770981637168142,-0.736706946902655
NA,"Sky-A5-5",-182.05086,-157.91943,NA,NA,NA,NA,269.0690904,-22.513226012,NA,NA,NA,NA,NA,NA,NA,NA,NA,NA,NA,NA,NA,"",NA,NA,NA,-182050.86,-157919.43,1,"S",-0.805534778761062,-0.698758539823009
NA,"Sky-A5-6",-189.43818,-148.97731,NA,NA,NA,NA,269.0360122,-22.475843805,NA,NA,NA,NA,NA,NA,NA,NA,NA,NA,NA,NA,NA,"",NA,NA,NA,-189438.18,-148977.31,1,"S",-0.83822203539823,-0.659191637168142
NA,"Sky-A5-7",-196.38671,-139.6901,NA,NA,NA,NA,269.0049351,-22.437027406,NA,NA,NA,NA,NA,NA,NA,NA,NA,NA,NA,NA,NA,"",NA,NA,NA,-196386.71,-139690.1,1,"S",-0.868967743362832,-0.61809778761062
NA,"Sky-H1-1",-181.17025,158.92893,NA,NA,NA,NA,269.080321,-21.19376163,NA,NA,NA,NA,NA,NA,NA,NA,NA,NA,NA,NA,NA,"",NA,NA,NA,-181170.25,158928.93,1,"S",-0.801638274336283,0.703225353982301
NA,"Sky-H1-2",-173.31368,167.46173,NA,NA,NA,NA,269.115615,-21.158382264,NA,NA,NA,NA,NA,NA,NA,NA,NA,NA,NA,NA,NA,"",NA,NA,NA,-173313.68,167461.73,1,"S",-0.766874690265487,0.74098110619469
NA,"Sky-H1-3",-163.68583,174.14922,NA,NA,NA,NA,269.1583675,-21.130322407,NA,NA,NA,NA,NA,NA,NA,NA,NA,NA,NA,NA,NA,"",NA,NA,NA,-163685.83,174149.22,2,"S",-0.724273584070796,0.770571769911504
NA,"Sky-H1-4",-156.41534,183.34477,NA,NA,NA,NA,269.1914237,-21.092551818,NA,NA,NA,NA,NA,NA,NA,NA,NA,NA,NA,NA,NA,"",NA,NA,NA,-156415.34,183344.77,1,"S",-0.692103274336283,0.811260044247788
NA,"Sky-H1-5",-147.4127,190.65822,NA,NA,NA,NA,269.231763,-21.062251296,NA,NA,NA,NA,NA,NA,NA,NA,NA,NA,NA,NA,NA,"",NA,NA,NA,-147412.7,190658.22,1,"S",-0.652268584070796,0.843620442477876
NA,"Sky-H1-6",-138.06861,197.53006,NA,NA,NA,NA,269.2736026,-21.03378751,NA,NA,NA,NA,NA,NA,NA,NA,NA,NA,NA,NA,NA,"",NA,NA,NA,-138068.61,197530.06,1,"S",-0.610923053097345,0.874026814159292
NA,"Sky-H1-7",-128.4047,203.94434,NA,NA,NA,NA,269.3168465,-21.007225583,NA,NA,NA,NA,NA,NA,NA,NA,NA,NA,NA,NA,NA,"",NA,NA,NA,-128404.7,203944.34,1,"S",-0.568162389380531,0.902408584070796
NA,"Sky-H1-8",-118.44464,209.88551,NA,NA,NA,NA,269.3613894,-20.982629004,NA,NA,NA,NA,NA,NA,NA,NA,NA,NA,NA,NA,NA,"",NA,NA,NA,-118444.64,209885.51,1,"S",-0.524091327433628,0.928696946902655
NA,"Sky-H2-1",-100.81652,218.89973,NA,NA,NA,NA,269.4401695,-20.945322836,NA,NA,NA,NA,NA,NA,NA,NA,NA,NA,NA,NA,NA,"",NA,NA,NA,-100816.52,218899.73,1,"S",-0.446090796460177,0.968582876106195
NA,"Sky-H2-2",-90.16757,223.49692,NA,NA,NA,NA,269.4877304,-20.926304085,NA,NA,NA,NA,NA,NA,NA,NA,NA,NA,NA,NA,NA,"",NA,NA,NA,-90167.57,223496.92,1,"S",-0.398971548672566,0.988924424778761
NA,"Sky-H2-3",-79.30977,227.57641,NA,NA,NA,NA,269.536205,-20.9094322,NA,NA,NA,NA,NA,NA,NA,NA,NA,NA,NA,NA,NA,"",NA,NA,NA,-79309.77,227576.41,1,"S",-0.350928185840708,1.00697526548673
NA,"Sky-H2-4",-68.26826,231.12877,NA,NA,NA,NA,269.5854825,-20.894745493,NA,NA,NA,NA,NA,NA,NA,NA,NA,NA,NA,NA,NA,"",NA,NA,NA,-68268.26,231128.77,1,"S",-0.302071946902655,1.02269367256637
NA,"Sky-H2-5",-57.06862,234.14576,NA,NA,NA,NA,269.6354507,-20.882277407,NA,NA,NA,NA,NA,NA,NA,NA,NA,NA,NA,NA,NA,"",NA,NA,NA,-57068.62,234145.76,1,"S",-0.252516017699115,1.03604318584071
NA,"Sky-H2-6",-45.73679,236.62039,NA,NA,NA,NA,269.6859956,-20.872056273,NA,NA,NA,NA,NA,NA,NA,NA,NA,NA,NA,NA,NA,"",NA,NA,NA,-45736.79,236620.39,1,"S",-0.20237517699115,1.04699287610619
NA,"Sky-H2-7",-34.29902,238.54693,NA,NA,NA,NA,269.7370023,-20.864105281,NA,NA,NA,NA,NA,NA,NA,NA,NA,NA,NA,NA,NA,"",NA,NA,NA,-34299.02,238546.93,1,"S",-0.151765575221239,1.05551738938053
NA,"Sky-H2-8",-22.78326,239.92079,NA,NA,NA,NA,269.788348,-20.858442976,NA,NA,NA,NA,NA,NA,NA,NA,NA,NA,NA,NA,NA,"",NA,NA,NA,-22783.26,239920.79,1,"S",-0.100810884955752,1.0615964159292
NA,"Sky-H3-1",184.61356,154.91577,NA,NA,NA,NA,270.714422,-21.211050374,NA,NA,NA,NA,NA,NA,NA,NA,NA,NA,NA,NA,NA,"",NA,NA,NA,184613.56,154915.77,1,"S",0.816874159292035,0.685468008849557
NA,"Sky-H3-2",191.8534,145.85382,NA,NA,NA,NA,270.7469451,-21.248645124,NA,NA,NA,NA,NA,NA,NA,NA,NA,NA,NA,NA,NA,"",NA,NA,NA,191853.4,145853.82,1,"S",0.848908849557522,0.645370884955752
NA,"Sky-H3-3",198.64884,136.45402,NA,NA,NA,NA,270.7775055,-21.287648073,NA,NA,NA,NA,NA,NA,NA,NA,NA,NA,NA,NA,NA,"",NA,NA,NA,198648.84,136454.02,1,"S",0.878977168141593,0.603778849557522
NA,"Sky-H3-4",204.98415,126.73816,NA,NA,NA,NA,270.8060319,-21.327969768,NA,NA,NA,NA,NA,NA,NA,NA,NA,NA,NA,NA,NA,"",NA,NA,NA,204984.15,126738.16,1,"S",0.907009513274336,0.560788318584071
NA,"Sky-H3-5",210.84465,116.72873,NA,NA,NA,NA,270.8324575,-21.369517814,NA,NA,NA,NA,NA,NA,NA,NA,NA,NA,NA,NA,NA,"",NA,NA,NA,210844.65,116728.73,1,"S",0.93294092920354,0.516498805309734
NA,"Sky-H3-6",216.21677,106.44891,NA,NA,NA,NA,270.85672,-21.412196906,NA,NA,NA,NA,NA,NA,NA,NA,NA,NA,NA,NA,NA,"",NA,NA,NA,216216.77,106448.91,1,"S",0.956711371681416,0.471012876106195
NA,"Sky-H3-7",221.08806,95.92253,NA,NA,NA,NA,270.8787623,-21.455908986,NA,NA,NA,NA,NA,NA,NA,NA,NA,NA,NA,NA,NA,"",NA,NA,NA,221088.06,95922.53,1,"S",0.978265752212389,0.424435973451327
NA,"Sky-H3-8",225.44672,85.17533,NA,NA,NA,NA,270.8985295,-21.500547998,NA,NA,NA,NA,NA,NA,NA,NA,NA,NA,NA,NA,NA,"",NA,NA,NA,225446.72,85175.33,1,"S",0.99755185840708,0.376881991150442
NA,"Sky-H4-1",239.9828,-22.12059,NA,NA,NA,NA,270.9665195,-21.946793393,NA,NA,NA,NA,NA,NA,NA,NA,NA,NA,NA,NA,NA,"",NA,NA,NA,239982.8,-22120.59,1,"S",1.06187079646018,-0.0978787168141593
NA,"Sky-H4-2",238.64054,-33.64155,NA,NA,NA,NA,270.9608189,-21.994775869,NA,NA,NA,NA,NA,NA,NA,NA,NA,NA,NA,NA,NA,"",NA,NA,NA,238640.54,-33641.55,1,"S",1.05593159292035,-0.148856415929204
NA,"Sky-H4-3",236.74552,-45.08459,NA,NA,NA,NA,270.952632,-22.042447171,NA,NA,NA,NA,NA,NA,NA,NA,NA,NA,NA,NA,NA,"",NA,NA,NA,236745.52,-45084.59,1,"S",1.04754654867257,-0.199489336283186
NA,"Sky-H4-4",234.30213,-56.42319,NA,NA,NA,NA,270.9419753,-22.08969664,NA,NA,NA,NA,NA,NA,NA,NA,NA,NA,NA,NA,NA,"",NA,NA,NA,234302.13,-56423.19,1,"S",1.03673508849558,-0.249660132743363
NA,"Sky-H4-5",231.31601,-67.6311,NA,NA,NA,NA,270.9288713,-22.136414613,NA,NA,NA,NA,NA,NA,NA,NA,NA,NA,NA,NA,NA,"",NA,NA,NA,231316.01,-67631.1,1,"S",1.02352216814159,-0.299252654867257
NA,"Sky-H4-6",227.79409,-78.68236,NA,NA,NA,NA,270.9133482,-22.182492513,NA,NA,NA,NA,NA,NA,NA,NA,NA,NA,NA,NA,NA,"",NA,NA,NA,227794.09,-78682.36,1,"S",1.00793845132743,-0.34815203539823
NA,"Sky-H4-7",223.74453,-89.55136,NA,NA,NA,NA,270.8954399,-22.227823099,NA,NA,NA,NA,NA,NA,NA,NA,NA,NA,NA,NA,NA,"",NA,NA,NA,223744.53,-89551.36,1,"S",0.990020044247788,-0.396244955752212
NA,"Sky-H4-8",219.17732,-100.21161,NA,NA,NA,NA,270.8751886,-22.272295343,NA,NA,NA,NA,NA,NA,NA,NA,NA,NA,NA,NA,NA,"",NA,NA,NA,219177.32,-100211.61,1,"S",0.969811150442478,-0.443414203539823
NA,"Sky-H5-1",41.83481,-237.34134,NA,NA,NA,NA,270.0782947,-22.845539831,NA,NA,NA,NA,NA,NA,NA,NA,NA,NA,NA,NA,NA,"",NA,NA,NA,41834.81,-237341.34,1,"S",0.185109778761062,-1.05018292035398
NA,"Sky-H5-2",30.36687,-239.07931,NA,NA,NA,NA,270.0265226,-22.852823114,NA,NA,NA,NA,NA,NA,NA,NA,NA,NA,NA,NA,NA,"",NA,NA,NA,30366.87,-239079.31,1,"S",0.134366681415929,-1.05787305309735
NA,"Sky-H5-3",18.8286,-240.26349,NA,NA,NA,NA,269.9744255,-22.857787299,NA,NA,NA,NA,NA,NA,NA,NA,NA,NA,NA,NA,NA,"",NA,NA,NA,18828.6,-240263.49,1,"S",0.083312389380531,-1.06311278761062
NA,"Sky-H5-4",7.2467,-240.89115,NA,NA,NA,NA,269.9221266,-22.860420618,NA,NA,NA,NA,NA,NA,NA,NA,NA,NA,NA,NA,NA,"",NA,NA,NA,7246.7,-240891.15,1,"S",0.0320650442477876,-1.06589004424779
NA,"Sky-H5-5",-4.35197,-240.96083,NA,NA,NA,NA,269.8697494,-22.860716729,NA,NA,NA,NA,NA,NA,NA,NA,NA,NA,NA,NA,NA,"",NA,NA,NA,-4351.97,-240960.83,1,"S",-0.0192565044247788,-1.06619836283186
NA,"Sky-H5-6",-15.94057,-240.47237,NA,NA,NA,NA,269.8174176,-22.858674832,NA,NA,NA,NA,NA,NA,NA,NA,NA,NA,NA,NA,NA,"",NA,NA,NA,-15940.57,-240472.37,1,"S",-0.0705334955752212,-1.06403703539823
NA,"Sky-H5-7",-27.49224,-239.4269,NA,NA,NA,NA,269.765255,-22.854299636,NA,NA,NA,NA,NA,NA,NA,NA,NA,NA,NA,NA,NA,"",NA,NA,NA,-27492.24,-239426.9,1,"S",-0.121647079646018,-1.0594110619469
NA,"Sky-H5-8",-38.97879,-237.82707,NA,NA,NA,NA,269.7133913,-22.847602322,NA,NA,NA,NA,NA,NA,NA,NA,NA,NA,NA,NA,NA,"",NA,NA,NA,-38978.79,-237827.07,1,"S",-0.172472522123894,-1.05233216814159
NA,"Sky-H6-1",-58.36925,-233.82492,NA,NA,NA,NA,269.6258582,-22.830845563,NA,NA,NA,NA,NA,NA,NA,NA,NA,NA,NA,NA,NA,"",NA,NA,NA,-58369.25,-233824.92,1,"S",-0.258271017699115,-1.03462353982301
NA,"Sky-H6-2",-70.99489,-235.53286,NA,NA,NA,NA,269.5692829,-22.836474267,NA,NA,NA,NA,NA,NA,NA,NA,NA,NA,NA,NA,NA,"",NA,NA,NA,-70994.89,-235532.86,0,"S",-0.314136681415929,-1.04218079646018
NA,"Sky-H6-3",-80.57354,-227.13205,NA,NA,NA,NA,269.5256653,-22.802822004,NA,NA,NA,NA,NA,NA,NA,NA,NA,NA,NA,NA,NA,"",NA,NA,NA,-80573.54,-227132.05,1,"S",-0.356520088495575,-1.00500907079646
NA,"Sky-H6-4",-91.4085,-222.99226,NA,NA,NA,NA,269.476797,-22.785489262,NA,NA,NA,NA,NA,NA,NA,NA,NA,NA,NA,NA,NA,"",NA,NA,NA,-91408.5,-222992.26,1,"S",-0.404462389380531,-0.986691415929204
NA,"Sky-H6-5",-102.03172,-218.33596,NA,NA,NA,NA,269.4289017,-22.765995242,NA,NA,NA,NA,NA,NA,NA,NA,NA,NA,NA,NA,NA,"",NA,NA,NA,-102031.72,-218335.96,1,"S",-0.45146778761062,-0.966088318584071
NA,"Sky-H6-6",-112.41861,-213.17391,NA,NA,NA,NA,269.3820918,-22.744385701,NA,NA,NA,NA,NA,NA,NA,NA,NA,NA,NA,NA,NA,"",NA,NA,NA,-112418.61,-213173.91,1,"S",-0.497427477876106,-0.943247389380531
NA,"Sky-H6-7",-122.54511,-207.51809,NA,NA,NA,NA,269.3364775,-22.720711562,NA,NA,NA,NA,NA,NA,NA,NA,NA,NA,NA,NA,NA,"",NA,NA,NA,-122545.11,-207518.09,1,"S",-0.542235,-0.918221637168142
NA,"Sky-H6-8",-132.38652,-201.3824,NA,NA,NA,NA,269.2921712,-22.69503185,NA,NA,NA,NA,NA,NA,NA,NA,NA,NA,NA,NA,NA,"",NA,NA,NA,-132386.52,-201382.4,1,"S",-0.585781061946903,-0.891072566371681
NA,"Sky-H7-1",-207.18967,-123.09956,NA,NA,NA,NA,268.9567066,-22.367707964,NA,NA,NA,NA,NA,NA,NA,NA,NA,NA,NA,NA,NA,"",NA,NA,NA,-207189.67,-123099.56,1,"S",-0.916768451327434,-0.544688318584071
NA,"Sky-H7-2",-212.87255,-112.98823,NA,NA,NA,NA,268.9313906,-22.325473993,NA,NA,NA,NA,NA,NA,NA,NA,NA,NA,NA,NA,NA,"",NA,NA,NA,-212872.55,-112988.23,1,"S",-0.941913938053097,-0.499947920353982
NA,"Sky-H7-3",-218.06235,-102.61518,NA,NA,NA,NA,268.9083145,-22.282157706,NA,NA,NA,NA,NA,NA,NA,NA,NA,NA,NA,NA,NA,"",NA,NA,NA,-218062.35,-102615.18,1,"S",-0.964877654867257,-0.454049469026549
NA,"Sky-H7-4",-222.74704,-92.00444,NA,NA,NA,NA,268.8875305,-22.2378603,NA,NA,NA,NA,NA,NA,NA,NA,NA,NA,NA,NA,NA,"",NA,NA,NA,-222747.04,-92004.44,1,"S",-0.985606371681416,-0.407099292035398
NA,"Sky-H7-5",-226.91579,-81.18059,NA,NA,NA,NA,268.869085,-22.192685178,NA,NA,NA,NA,NA,NA,NA,NA,NA,NA,NA,NA,NA,"",NA,NA,NA,-226915.79,-81180.59,1,"S",-1.00405216814159,-0.359206150442478
NA,"Sky-H7-6",-230.55892,-70.1687,NA,NA,NA,NA,268.8530191,-22.146737699,NA,NA,NA,NA,NA,NA,NA,NA,NA,NA,NA,NA,NA,"",NA,NA,NA,-230558.92,-70168.7,1,"S",-1.02017221238938,-0.310480973451327
NA,"Sky-H7-7",-233.66801,-58.99428,NA,NA,NA,NA,268.8393679,-22.10012495,NA,NA,NA,NA,NA,NA,NA,NA,NA,NA,NA,NA,NA,"",NA,NA,NA,-233668.01,-58994.28,1,"S",-1.03392924778761,-0.261036637168142
NA,"Sky-H7-8",-236.23556,-47.68464,NA,NA,NA,NA,268.8281623,-22.052961421,NA,NA,NA,NA,NA,NA,NA,NA,NA,NA,NA,NA,NA,"",NA,NA,NA,-236235.56,-47684.64,1,"S",-1.04529008849558,-0.210993982300885
