#OBSTEMP,8
#CONFIGTEMP,19
#EQUINOX,J2000.0
#CENTRE,17 59 17.48,-21 51 17.8 #Field centre
#UTTIME,12 00 00.00 #Target observing time
#UTDATE,2021 07 10 #Target observing date
#PLATEID,a test_plateID
#LABEL,a test_label
#TILING_DATE,2021 06 07 # Date the tile was created/configured
#PROXIMITY,220 # tiling proximity value in arcseconds
"ID","RA","DEC","g_mag","r_mag","i_mag","z_mag","y_mag","GAIA_g_mag","GAIA_bp_mag","GAIA_rp_mag","pmRA","pmDEC","priority","remaining_observations","Tile_number","COMPLETED","MagnetX_noDC","MagnetY_noDC","type","MagnetX","MagnetY","Position","fibre_type","x","y","grads","gangs","gazAngs","gangs_gazAng"
"4069936676414174080",270.14764,-22.055763,NA,11.0059003829956,NA,NA,NA,NA,NA,NA,7.45161963487154,-26.0707434097788,NA,NA,NA,NA,73404.1438709575,-45383.9275483864,2,70302.87,-46950.02,NA,"G",-166.47689,-65.68873,178.968053442744,5.02025596217359,0.375826697380156,4.64442926479344
"4069926815170942336",270.56815,-22.088623,NA,11.4259004592896,NA,NA,NA,NA,NA,NA,-22.8226772463412,-7.17210201091266,NA,NA,NA,NA,168439.403870966,-52810.2875483871,2,163108.26,-55545.53,NA,"G",193.31553,55.7793,201.201949413198,0.969492232695584,3.42250298753703,3.83017455233814
"4070368376505816064",269.03455,-21.86783,NA,11.5804996490479,NA,NA,NA,NA,NA,NA,0.801774287970134,0.329035572537338,NA,NA,NA,NA,-178154.19612903,-2911.06954838616,2,-172696.4,-3521.3,NA,"G",121.0149,-124.86325,173.88340122787,0.966769092657489,2.34054431629366,4.90941008354341
"4070297316229990912",269.2731,-22.209093,NA,11.6814002990723,NA,NA,NA,NA,NA,NA,0.419752698707477,0.26229035280156,NA,NA,NA,NA,-124241.896129035,-80036.5075483865,2,-119645.56,-83506.72,NA,"G",-25.10495,-64.83958,69.5300629158273,1.72533047967033,1.20138544372801,0.523945035942327
"4070769865709852288",269.6652,-21.428143,NA,11.9498996734619,NA,NA,NA,NA,NA,NA,-2.28703884745424,-7.06313497192834,NA,NA,NA,NA,-35627.296129029,96458.1924516137,2,-34323.15,99732.98,NA,"G",-58.64678,12.7382,60.0142195117824,5.65167026977957,-0.213879948768188,5.86555021854775
"4070349233794663296",269.0625,-22.130934,NA,12.7568998336792,NA,NA,NA,NA,NA,NA,-6.45441689764226,-16.0514976925528,NA,NA,NA,NA,-171837.496129035,-62372.5735483866,2,-166476.89,-65688.73,NA,"G",59.80588,-186.35949,195.720726535629,4.16623854038721,1.88133063555048,2.28490790483673
