#OBSTEMP,8
#CONFIGTEMP,19
#EQUINOX,J2000.0
#CENTRE,17 59 33.52,-21 51 28.8 #Field centre
#UTTIME,12 00 00.00 #Target observing time
#UTDATE,2021 07 10 #Target observing date
#PLATEID,a test_plateID
#LABEL,270_m20_comissioning Tile 002
#TILING_DATE,2021 06 07 # Date the tile was created/configured
#PROXIMITY,220 # tiling proximity value in arcseconds
"ID","RA","DEC","g_mag","r_mag","i_mag","z_mag","y_mag","GAIA_g_mag","GAIA_bp_mag","GAIA_rp_mag","pmRA","pmDEC","priority","remaining_observations","Tile_number","COMPLETED","MagnetX_noDC","MagnetY_noDC","type","MagnetX","MagnetY","Position","fibre_type","x","y","grads","gangs","gazAngs","gangs_gazAng"
"4069936676414174080",270.14764,-22.055763,NA,11.0059003829956,NA,NA,NA,NA,NA,NA,7.45161963487154,-26.0707434097788,NA,NA,NA,NA,58303.5513684132,-44693.5006947362,2,55779.35,-46160.2,NA,"G",-181.63497,-65.23503,192.994485584438,5.13181962266633,0.344806948146361,4.78701267451997
"4069976464991195136",270.5328,-21.684666,NA,11.4086999893188,NA,NA,NA,NA,NA,NA,-3.26546408430572,-7.41570941942578,NA,NA,NA,NA,145349.711368423,39174.4213052635,2,140516.21,40496.96,NA,"G",-125.7806,166.73657,208.858428395229,2.68667289821714,-0.92450606192218,3.61117896013932
"4069926815170942336",270.56815,-22.088623,NA,11.4259004592896,NA,NA,NA,NA,NA,NA,-22.8226772463412,-7.17210201091266,NA,NA,NA,NA,153338.811368421,-52119.8606947369,2,148087.91,-54612.33,NA,"G",170.18617,117.87847,207.023346868922,0.224279640514215,3.74736478610164,2.76010016159216
"4070297316229990912",269.2731,-22.209093,NA,11.6814002990723,NA,NA,NA,NA,NA,NA,0.419752698707477,0.26229035280156,NA,NA,NA,NA,-139342.48863158,-79346.0806947363,2,-134391.44,-82971.53,NA,"G",-111.91766,-155.97739,191.975281771086,2.40024052242694,0.948405263797641,1.4518352586293
"4069458045260931840",270.05502,-22.764162,NA,12.3839998245239,NA,NA,NA,NA,NA,NA,-3.14348588571836,-4.91018997424881,NA,NA,NA,NA,37371.4313684236,-204791.674694736,2,36433.51,-216216.45,NA,"G",189.23855,-83.99195,207.040760409406,4.35704189468316,2.72387180225437,1.63317009242879
"4069985226725356160",270.70035,-21.532795,NA,12.6087999343872,NA,NA,NA,NA,NA,NA,-4.71445790587273,-2.73456157274179,NA,NA,NA,NA,183216.011368424,73497.2673052635,2,178847.92,76706.4,NA,"G",-187.90558,-2.89043,187.927809492691,4.82099677521574,0.015381140132209,4.80561563508353
