#OBSTEMP,8
#CONFIGTEMP,19
#EQUINOX,J2000.0
#CENTRE,17 59 15.57,-21 50 54.3 #Field centre
#UTTIME,12 00 00.00 #Target observing time
#UTDATE,2021 07 10 #Target observing date
#PLATEID,a test_plateID
#LABEL,a test_label
#TILING_DATE,2021 06 07 # Date the tile was created/configured
#PROXIMITY,220 # tiling proximity value in arcseconds
"ID","RA","DEC","g_mag","r_mag","i_mag","z_mag","y_mag","GAIA_g_mag","GAIA_bp_mag","GAIA_rp_mag","pmRA","pmDEC","priority","remaining_observations","Tile_number","COMPLETED","MagnetX_noDC","MagnetY_noDC","type","MagnetX","MagnetY","Position","fibre_type","x","y","grads","gangs","gazAngs","gangs_gazAng"
"4069936676414174080",270.14764,-22.055763,NA,11.0059003829956,NA,NA,NA,NA,NA,NA,7.45161963487154,-26.0707434097788,NA,NA,NA,NA,75204.1916853822,-46857.8725168532,2,72043.36,-48487.26,NA,"G",-165.77497,-127.56699,209.176187975976,2.605763033815,0.655876686064383,1.94988634775061
"4070368376505816064",269.03455,-21.86783,NA,11.5804996490479,NA,NA,NA,NA,NA,NA,0.801774287970134,0.329035572537338,NA,NA,NA,NA,-176354.148314605,-4385.014516853,2,-170894.29,-5049.83,NA,"G",172.87929,-99.96094,199.698368637773,4.41614459981433,2.61734756106843,1.7987970387459
"4070297316229990912",269.2731,-22.209093,NA,11.6814002990723,NA,NA,NA,NA,NA,NA,0.419752698707477,0.26229035280156,NA,NA,NA,NA,-122441.848314611,-81510.4525168533,2,-117901.89,-85026.59,NA,"G",-26.01778,-203.65654,205.311741410227,5.3891909914867,1.44373138840314,3.94545960308357
"4070769865709852288",269.6652,-21.428143,NA,11.9498996734619,NA,NA,NA,NA,NA,NA,-2.28703884745424,-7.06313497192834,NA,NA,NA,NA,-33827.2483146043,94984.2474831468,2,-32582.03,98187.24,NA,"G",-111.50685,135.57619,175.541108837328,0.261919899606291,-0.88250574061675,1.14442564022304
"4070726508051615232",270.36368,-21.66716,NA,12.2666997909546,NA,NA,NA,NA,NA,NA,-0.223468087667875,-0.722618253573241,NA,NA,NA,NA,124029.231685387,40966.4054831467,2,119565.61,42312,NA,"G",110.67341,166.34378,199.797039081455,2.60017339536924,4.12531273724915,4.75804596529967
"4069879025089245952",270.5733,-22.166632,NA,12.9923000335693,NA,NA,NA,NA,NA,NA,-7.4029581988945,-44.6577331159,NA,NA,NA,NA,171403.351685394,-71914.2665168534,2,166240.85,-75681.37,NA,"G",-164.69772,-67.20713,177.882369266983,4.88287535298292,0.387438294658108,4.49543705832482
