#OBSTEMP,8
#CONFIGTEMP,19
#EQUINOX,J2000.0
#CENTRE,17 59 32.36,-21 51 06.3 #Field centre
#UTTIME,12 00 00.00 #Target observing time
#UTDATE,2021 07 10 #Target observing date
#PLATEID,a test_plateID
#LABEL,a test_label
#TILING_DATE,2021 06 07 # Date the tile was created/configured
#PROXIMITY,220 # tiling proximity value in arcseconds
"ID","RA","DEC","g_mag","r_mag","i_mag","z_mag","y_mag","GAIA_g_mag","GAIA_bp_mag","GAIA_rp_mag","pmRA","pmDEC","priority","remaining_observations","Tile_number","COMPLETED","MagnetX_noDC","MagnetY_noDC","type","MagnetX","MagnetY","Position","fibre_type","x","y","grads","gangs","gazAngs","gangs_gazAng"
"4069936676414174080",270.14764,-22.055763,NA,11.0059003829956,NA,NA,NA,NA,NA,NA,7.45161963487154,-26.0707434097788,NA,NA,NA,NA,59400.2753846016,-46104.7028351648,2,56837.75,-47625.71,NA,"G",-41.37308,-202.96678,207.140641913302,5.21209248708604,1.36970963218805,3.84238285489799
"4069976464991195136",270.5328,-21.684666,NA,11.4086999893188,NA,NA,NA,NA,NA,NA,-3.26546408430572,-7.41570941942578,NA,NA,NA,NA,146446.435384611,37763.219164835,2,141591.94,39028.68,NA,"G",-127.17778,136.60957,186.64501692066,3.06860514682919,-0.821138215961472,3.88974336279066
"4069926815170942336",270.56815,-22.088623,NA,11.4259004592896,NA,NA,NA,NA,NA,NA,-22.8226772463412,-7.17210201091266,NA,NA,NA,NA,154435.53538461,-53531.0628351655,2,149189.05,-56103.13,NA,"G",171.26361,116.39072,207.07009395939,0.1188765196171,3.73849562057596,2.66356620622073
"4070297316229990912",269.2731,-22.209093,NA,11.6814002990723,NA,NA,NA,NA,NA,NA,0.419752698707477,0.26229035280156,NA,NA,NA,NA,-138245.764615391,-80757.2828351649,2,-133330.9,-84435.86,NA,"G",130.40678,-169.55222,213.901574507755,0.408508618855175,2.22642523594886,4.4652686900859
"4070769865709852288",269.6652,-21.428143,NA,11.9498996734619,NA,NA,NA,NA,NA,NA,-2.28703884745424,-7.06313497192834,NA,NA,NA,NA,-49631.1646153848,95737.4171648353,2,-47830.78,99021.64,NA,"G",-110.86976,-157.47567,192.589434612614,5.01637938137144,0.957361594124015,4.05901778724743
"4070726508051615232",270.36368,-21.66716,NA,12.2666997909546,NA,NA,NA,NA,NA,NA,-0.223468087667875,-0.722618253573241,NA,NA,NA,NA,108225.315384606,41719.5751648352,2,104129.67,43058.28,NA,"G",95.07097,166.95793,192.128706149357,2.73554338882435,4.19475025427561,4.82397844172833
