#OBSTEMP,8
#CONFIGTEMP,19
#EQUINOX,J2000.0
#CENTRE,20 00 37.70,-22 00 59.5 #Field centre
#UTTIME,12 00 00.00 #Target observing time
#UTDATE,2021 07 10 #Target observing date
#PLATEID,a test_plateID
#LABEL,a test_label
#TILING_DATE,2021 06 07 # Date the tile was created/configured
#PROXIMITY,220 # tiling proximity value in arcseconds
"ID","RA","DEC","g_mag","r_mag","i_mag","z_mag","y_mag","GAIA_g_mag","GAIA_bp_mag","GAIA_rp_mag","pmRA","pmDEC","priority","remaining_observations","Tile_number","COMPLETED","MagnetX_noDC","MagnetY_noDC","type","MagnetX","MagnetY","Position","fibre_type","x","y","grads","gangs","gazAngs","gangs_gazAng"
"6864235050507494528",300.73398,-22.083553,NA,11.1969995498657,NA,NA,NA,NA,NA,NA,11.8207138893405,-47.3446832355894,NA,NA,NA,NA,130375.916941181,-15149.9286117647,2,125324.55,-15918.48,NA,"G",-107.10074,-177.81065,207.574554707387,2.71878518438878,1.02866514096744,1.69012004342134
"6865825906392800384",300.3992,-21.50024,NA,11.7093000411987,NA,NA,NA,NA,NA,NA,1.18179553357165,-5.20155589946197,NA,NA,NA,NA,54715.636941189,116678.809388235,2,52784.82,121075.65,NA,"G",-73.5138,197.49247,210.731000323021,0.43176862464154,-1.21445112008012,1.64621974472166
"6864536076175760128",299.93243,-21.221102,NA,12.2386999130249,NA,NA,NA,NA,NA,NA,1.45566444745194,-12.0459181073714,NA,NA,NA,NA,-50774.3830588231,179763.997388235,2,-49723.73,188528.36,NA,"G",0.46766,207.62146,207.621986693142,2.78179695858367,4.71013651954034,4.35484574622292
"6864317097262996096",299.99063,-21.762323,NA,12.3168001174927,NA,NA,NA,NA,NA,NA,0.857401274660125,-2.78388136381946,NA,NA,NA,NA,-37621.1830588233,57448.0513882345,2,-36058.28,59224.71,NA,"G",161.76444,-117.12516,199.714889664089,4.56588605194749,2.51490899052974,2.05097706141775
"6865743889697129344",300.8598,-21.82489,NA,12.3591995239258,NA,NA,NA,NA,NA,NA,-8.93701048879623,-5.31345667673726,NA,NA,NA,NA,158811.236941189,43307.909388235,2,153636.28,44832.81,NA,"G",-200.15528,-47.17481,205.639487478486,4.68471667026174,0.231466752532403,4.45324991772934
"6864297275993255168",300.32556,-21.936121,NA,13.1969995498657,NA,NA,NA,NA,NA,NA,-0.518102247488317,-2.85894154964932,NA,NA,NA,NA,38072.9969411864,18169.703388235,2,36333.79,18689.19,NA,"G",0.60166,159.83337,159.834502408937,2.90602562161508,4.70862470288619,4.48058622590847
