#OBSTEMP,8
#CONFIGTEMP,19
#EQUINOX,J2000.0
#CENTRE,19 59 40.71,-21 57 34.0 #Field centre
#UTTIME,12 00 00.00 #Target observing time
#UTDATE,2021 07 10 #Target observing date
#PLATEID,a test_plateID
#LABEL,300_m20_comissioning Tile 012
#TILING_DATE,2021 06 07 # Date the tile was created/configured
#PROXIMITY,220 # tiling proximity value in arcseconds
"ID","RA","DEC","g_mag","r_mag","i_mag","z_mag","y_mag","GAIA_g_mag","GAIA_bp_mag","GAIA_rp_mag","pmRA","pmDEC","priority","remaining_observations","Tile_number","COMPLETED","MagnetX_noDC","MagnetY_noDC","type","MagnetX","MagnetY","Position","fibre_type","x","y","grads","gangs","gazAngs","gangs_gazAng"
"6864397331552485504",299.0445,-21.900139,NA,10.7496004104614,NA,NA,NA,NA,NA,NA,19.2359437314273,-21.3549588838021,NA,NA,NA,NA,-197784.137894721,13402.3263421043,2,-192445.96,13452.18,NA,"G",-168.86675,-116.54314,205.178660529359,2.86446432589023,0.60408359742548,2.26038072846475
"6864235050507494528",300.73398,-22.083553,NA,11.1969995498657,NA,NA,NA,NA,NA,NA,11.8207138893405,-47.3446832355894,NA,NA,NA,NA,184038.342105267,-28049.2376578947,2,178492.83,-29784.4,NA,"G",-192.44596,13.45218,192.915548017971,4.77423064526277,-0.0697875609967831,4.84401820625955
"6865825906392800384",300.3992,-21.50024,NA,11.7093000411987,NA,NA,NA,NA,NA,NA,1.18179553357165,-5.20155589946197,NA,NA,NA,NA,108378.062105274,103779.500342105,2,104858.83,107840.6,NA,"G",15.1168,203.62547,204.185821434694,2.6765153240039,4.63828665759883,4.32141397358465
"6864153270030444288",299.15057,-22.447823,NA,12.0662002563477,NA,NA,NA,NA,NA,NA,9.06264939074602,-12.5170083484214,NA,NA,NA,NA,-173812.317894724,-110374.257657895,2,-168866.75,-116543.14,NA,"G",37.53974,-203.9097,207.336436338039,4.24943038203742,1.75285756663144,2.49657281540598
"6864297275993255168",300.32556,-21.936121,NA,13.1969995498657,NA,NA,NA,NA,NA,NA,-0.518102247488317,-2.85894154964932,NA,NA,NA,NA,91735.4221052718,5270.39434210497,2,87929.67,5355.09,NA,"G",163.32454,-114.14477,199.25846000751,4.24383049260529,2.53161664215194,1.71221385045334
"6864253432967543680",300.68863,-21.910965,NA,13.5031995773315,NA,NA,NA,NA,NA,NA,4.98119987526924,-5.37968384761146,NA,NA,NA,NA,173789.24210527,10955.6503421048,2,168321.12,11063.85,NA,"G",-174.06604,-70.55925,187.82330537461,5.06629638030302,0.385117720168679,4.68117866013435
