#OBSTEMP,8
#CONFIGTEMP,19
#EQUINOX,J2000.0
#CENTRE,19 59 39.88,-21 56 58.1 #Field centre
#UTTIME,12 00 00.00 #Target observing time
#UTDATE,2021 07 10 #Target observing date
#PLATEID,a test_plateID
#LABEL,300_m20_comissioning Tile 004
#TILING_DATE,2021 06 07 # Date the tile was created/configured
#PROXIMITY,220 # tiling proximity value in arcseconds
"ID","RA","DEC","g_mag","r_mag","i_mag","z_mag","y_mag","GAIA_g_mag","GAIA_bp_mag","GAIA_rp_mag","pmRA","pmDEC","priority","remaining_observations","Tile_number","COMPLETED","MagnetX_noDC","MagnetY_noDC","type","MagnetX","MagnetY","Position","fibre_type","x","y","grads","gangs","gazAngs","gangs_gazAng"
"6864397331552485504",299.0445,-21.900139,NA,10.7496004104614,NA,NA,NA,NA,NA,NA,19.2359437314273,-21.3549588838021,NA,NA,NA,NA,-197000.946593398,11149.2977362633,2,-191644.76,11091.76,NA,"G",-34.03654,-21.73741,40.385653995939,1.73591058885207,0.56835433727237,1.1675562515797
"6865825906392800384",300.3992,-21.50024,NA,11.7093000411987,NA,NA,NA,NA,NA,NA,1.18179553357165,-5.20155589946197,NA,NA,NA,NA,109161.253406598,101526.471736264,2,105597.76,105474.4,NA,"G",51.47954,19.67479,55.1111640246847,3.71585849103345,3.50664896435705,0.209209526676398
"6864153270030444288",299.15057,-22.447823,NA,12.0662002563477,NA,NA,NA,NA,NA,NA,9.06264939074602,-12.5170083484214,NA,NA,NA,NA,-173029.126593401,-112627.286263736,2,-168136.22,-118930.43,NA,"G",120.48143,-128.96711,176.488782750058,0.67801059582309,2.32218984523031,4.63900605777237
"6864536076175760128",299.93243,-21.221102,NA,12.2386999130249,NA,NA,NA,NA,NA,NA,1.45566444745194,-12.0459181073714,NA,NA,NA,NA,3671.23340658543,164611.659736264,2,3504.68,171886.09,NA,"G",-72.07881,-68.42915,99.3876421932757,5.31058674086512,0.759429246488941,4.55115749437618
"6864102765514781824",299.6684,-22.763258,NA,12.4708003997803,NA,NA,NA,NA,NA,NA,0.667362018119078,0.219642849785303,NA,NA,NA,NA,-55999.5465933997,-183915.596263736,2,-54182.74,-193324.72,NA,"G",15.87674,201.14668,201.772291824348,2.68587554009363,4.63362113130716,4.33543971596606
"6864253432967543680",300.68863,-21.910965,NA,13.5031995773315,NA,NA,NA,NA,NA,NA,4.98119987526924,-5.37968384761146,NA,NA,NA,NA,174572.433406593,8702.62173626372,2,169102.08,8709.1,NA,"G",-104.7804,-59.27662,120.385422301807,5.1980908363111,0.514833970698239,4.68325686561286
