#OBSTEMP,8
#CONFIGTEMP,19
#EQUINOX,J2000.0
#CENTRE,19 59 46.64,-21 56 41.0 #Field centre
#UTTIME,12 00 00.00 #Target observing time
#UTDATE,2021 07 10 #Target observing date
#PLATEID,a test_plateID
#LABEL,300_m20_comissioning Tile 008
#TILING_DATE,2021 06 07 # Date the tile was created/configured
#PROXIMITY,220 # tiling proximity value in arcseconds
"ID","RA","DEC","g_mag","r_mag","i_mag","z_mag","y_mag","GAIA_g_mag","GAIA_bp_mag","GAIA_rp_mag","pmRA","pmDEC","priority","remaining_observations","Tile_number","COMPLETED","MagnetX_noDC","MagnetY_noDC","type","MagnetX","MagnetY","Position","fibre_type","x","y","grads","gangs","gazAngs","gangs_gazAng"
"6864397331552485504",299.0445,-21.900139,NA,10.7496004104614,NA,NA,NA,NA,NA,NA,19.2359437314273,-21.3549588838021,NA,NA,NA,NA,-203365.555421674,10072.9425301197,2,-198029.61,9935.43,NA,"G",-138.29695,-153.08093,206.300309037499,2.65637211098593,0.836092859652956,1.82027925133298
"6864235050507494528",300.73398,-22.083553,NA,11.1969995498657,NA,NA,NA,NA,NA,NA,11.8207138893405,-47.3446832355894,NA,NA,NA,NA,178456.924578314,-31378.6214698793,2,172912.36,-33209.78,NA,"G",9.98111,42.42862,43.5868139686362,3.50469233580159,4.48134509391176,5.30653254906942
"6865825906392800384",300.3992,-21.50024,NA,11.7093000411987,NA,NA,NA,NA,NA,NA,1.18179553357165,-5.20155589946197,NA,NA,NA,NA,102796.644578321,100450.116530121,2,99407.51,104338.82,NA,"G",156.63508,-140.53916,210.441924958198,4.64450417296711,2.41030485884245,2.23419931412466
"6864536076175760128",299.93243,-21.221102,NA,12.2386999130249,NA,NA,NA,NA,NA,NA,1.45566444745194,-12.0459181073714,NA,NA,NA,NA,-2693.37542169069,163535.304530121,2,-2688.96,170721.26,NA,"G",-66.25233,-24.53929,70.6508880633004,5.21273838074586,0.354724101471566,4.8580142792743
"6864317097262996096",299.99063,-21.762323,NA,12.3168001174927,NA,NA,NA,NA,NA,NA,0.857401274660125,-2.78388136381946,NA,NA,NA,NA,10459.8245783092,41219.3585301198,2,9981.11,42428.62,NA,"G",-198.02961,9.93543,198.278690751268,4.73763573758751,-0.0501294032193469,4.78776514080686
"6865743889697129344",300.8598,-21.82489,NA,12.3591995239258,NA,NA,NA,NA,NA,NA,-8.93701048879623,-5.31345667673726,NA,NA,NA,NA,206892.244578321,27079.2165301203,2,201900.17,27925.87,NA,"G",32.14705,-207.54382,210.018737363824,3.96857863133394,1.7244679713156,2.24411066001834
