#OBSTEMP,8
#CONFIGTEMP,19
#EQUINOX,J2000.0
#CENTRE,20 00 34.43,-22 02 50.0 #Field centre
#UTTIME,12 00 00.00 #Target observing time
#UTDATE,2021 07 10 #Target observing date
#PLATEID,a test_plateID
#LABEL,300_m20_comissioning Tile 003
#TILING_DATE,2021 06 07 # Date the tile was created/configured
#PROXIMITY,220 # tiling proximity value in arcseconds
"ID","RA","DEC","g_mag","r_mag","i_mag","z_mag","y_mag","GAIA_g_mag","GAIA_bp_mag","GAIA_rp_mag","pmRA","pmDEC","priority","remaining_observations","Tile_number","COMPLETED","MagnetX_noDC","MagnetY_noDC","type","MagnetX","MagnetY","Position","fibre_type","x","y","grads","gangs","gazAngs","gangs_gazAng"
"6864235050507494528",300.73398,-22.083553,NA,11.1969995498657,NA,NA,NA,NA,NA,NA,11.8207138893405,-47.3446832355894,NA,NA,NA,NA,133459.34258065,-8208.05025806406,2,128325.56,-8730.22,NA,"G",-4.40366,-161.85527,161.915164972798,5.32047144287096,1.5435956437982,3.77687579907276
"6865825906392800384",300.3992,-21.50024,NA,11.7093000411987,NA,NA,NA,NA,NA,NA,1.18179553357165,-5.20155589946197,NA,NA,NA,NA,57799.0625806574,123620.687741936,2,55825.01,128427.66,NA,"G",-6.69912,129.72723,129.900086267282,0.0347445787954708,-1.51920211118733,1.5539466899828
"6864536076175760128",299.93243,-21.221102,NA,12.2386999130249,NA,NA,NA,NA,NA,NA,1.45566444745194,-12.0459181073714,NA,NA,NA,NA,-47690.9574193547,186705.875741936,2,-46760.98,196022.24,NA,"G",115.25108,74.01097,136.968737752479,3.49624505327393,3.71244490215796,6.06698545829555
"6864317097262996096",299.99063,-21.762323,NA,12.3168001174927,NA,NA,NA,NA,NA,NA,0.857401274660125,-2.78388136381946,NA,NA,NA,NA,-34537.7574193549,64389.9297419351,2,-33121.52,66416.36,NA,"G",164.68516,-109.7998,197.932306620889,0.614467789736167,2.55354930206635,4.3441037948494
"6865743889697129344",300.8598,-21.82489,NA,12.3591995239258,NA,NA,NA,NA,NA,NA,-8.93701048879623,-5.31345667673726,NA,NA,NA,NA,161894.662580657,50249.7877419356,2,156761.46,52103.48,NA,"G",-11.4778,-182.06857,182.429997737995,5.27056434139587,1.50783855647462,3.76272578492125
"6864297275993255168",300.32556,-21.936121,NA,13.1969995498657,NA,NA,NA,NA,NA,NA,-0.518102247488317,-2.85894154964932,NA,NA,NA,NA,41156.4225806547,25111.5817419356,2,39294.99,25844.43,NA,"G",26.62657,161.14652,163.331488507499,2.86420294714708,4.54863646920512,4.59875178512155
