#OBSTEMP,8
#CONFIGTEMP,19
#EQUINOX,J2000.0
#CENTRE,20 00 19.83,-22 00 56.6 #Field centre
#UTTIME,12 00 00.00 #Target observing time
#UTDATE,2021 07 10 #Target observing date
#PLATEID,a test_plateID
#LABEL,300_m20_comissioning Tile 005
#TILING_DATE,2021 06 07 # Date the tile was created/configured
#PROXIMITY,220 # tiling proximity value in arcseconds
"ID","RA","DEC","g_mag","r_mag","i_mag","z_mag","y_mag","GAIA_g_mag","GAIA_bp_mag","GAIA_rp_mag","pmRA","pmDEC","priority","remaining_observations","Tile_number","COMPLETED","MagnetX_noDC","MagnetY_noDC","type","MagnetX","MagnetY","Position","fibre_type","x","y","grads","gangs","gazAngs","gangs_gazAng"
"6864235050507494528",300.73398,-22.083553,NA,11.1969995498657,NA,NA,NA,NA,NA,NA,11.8207138893405,-47.3446832355894,NA,NA,NA,NA,147201.951235958,-15329.0365842692,2,141845.64,-16204.53,NA,"G",-183.17821,-47.11052,189.139254818968,4.44454242610195,0.251728640525934,4.19281378557601
"6865825906392800384",300.3992,-21.50024,NA,11.7093000411987,NA,NA,NA,NA,NA,NA,1.18179553357165,-5.20155589946197,NA,NA,NA,NA,71541.6712359651,116499.701415731,2,69108.04,120997.87,NA,"G",35.35978,0.80402,35.3689198281316,3.7520783790403,3.16432699967027,0.58775137937003
"6864317097262996096",299.99063,-21.762323,NA,12.3168001174927,NA,NA,NA,NA,NA,NA,0.857401274660125,-2.78388136381946,NA,NA,NA,NA,-20795.1487640472,57268.94341573,2,-19930.2,59024.02,NA,"G",-46.95704,130.54506,138.733472154218,2.84968600716777,-1.22550647498129,4.07519248214907
"6865743889697129344",300.8598,-21.82489,NA,12.3591995239258,NA,NA,NA,NA,NA,NA,-8.93701048879623,-5.31345667673726,NA,NA,NA,NA,175637.271235965,43128.8014157305,2,170435.55,44708.4,NA,"G",104.30069,-44.31057,113.322815655988,4.18594503136617,2.739861881685,1.44608314968117
"6864102765514781824",299.6684,-22.763258,NA,12.4708003997803,NA,NA,NA,NA,NA,NA,0.667362018119078,0.219642849785303,NA,NA,NA,NA,-93619.1287640322,-168942.36658427,2,-90602.43,-177610.18,NA,"G",-19.76183,73.48221,76.0931344566184,3.32296840916665,-1.30807876736533,4.63104717653198
"6864297275993255168",300.32556,-21.936121,NA,13.1969995498657,NA,NA,NA,NA,NA,NA,-0.518102247488317,-2.85894154964932,NA,NA,NA,NA,54899.0312359624,17990.5954157305,2,52461.29,18511.35,NA,"G",81.47274,93.5865,124.081587455019,3.30990769150086,3.99607874573094,5.5970142529495
