#OBSTEMP,8
#CONFIGTEMP,19
#EQUINOX,J2000.0
#CENTRE,19 59 05.17,-21 57 12.5 #Field centre
#UTTIME,12 00 00.00 #Target observing time
#UTDATE,2021 07 10 #Target observing date
#PLATEID,a test_plateID
#LABEL,300_m20_comissioning Tile 017
#TILING_DATE,2021 06 07 # Date the tile was created/configured
#PROXIMITY,220 # tiling proximity value in arcseconds
"probe","ID","x","y","rads","angs","azAngs","angs_azAng","RA","DEC","g_mag","r_mag","i_mag","z_mag","y_mag","GAIA_g_mag","GAIA_bp_mag","GAIA_rp_mag","pmRA","pmDEC","priority","remaining_observations","Tile_number","COMPLETED","MagnetX_noDC","MagnetY_noDC","type","MagnetX","MagnetY","Position","fibre_type","fraction_plate_radius_X","fraction_plate_radius_Y"
1,"6864221027435015296",97.64592,-54.68639,111.916607095991,1.05274030077326,2.63106788675899,4.70485772119386,300.2221,-22.186651,17.6429004669189,16.9654998779297,16.628999710083,16.4570999145508,16.3535995483398,16.97724,17.527433,16.26085,-5.55538998101009,-4.73671424587931,1,1,-999,"False",101828.956969704,-52700.0154545456,1,97645.92,-54686.39,NA,"P",0.432061592920354,-0.24197517699115
2,"6864385958478931456",-131.24371,-16.94293,132.332816381837,2.13139863677787,0.128385115930216,2.00301352084765,299.16794,-22.024426,15.492600440979,14.9720001220703,14.7821998596191,14.7206001281738,14.6759996414185,15.008546,15.420235,14.432641,7.21753787894467,-5.31509579545063,1,1,-999,"False",-136411.203030302,-16037.1654545458,1,-131243.71,-16942.93,NA,"P",-0.580724380530973,-0.0749687168141593
3,"6864554939672230784",-117.0484,127.57311,173.13355058345,0.209438126754884,-0.828396111900654,1.03783423865554,299.23904,-21.411974,17.388599395752,16.6107006072998,16.300500869751,16.1590995788574,16.0625,16.660505,17.227339,15.935402,-3.22893710194564,-4.50024992976455,1,1,-999,"False",-120342.603030301,122376.986545454,1,-117048.4,127573.11,NA,"P",-0.517913274336283,0.564482787610619
4,"6864224467708009600",98.26106,-24.15628,101.186766801603,4.09459674915267,2.90053520229485,1.19406154685782,300.2252,-22.056326,18.4220008850098,17.8593997955322,17.5977993011475,17.4878005981445,17.4101009368896,17.876036,18.32291,17.210602,6.34198636254849,-5.52806851576206,1,1,-999,"False",102529.556969695,-23246.5654545458,1,98261.06,-24156.28,NA,"P",0.434783451327434,-0.106886194690265
5,"6864583767492739328",-44.55196,187.54994,192.768921597454,0.342749493906187,-1.33757186252335,1.68032135642953,299.57025,-21.161839,16.8824005126953,16.181999206543,15.8269996643066,15.6491003036499,15.5218000411987,16.182447,16.753647,15.458057,0.824465115529313,-6.35711537204297,1,1,-999,"False",-45489.1430303015,178907.496545455,1,-44551.96,187549.94,NA,"P",-0.197132566371681,0.829866991150442
6,"6864308923945056896",129.88851,57.13828,141.900697924212,3.84523488044859,3.55601783783846,0.289217042610133,300.3667,-21.709373,18.2987995147705,17.7332000732422,17.4694004058838,17.3449993133545,17.2726993560791,17.755978,18.170624,17.082891,-1.61272530070141,-0.170197627873592,1,1,-999,"False",134508.556969697,55164.8125454548,1,129888.51,57138.28,NA,"P",0.574727920353982,0.252824247787611
7,"6865759970054758656",191.76524,47.95582,197.670604653626,0.960079755056227,3.38664252997426,3.85662253226156,300.64188,-21.749287,15.9000997543335,15.1663999557495,14.7934999465942,14.6034002304077,14.4618997573853,15.159944,15.76191,14.415155,-2.13735872548308,-1.16974316489418,1,1,-999,"False",196699.236969692,46144.2485454549,1,191765.24,47955.82,NA,"P",0.848518761061947,0.21219389380531
8,"6864082458909447552",-37.57434,-190.78958,194.454351617576,-0.750546045416618,1.3763435870444,4.15629567471856,299.59943,-22.757498,15.1564998626709,14.7030000686646,14.5284004211426,14.4709997177124,14.4252996444702,14.7256,15.094816,14.176939,-5.84032500740427,5.29378979896088,1,1,-999,"False",-38894.4630303023,-181711.437454546,1,-37574.34,-190789.58,NA,"P",-0.16625814159292,-0.844201681415929
9,"6864486357634454016",-33.43355,76.00537,83.0338396946655,-0.224126587745582,-1.15638659920897,0.932260011463391,299.61755,-21.627691,16.7390003204346,15.9941997528076,15.6527004241943,15.4825000762939,15.3482999801636,16.011793,16.59401,15.27435,-3.5494895264682,-3.08056185537255,1,1,-999,"False",-34799.3430302999,73624.944545455,1,-33433.55,76005.37,NA,"P",-0.147936061946903,0.336306946902655
10,"6864494603971111168",-118.02561,64.76453,134.627222217474,-0.327161128991082,-0.501869834764669,0.174708705773587,299.2303,-21.676418,16.5811004638672,16.0291004180908,15.7983999252319,15.7017002105713,15.6316003799438,16.05011,16.49441,15.438348,0.38509694265859,-8.2596500719758,1,1,-999,"False",-122317.843030299,62612.6425454551,1,-118025.61,64764.53,NA,"P",-0.52223721238938,0.286568716814159
11,"6864556726374612736",-111.77825,150.06253,187.11798439237,2.86278611781667,-0.930581482060102,3.79336759987677,299.2648,-21.318539,16.8278007507324,16.3173999786377,16.1189994812012,16.073299407959,15.9758996963501,16.337141,16.703695,15.725749,-1.86839784576101,-3.81559927967866,1,1,-999,"False",-114520.843030303,143493.296545454,1,-111778.25,150062.53,NA,"P",-0.494594026548673,0.663993495575221
12,"6864177424927386240",-118.17025,-98.56555,153.881043770391,2.57604728578736,0.695189289469163,1.88085799631819,299.22824,-22.371298,18.5977993011475,17.8584003448486,17.5396995544434,17.4030990600586,17.2938995361328,17.890188,18.410917,17.172764,2.23955704059863,-1.22938133572801,1,1,-999,"False",-122783.403030305,-94430.2374545452,1,-118170.25,-98565.55,NA,"P",-0.522877212389381,-0.436130752212389
13,"6864588474776804864",9.89306,214.66476,214.89260532187,2.64098740148394,4.6663354741486,4.25783723451493,299.81644,-21.051878,15.4893999099731,15.0025997161865,14.8028001785278,14.7119998931885,14.6258001327515,15.031555,15.425062,14.4400015,3.00087642962028,1.70066281866508,1,1,-999,"False",10149.7969697014,203758.682545455,1,9893.06,214664.76,NA,"P",0.0437746017699115,0.94984407079646
14,"6864263397291279232",34.32122,-53.91759,63.9144166342501,1.37393311549064,2.13765789093646,5.51946053173376,299.93048,-22.18477,16.9256000518799,16.3505992889404,16.0990009307861,15.9900999069214,15.9260997772217,16.368183,16.8373,15.733033,2.33437191123103,-7.13080544968245,1,1,-999,"False",35922.8369696988,-52274.9094545454,1,34321.22,-53917.59,NA,"P",0.151863805309735,-0.238573407079646
15,"6852179214746076032",131.21821,-170.82921,215.408536564427,0.398011059203985,2.22579696403773,4.45539940234584,300.36786,-22.669212,15.2250003814697,14.7434997558594,14.53600025177,14.4454002380371,14.3944997787476,14.753628,15.154317,14.175725,-18.3423923971808,-17.3138991524383,1,1,-999,"False",134770.716969703,-161758.801454545,1,131218.21,-170829.21,NA,"P",0.580611548672566,-0.755881460176991
16,"6864512093077790976",-3.22987,98.36301,98.4160240838706,3.21503094905801,-1.53797189496788,4.75300284402589,299.75684,-21.532278,16.4106998443604,15.7843999862671,15.5275001525879,15.4125995635986,15.3312997817993,15.817378,16.315678,15.162538,7.1375942698291,2.97690891960218,1,1,-999,"False",-3319.80303029616,95188.2825454543,1,-3229.87,98363.01,NA,"P",-0.0142914601769911,0.435234557522124
17,"6864376848849336064",-72.66618,-23.18587,76.2755418430397,1.91483685936656,0.308862499630131,1.60597435973643,299.43536,-22.052427,18.6800994873047,17.9860992431641,17.6907005310059,17.5391998291016,17.430700302124,18.022696,18.49408,17.305267,-0.163166079910618,-9.47764226915438,1,1,-999,"False",-75974.283030298,-22365.3914545449,1,-72666.18,-23185.87,NA,"P",-0.321531769911504,-0.102592345132743
18,"6864341256459126272",-147.87615,-111.5724,185.245124579792,-1.36088287530324,0.64637422479809,4.27592820707825,299.09546,-22.42324,14.7973003387451,14.273699760437,14.0648002624512,13.9834003448486,13.9215002059937,14.295496,14.728238,13.70533,2.99261742743377,-4.98638941290687,1,1,-999,"False",-152791.683030298,-106169.129454545,1,-147876.15,-111572.4,NA,"P",-0.654319247787611,-0.493683185840708
19,"6864291847154867968",-5.20005,16.79382,17.5804695669627,3.58815642070954,-1.27051849841901,4.85867491912855,299.74738,-21.880999,18.1839008331299,17.9066009521484,17.8038997650146,17.7745990753174,17.7490997314453,17.911488,18.171743,17.43688,-0.344606969078969,-5.59210618096215,1,NA,NA,"",-5457.76303030675,16377.3365454548,0,-5200.05,16793.82,NA,"P",-0.0230090707964602,0.0743089380530974
20,"6864284288012399104",-13.15563,-6.43955,14.6471295788424,1.63064280722905,0.455204354350679,1.17543845287838,299.71024,-21.981249,16.8794994354248,16.8512001037598,16.9058990478516,16.9101009368896,16.8855991363525,16.814745,16.890259,16.48932,0.872412914464886,-2.73107477738042,1,NA,NA,"",-13851.4030302989,-6279.16345454496,0,-13155.63,-6439.55,NA,"P",-0.0582107522123894,-0.0284935840707965
NA,"Sky-A1-1",-226.46104,82.44066,NA,NA,NA,NA,298.756913,-21.606669806,NA,NA,NA,NA,NA,NA,NA,NA,NA,NA,NA,NA,NA,"",NA,NA,NA,-226461.04,82440.66,1,"S",-1.00204,0.364781681415929
NA,"Sky-A1-2",-226.8427,95.17558,NA,NA,NA,NA,298.7569886,-21.554165575,NA,NA,NA,NA,NA,NA,NA,NA,NA,NA,NA,NA,NA,"",NA,NA,NA,-226842.7,95175.58,0,"S",-1.00372876106195,0.421130884955752
NA,"Sky-A1-3",-217.48859,103.8257,NA,NA,NA,NA,298.7977208,-21.517828403,NA,NA,NA,NA,NA,NA,NA,NA,NA,NA,NA,NA,NA,"",NA,NA,NA,-217488.59,103825.7,1,"S",-0.96233889380531,0.459405752212389
NA,"Sky-A1-4",-212.24121,114.16975,NA,NA,NA,NA,298.8215056,-21.474874137,NA,NA,NA,NA,NA,NA,NA,NA,NA,NA,NA,NA,NA,"",NA,NA,NA,-212241.21,114169.75,1,"S",-0.939120398230089,0.505175884955752
NA,"Sky-A1-5",-206.50222,124.24934,NA,NA,NA,NA,298.8474707,-21.433030011,NA,NA,NA,NA,NA,NA,NA,NA,NA,NA,NA,NA,NA,"",NA,NA,NA,-206502.22,124249.34,1,"S",-0.913726637168142,0.549775840707965
NA,"Sky-A1-6",-200.2849,134.04112,NA,NA,NA,NA,298.8755548,-21.392392147,NA,NA,NA,NA,NA,NA,NA,NA,NA,NA,NA,NA,NA,"",NA,NA,NA,-200284.9,134041.12,1,"S",-0.886216371681416,0.593102300884956
NA,"Sky-A1-7",-191.99688,142.3313,NA,NA,NA,NA,298.9123817,-21.357729086,NA,NA,NA,NA,NA,NA,NA,NA,NA,NA,NA,NA,NA,"",NA,NA,NA,-191996.88,142331.3,2,"S",-0.849543716814159,0.629784513274336
NA,"Sky-A2-1",-3.01251,240.9813,NA,NA,NA,NA,299.7585191,-20.949538976,NA,NA,NA,NA,NA,NA,NA,NA,NA,NA,NA,NA,NA,"",NA,NA,NA,-3012.51,240981.3,1,"S",-0.0133296902654867,1.0662889380531
NA,"Sky-A2-2",8.5856,240.84715,NA,NA,NA,NA,299.8102589,-20.950122678,NA,NA,NA,NA,NA,NA,NA,NA,NA,NA,NA,NA,NA,"",NA,NA,NA,8585.6,240847.15,1,"S",0.0379893805309735,1.0656953539823
NA,"Sky-A2-3",20.16382,240.15512,NA,NA,NA,NA,299.8619092,-20.953015591,NA,NA,NA,NA,NA,NA,NA,NA,NA,NA,NA,NA,NA,"",NA,NA,NA,20163.82,240155.12,1,"S",0.0892204424778761,1.06263327433628
NA,"Sky-A2-4",31.43229,236.92406,NA,NA,NA,NA,299.9122596,-20.965932205,NA,NA,NA,NA,NA,NA,NA,NA,NA,NA,NA,NA,NA,"",NA,NA,NA,31432.29,236924.06,2,"S",0.13908092920354,1.04833654867257
NA,"Sky-A2-5",43.15344,237.10513,NA,NA,NA,NA,299.9644719,-20.965697005,NA,NA,NA,NA,NA,NA,NA,NA,NA,NA,NA,NA,NA,"",NA,NA,NA,43153.44,237105.13,1,"S",0.190944424778761,1.04913774336283
NA,"Sky-A2-6",55.6425,239.62452,NA,NA,NA,NA,300.0198277,-20.956551492,NA,NA,NA,NA,NA,NA,NA,NA,NA,NA,NA,NA,NA,"",NA,NA,NA,55642.5,239624.52,0,"S",0.246205752212389,1.06028548672566
NA,"Sky-A2-7",67.1074,236.66981,NA,NA,NA,NA,300.070914,-20.968793134,NA,NA,NA,NA,NA,NA,NA,NA,NA,NA,NA,NA,NA,"",NA,NA,NA,67107.4,236669.81,0,"S",0.296935398230088,1.04721154867257
NA,"Sky-A3-1",227.83213,65.28033,NA,NA,NA,NA,300.7935584,-21.678511769,NA,NA,NA,NA,NA,NA,NA,NA,NA,NA,NA,NA,NA,"",NA,NA,NA,227832.13,65280.33,3,"S",1.0081067699115,0.288851017699115
NA,"Sky-A3-2",234.60313,55.15828,NA,NA,NA,NA,300.8230325,-21.720778529,NA,NA,NA,NA,NA,NA,NA,NA,NA,NA,NA,NA,NA,"",NA,NA,NA,234603.13,55158.28,1,"S",1.03806694690265,0.244063185840708
NA,"Sky-A3-3",236.98531,43.80666,NA,NA,NA,NA,300.8340078,-21.767971412,NA,NA,NA,NA,NA,NA,NA,NA,NA,NA,NA,NA,NA,"",NA,NA,NA,236985.31,43806.66,1,"S",1.04860756637168,0.193834778761062
NA,"Sky-A3-4",238.81857,32.35357,NA,NA,NA,NA,300.8425322,-21.815598345,NA,NA,NA,NA,NA,NA,NA,NA,NA,NA,NA,NA,NA,"",NA,NA,NA,238818.57,32353.57,1,"S",1.05671933628319,0.143157389380531
NA,"Sky-A3-5",240.09865,20.82553,NA,NA,NA,NA,300.8485838,-21.863549495,NA,NA,NA,NA,NA,NA,NA,NA,NA,NA,NA,NA,NA,"",NA,NA,NA,240098.65,20825.53,1,"S",1.06238340707965,0.0921483628318584
NA,"Sky-A3-6",240.82258,9.24926,NA,NA,NA,NA,300.8521463,-21.911714085,NA,NA,NA,NA,NA,NA,NA,NA,NA,NA,NA,NA,NA,"",NA,NA,NA,240822.58,9249.26,1,"S",1.06558663716814,0.0409259292035398
NA,"Sky-A3-7",240.98869,2.34844,NA,NA,NA,NA,300.8530804,-21.94043203,NA,NA,NA,NA,NA,NA,NA,NA,NA,NA,NA,NA,NA,"",NA,NA,NA,240988.69,2348.44,1,"S",1.06632163716814,0.0103913274336283
NA,"Sky-A4-1",208.46721,-116.88637,NA,NA,NA,NA,300.7105206,-22.437716419,NA,NA,NA,NA,NA,NA,NA,NA,NA,NA,NA,NA,NA,"",NA,NA,NA,208467.21,-116886.37,2,"S",0.922421283185841,-0.517196327433628
NA,"Sky-A4-2",204.2974,-127.84223,NA,NA,NA,NA,300.691487,-22.483130526,NA,NA,NA,NA,NA,NA,NA,NA,NA,NA,NA,NA,NA,"",NA,NA,NA,204297.4,-127842.23,1,"S",0.903970796460177,-0.565673584070796
NA,"Sky-A4-3",197.90977,-137.52377,NA,NA,NA,NA,300.6629448,-22.523559827,NA,NA,NA,NA,NA,NA,NA,NA,NA,NA,NA,NA,NA,"",NA,NA,NA,197909.77,-137523.77,1,"S",0.875706946902655,-0.608512256637168
NA,"Sky-A4-4",191.06371,-146.88677,NA,NA,NA,NA,300.6323147,-22.562668851,NA,NA,NA,NA,NA,NA,NA,NA,NA,NA,NA,NA,NA,"",NA,NA,NA,191063.71,-146886.77,1,"S",0.845414646017699,-0.649941460176991
NA,"Sky-A4-5",183.77509,-155.90952,NA,NA,NA,NA,300.5996668,-22.600365981,NA,NA,NA,NA,NA,NA,NA,NA,NA,NA,NA,NA,NA,"",NA,NA,NA,183775.09,-155909.52,1,"S",0.813164115044248,-0.689865132743363
NA,"Sky-A4-6",176.06079,-164.57115,NA,NA,NA,NA,300.5650759,-22.636563044,NA,NA,NA,NA,NA,NA,NA,NA,NA,NA,NA,NA,NA,"",NA,NA,NA,176060.79,-164571.15,1,"S",0.779030044247788,-0.72819092920354
NA,"Sky-A4-7",166.5449,-171.41703,NA,NA,NA,NA,300.5227277,-22.665629891,NA,NA,NA,NA,NA,NA,NA,NA,NA,NA,NA,NA,NA,"",NA,NA,NA,166544.9,-171417.03,2,"S",0.736924336283186,-0.758482433628319
NA,"Sky-A5-1",-148.4702,-189.83588,NA,NA,NA,NA,299.1010106,-22.742142975,NA,NA,NA,NA,NA,NA,NA,NA,NA,NA,NA,NA,NA,"",NA,NA,NA,-148470.2,-189835.88,1,"S",-0.656947787610619,-0.839981769911504
NA,"Sky-A5-2",-156.12548,-180.9581,NA,NA,NA,NA,299.0662471,-22.70547236,NA,NA,NA,NA,NA,NA,NA,NA,NA,NA,NA,NA,NA,"",NA,NA,NA,-156125.48,-180958.1,2,"S",-0.690820707964602,-0.800699557522124
NA,"Sky-A5-3",-169.47374,-178.31055,NA,NA,NA,NA,299.00753,-22.692731245,NA,NA,NA,NA,NA,NA,NA,NA,NA,NA,NA,NA,NA,"",NA,NA,NA,-169473.74,-178310.55,0,"S",-0.749883805309735,-0.788984734513274
NA,"Sky-A5-4",-177.85673,-169.94995,NA,NA,NA,NA,298.9699469,-22.657808784,NA,NA,NA,NA,NA,NA,NA,NA,NA,NA,NA,NA,NA,"",NA,NA,NA,-177856.73,-169949.95,0,"S",-0.786976681415929,-0.75199092920354
NA,"Sky-A5-5",-180.53997,-156.60881,NA,NA,NA,NA,298.9565778,-22.603577343,NA,NA,NA,NA,NA,NA,NA,NA,NA,NA,NA,NA,NA,"",NA,NA,NA,-180539.97,-156608.81,2,"S",-0.798849424778761,-0.692959336283186
NA,"Sky-A5-6",-187.86598,-147.7409,NA,NA,NA,NA,298.9237364,-22.566482607,NA,NA,NA,NA,NA,NA,NA,NA,NA,NA,NA,NA,NA,"",NA,NA,NA,-187865.98,-147740.9,2,"S",-0.831265398230088,-0.653720796460177
NA,"Sky-A5-7",-196.38671,-139.6901,NA,NA,NA,NA,298.8859901,-22.532434097,NA,NA,NA,NA,NA,NA,NA,NA,NA,NA,NA,NA,NA,"",NA,NA,NA,-196386.71,-139690.1,1,"S",-0.868967743362832,-0.61809778761062
NA,"Sky-H1-1",-178.16318,156.29102,NA,NA,NA,NA,298.9742026,-21.2995022,NA,NA,NA,NA,NA,NA,NA,NA,NA,NA,NA,NA,NA,"",NA,NA,NA,-178163.18,156291.02,3,"S",-0.788332654867257,0.691553185840708
NA,"Sky-H1-2",-173.31368,167.46173,NA,NA,NA,NA,298.9970096,-21.253777875,NA,NA,NA,NA,NA,NA,NA,NA,NA,NA,NA,NA,NA,"",NA,NA,NA,-173313.68,167461.73,1,"S",-0.766874690265487,0.74098110619469
NA,"Sky-H1-3",-168.47997,179.24982,NA,NA,NA,NA,299.0199257,-21.20580817,NA,NA,NA,NA,NA,NA,NA,NA,NA,NA,NA,NA,NA,"",NA,NA,NA,-168479.97,179249.82,0,"S",-0.745486592920354,0.793140796460177
NA,"Sky-H1-4",-156.41534,183.34477,NA,NA,NA,NA,299.0728892,-21.187952391,NA,NA,NA,NA,NA,NA,NA,NA,NA,NA,NA,NA,NA,"",NA,NA,NA,-156415.34,183344.77,1,"S",-0.692103274336283,0.811260044247788
NA,"Sky-H1-5",-147.4127,190.65822,NA,NA,NA,NA,299.1132652,-21.157654507,NA,NA,NA,NA,NA,NA,NA,NA,NA,NA,NA,NA,NA,"",NA,NA,NA,-147412.7,190658.22,1,"S",-0.652268584070796,0.843620442477876
NA,"Sky-H1-6",-138.06861,197.53006,NA,NA,NA,NA,299.1551423,-21.129193448,NA,NA,NA,NA,NA,NA,NA,NA,NA,NA,NA,NA,NA,"",NA,NA,NA,-138068.61,197530.06,1,"S",-0.610923053097345,0.874026814159292
NA,"Sky-H1-7",-128.4047,203.94434,NA,NA,NA,NA,299.1984242,-21.102634325,NA,NA,NA,NA,NA,NA,NA,NA,NA,NA,NA,NA,NA,"",NA,NA,NA,-128404.7,203944.34,1,"S",-0.568162389380531,0.902408584070796
NA,"Sky-H1-8",-118.44464,209.88551,NA,NA,NA,NA,299.2430058,-21.078040614,NA,NA,NA,NA,NA,NA,NA,NA,NA,NA,NA,NA,NA,"",NA,NA,NA,-118444.64,209885.51,1,"S",-0.524091327433628,0.928696946902655
NA,"Sky-H2-1",-99.97981,217.08302,NA,NA,NA,NA,299.3253205,-21.047825812,NA,NA,NA,NA,NA,NA,NA,NA,NA,NA,NA,NA,NA,"",NA,NA,NA,-99979.81,217083.02,2,"S",-0.442388539823009,0.960544336283186
NA,"Sky-H2-2",-90.16757,223.49692,NA,NA,NA,NA,299.3694537,-21.021723697,NA,NA,NA,NA,NA,NA,NA,NA,NA,NA,NA,NA,NA,"",NA,NA,NA,-90167.57,223496.92,1,"S",-0.398971548672566,0.988924424778761
NA,"Sky-H2-3",-79.30977,227.57641,NA,NA,NA,NA,299.4179683,-21.004854821,NA,NA,NA,NA,NA,NA,NA,NA,NA,NA,NA,NA,NA,"",NA,NA,NA,-79309.77,227576.41,1,"S",-0.350928185840708,1.00697526548673
NA,"Sky-H2-4",-68.26826,231.12877,NA,NA,NA,NA,299.467286,-20.990171137,NA,NA,NA,NA,NA,NA,NA,NA,NA,NA,NA,NA,NA,"",NA,NA,NA,-68268.26,231128.77,1,"S",-0.302071946902655,1.02269367256637
NA,"Sky-H2-5",-58.25258,239.00342,NA,NA,NA,NA,299.5124133,-20.958840372,NA,NA,NA,NA,NA,NA,NA,NA,NA,NA,NA,NA,NA,"",NA,NA,NA,-58252.58,239003.42,0,"S",-0.257754778761062,1.05753725663717
NA,"Sky-H2-6",-45.73679,236.62039,NA,NA,NA,NA,299.5678798,-20.967487959,NA,NA,NA,NA,NA,NA,NA,NA,NA,NA,NA,NA,NA,"",NA,NA,NA,-45736.79,236620.39,1,"S",-0.20237517699115,1.04699287610619
NA,"Sky-H2-7",-34.29902,238.54693,NA,NA,NA,NA,299.6189266,-20.959539968,NA,NA,NA,NA,NA,NA,NA,NA,NA,NA,NA,NA,NA,"",NA,NA,NA,-34299.02,238546.93,1,"S",-0.151765575221239,1.05551738938053
NA,"Sky-H2-8",-22.78326,239.92079,NA,NA,NA,NA,299.6703125,-20.953880641,NA,NA,NA,NA,NA,NA,NA,NA,NA,NA,NA,NA,NA,"",NA,NA,NA,-22783.26,239920.79,1,"S",-0.100810884955752,1.0615964159292
NA,"Sky-H3-1",188.44362,158.12971,NA,NA,NA,NA,300.6129167,-21.293999063,NA,NA,NA,NA,NA,NA,NA,NA,NA,NA,NA,NA,NA,"",NA,NA,NA,188443.62,158129.71,0,"S",0.833821327433628,0.699688982300885
NA,"Sky-H3-2",191.8534,145.85382,NA,NA,NA,NA,300.6295859,-21.344131771,NA,NA,NA,NA,NA,NA,NA,NA,NA,NA,NA,NA,NA,"",NA,NA,NA,191853.4,145853.82,1,"S",0.848908849557522,0.645370884955752
NA,"Sky-H3-3",198.64884,136.45402,NA,NA,NA,NA,300.6601646,-21.383136291,NA,NA,NA,NA,NA,NA,NA,NA,NA,NA,NA,NA,NA,"",NA,NA,NA,198648.84,136454.02,1,"S",0.878977168141593,0.603778849557522
NA,"Sky-H3-4",204.98415,126.73816,NA,NA,NA,NA,300.6887076,-21.4234595,NA,NA,NA,NA,NA,NA,NA,NA,NA,NA,NA,NA,NA,"",NA,NA,NA,204984.15,126738.16,1,"S",0.907009513274336,0.560788318584071
NA,"Sky-H3-5",209.09479,115.75996,NA,NA,NA,NA,300.7078576,-21.46881595,NA,NA,NA,NA,NA,NA,NA,NA,NA,NA,NA,NA,NA,"",NA,NA,NA,209094.79,115759.96,2,"S",0.925198185840708,0.512212212389381
NA,"Sky-H3-6",214.42233,105.56546,NA,NA,NA,NA,300.7319438,-21.511166509,NA,NA,NA,NA,NA,NA,NA,NA,NA,NA,NA,NA,NA,"",NA,NA,NA,214422.33,105565.46,2,"S",0.948771371681416,0.467103805309734
NA,"Sky-H3-7",221.08806,95.92253,NA,NA,NA,NA,300.761477,-21.551402922,NA,NA,NA,NA,NA,NA,NA,NA,NA,NA,NA,NA,NA,"",NA,NA,NA,221088.06,95922.53,1,"S",0.978265752212389,0.424435973451327
NA,"Sky-H3-8",225.44672,85.17533,NA,NA,NA,NA,300.7812536,-21.596043229,NA,NA,NA,NA,NA,NA,NA,NA,NA,NA,NA,NA,NA,"",NA,NA,NA,225446.72,85175.33,1,"S",0.99755185840708,0.376881991150442
NA,"Sky-H4-1",239.9828,-22.12059,NA,NA,NA,NA,300.8492367,-22.042298279,NA,NA,NA,NA,NA,NA,NA,NA,NA,NA,NA,NA,NA,"",NA,NA,NA,239982.8,-22120.59,1,"S",1.06187079646018,-0.0978787168141593
NA,"Sky-H4-2",238.64054,-33.64155,NA,NA,NA,NA,300.8435251,-22.090281487,NA,NA,NA,NA,NA,NA,NA,NA,NA,NA,NA,NA,NA,"",NA,NA,NA,238640.54,-33641.55,1,"S",1.05593159292035,-0.148856415929204
NA,"Sky-H4-3",232.81601,-44.33627,NA,NA,NA,NA,300.8188053,-22.135144767,NA,NA,NA,NA,NA,NA,NA,NA,NA,NA,NA,NA,NA,"",NA,NA,NA,232816.01,-44336.27,3,"S",1.03015933628319,-0.196178185840708
NA,"Sky-H4-4",232.35758,-55.95492,NA,NA,NA,NA,300.8164813,-22.183434187,NA,NA,NA,NA,NA,NA,NA,NA,NA,NA,NA,NA,NA,"",NA,NA,NA,232357.58,-55954.92,2,"S",1.02813088495575,-0.24758814159292
NA,"Sky-H4-5",229.39625,-67.06981,NA,NA,NA,NA,300.8034598,-22.229790191,NA,NA,NA,NA,NA,NA,NA,NA,NA,NA,NA,NA,NA,"",NA,NA,NA,229396.25,-67069.81,2,"S",1.01502765486726,-0.29676907079646
NA,"Sky-H4-6",227.79409,-78.68236,NA,NA,NA,NA,300.7959905,-22.278000362,NA,NA,NA,NA,NA,NA,NA,NA,NA,NA,NA,NA,NA,"",NA,NA,NA,227794.09,-78682.36,1,"S",1.00793845132743,-0.34815203539823
NA,"Sky-H4-7",223.74453,-89.55136,NA,NA,NA,NA,300.7780615,-22.323331308,NA,NA,NA,NA,NA,NA,NA,NA,NA,NA,NA,NA,NA,"",NA,NA,NA,223744.53,-89551.36,1,"S",0.990020044247788,-0.396244955752212
NA,"Sky-H4-8",219.17732,-100.21161,NA,NA,NA,NA,300.7577877,-22.367803822,NA,NA,NA,NA,NA,NA,NA,NA,NA,NA,NA,NA,NA,"",NA,NA,NA,219177.32,-100211.61,1,"S",0.969811150442478,-0.443414203539823
NA,"Sky-H5-1",41.83481,-237.34134,NA,NA,NA,NA,299.9601539,-22.941027038,NA,NA,NA,NA,NA,NA,NA,NA,NA,NA,NA,NA,NA,"",NA,NA,NA,41834.81,-237341.34,1,"S",0.185109778761062,-1.05018292035398
NA,"Sky-H5-2",29.86284,-235.11106,NA,NA,NA,NA,299.9062013,-22.932883275,NA,NA,NA,NA,NA,NA,NA,NA,NA,NA,NA,NA,NA,"",NA,NA,NA,29862.84,-235111.06,3,"S",0.132136460176991,-1.04031442477876
NA,"Sky-H5-3",18.51608,-236.27559,NA,NA,NA,NA,299.8548744,-22.937766977,NA,NA,NA,NA,NA,NA,NA,NA,NA,NA,NA,NA,NA,"",NA,NA,NA,18516.08,-236275.59,3,"S",0.0819295575221239,-1.04546721238938
NA,"Sky-H5-4",7.18656,-238.89193,NA,NA,NA,NA,299.8036018,-22.94813495,NA,NA,NA,NA,NA,NA,NA,NA,NA,NA,NA,NA,NA,"",NA,NA,NA,7186.56,-238891.93,2,"S",0.0317989380530973,-1.0570439380531
NA,"Sky-H5-5",-4.35197,-240.96083,NA,NA,NA,NA,299.7514334,-22.956192635,NA,NA,NA,NA,NA,NA,NA,NA,NA,NA,NA,NA,NA,"",NA,NA,NA,-4351.97,-240960.83,1,"S",-0.0192565044247788,-1.06619836283186
NA,"Sky-H5-6",-15.94057,-240.47237,NA,NA,NA,NA,299.6990587,-22.954147588,NA,NA,NA,NA,NA,NA,NA,NA,NA,NA,NA,NA,NA,"",NA,NA,NA,-15940.57,-240472.37,1,"S",-0.0705334955752212,-1.06403703539823
NA,"Sky-H5-7",-27.03592,-235.45288,NA,NA,NA,NA,299.6488009,-22.934320279,NA,NA,NA,NA,NA,NA,NA,NA,NA,NA,NA,NA,NA,"",NA,NA,NA,-27035.92,-235452.88,3,"S",-0.11962796460177,-1.04182690265487
NA,"Sky-H5-8",-38.97879,-237.82707,NA,NA,NA,NA,299.5949484,-22.943068447,NA,NA,NA,NA,NA,NA,NA,NA,NA,NA,NA,NA,NA,"",NA,NA,NA,-38978.79,-237827.07,1,"S",-0.172472522123894,-1.05233216814159
NA,"Sky-H6-1",-58.36925,-233.82492,NA,NA,NA,NA,299.507346,-22.926305723,NA,NA,NA,NA,NA,NA,NA,NA,NA,NA,NA,NA,NA,"",NA,NA,NA,-58369.25,-233824.92,1,"S",-0.258271017699115,-1.03462353982301
NA,"Sky-H6-2",-69.55194,-230.74573,NA,NA,NA,NA,299.45684,-22.913409208,NA,NA,NA,NA,NA,NA,NA,NA,NA,NA,NA,NA,NA,"",NA,NA,NA,-69551.94,-230745.73,1,"S",-0.307751946902655,-1.02099880530973
NA,"Sky-H6-3",-80.57354,-227.13205,NA,NA,NA,NA,299.4070756,-22.898274901,NA,NA,NA,NA,NA,NA,NA,NA,NA,NA,NA,NA,NA,"",NA,NA,NA,-80573.54,-227132.05,1,"S",-0.356520088495575,-1.00500907079646
NA,"Sky-H6-4",-93.30489,-227.61853,NA,NA,NA,NA,299.3501368,-22.898830035,NA,NA,NA,NA,NA,NA,NA,NA,NA,NA,NA,NA,NA,"",NA,NA,NA,-93304.89,-227618.53,0,"S",-0.412853495575221,-1.00716163716814
NA,"Sky-H6-5",-101.18493,-216.52393,NA,NA,NA,NA,299.3138365,-22.854410847,NA,NA,NA,NA,NA,NA,NA,NA,NA,NA,NA,NA,NA,"",NA,NA,NA,-101184.93,-216523.93,2,"S",-0.44772092920354,-0.958070486725664
NA,"Sky-H6-6",-111.48562,-211.40472,NA,NA,NA,NA,299.2673571,-22.832965816,NA,NA,NA,NA,NA,NA,NA,NA,NA,NA,NA,NA,NA,"",NA,NA,NA,-111485.62,-211404.72,2,"S",-0.493299203539823,-0.935419115044248
NA,"Sky-H6-7",-122.54511,-207.51809,NA,NA,NA,NA,299.2177475,-22.816149429,NA,NA,NA,NA,NA,NA,NA,NA,NA,NA,NA,NA,NA,"",NA,NA,NA,-122545.11,-207518.09,1,"S",-0.542235,-0.918221637168142
NA,"Sky-H6-8",-131.28781,-199.71107,NA,NA,NA,NA,299.1780724,-22.783988732,NA,NA,NA,NA,NA,NA,NA,NA,NA,NA,NA,NA,NA,"",NA,NA,NA,-131287.81,-199711.07,2,"S",-0.580919513274336,-0.883677300884956
NA,"Sky-H7-1",-207.18967,-123.09956,NA,NA,NA,NA,298.8377364,-22.463109408,NA,NA,NA,NA,NA,NA,NA,NA,NA,NA,NA,NA,NA,"",NA,NA,NA,-207189.67,-123099.56,1,"S",-0.916768451327434,-0.544688318584071
NA,"Sky-H7-2",-209.33928,-111.11285,NA,NA,NA,NA,298.8273414,-22.413662262,NA,NA,NA,NA,NA,NA,NA,NA,NA,NA,NA,NA,NA,"",NA,NA,NA,-209339.28,-111112.85,3,"S",-0.92628,-0.491649778761062
NA,"Sky-H7-3",-218.06235,-102.61518,NA,NA,NA,NA,298.7893227,-22.377553568,NA,NA,NA,NA,NA,NA,NA,NA,NA,NA,NA,NA,NA,"",NA,NA,NA,-218062.35,-102615.18,1,"S",-0.964877654867257,-0.454049469026549
NA,"Sky-H7-4",-222.74704,-92.00444,NA,NA,NA,NA,298.768531,-22.333253627,NA,NA,NA,NA,NA,NA,NA,NA,NA,NA,NA,NA,NA,"",NA,NA,NA,-222747.04,-92004.44,1,"S",-0.985606371681416,-0.407099292035398
NA,"Sky-H7-5",-226.91579,-81.18059,NA,NA,NA,NA,298.7500799,-22.288076153,NA,NA,NA,NA,NA,NA,NA,NA,NA,NA,NA,NA,NA,"",NA,NA,NA,-226915.79,-81180.59,1,"S",-1.00405216814159,-0.359206150442478
NA,"Sky-H7-6",-230.55892,-70.1687,NA,NA,NA,NA,298.7340104,-22.242126515,NA,NA,NA,NA,NA,NA,NA,NA,NA,NA,NA,NA,NA,"",NA,NA,NA,-230558.92,-70168.7,1,"S",-1.02017221238938,-0.310480973451327
NA,"Sky-H7-7",-233.66801,-58.99428,NA,NA,NA,NA,298.7203579,-22.195511809,NA,NA,NA,NA,NA,NA,NA,NA,NA,NA,NA,NA,NA,"",NA,NA,NA,-233668.01,-58994.28,1,"S",-1.03392924778761,-0.261036637168142
NA,"Sky-H7-8",-241.13658,-48.67392,NA,NA,NA,NA,298.6886006,-22.152043719,NA,NA,NA,NA,NA,NA,NA,NA,NA,NA,NA,NA,NA,"",NA,NA,NA,-241136.58,-48673.92,0,"S",-1.06697601769911,-0.215371327433628
