#OBSTEMP,8
#CONFIGTEMP,19
#EQUINOX,J2000.0
#CENTRE,20 00 18.17,-22 00 51.6 #Field centre
#UTTIME,12 00 00.00 #Target observing time
#UTDATE,2021 07 10 #Target observing date
#PLATEID,a test_plateID
#LABEL,300_m20_comissioning Tile 001
#TILING_DATE,2021 06 07 # Date the tile was created/configured
#PROXIMITY,220 # tiling proximity value in arcseconds
"ID","RA","DEC","g_mag","r_mag","i_mag","z_mag","y_mag","GAIA_g_mag","GAIA_bp_mag","GAIA_rp_mag","pmRA","pmDEC","priority","remaining_observations","Tile_number","COMPLETED","MagnetX_noDC","MagnetY_noDC","type","MagnetX","MagnetY","Position","fibre_type","x","y","grads","gangs","gazAngs","gangs_gazAng"
"6864235050507494528",300.73398,-22.083553,NA,11.1969995498657,NA,NA,NA,NA,NA,NA,11.8207138893405,-47.3446832355894,NA,NA,NA,NA,148770.51113402,-15642.9371546394,2,143393.1,-16541.17,NA,"G",-186.64134,-71.22684,199.770499657435,4.48021423430662,0.364565446552759,4.11564878775386
"6865743889697129344",300.8598,-21.82489,NA,12.3591995239258,NA,NA,NA,NA,NA,NA,-8.93701048879623,-5.31345667673726,NA,NA,NA,NA,177205.831134027,42814.9008453603,2,172007.38,44385.65,NA,"G",18.51131,207.12396,207.949521288215,2.65334268337251,4.62325270569665,4.31327528485544
"6864102765514781824",299.6684,-22.763258,NA,12.4708003997803,NA,NA,NA,NA,NA,NA,0.667362018119078,0.219642849785303,NA,NA,NA,NA,-92050.5688659699,-169256.26715464,2,-89074.99,-177919.08,NA,"G",141.99208,-155.99485,210.941091324685,0.139846414067049,2.30923781065347,4.11379391059316
"6864297275993255168",300.32556,-21.936121,NA,13.1969995498657,NA,NA,NA,NA,NA,NA,-0.518102247488317,-2.85894154964932,NA,NA,NA,NA,56467.5911340247,17676.6948453602,2,53966.51,18187.91,NA,"G",-25.38938,-176.07659,177.897684534714,5.24485111303383,1.42758832886205,3.81726278417178
"6864253432967543680",300.68863,-21.910965,NA,13.5031995773315,NA,NA,NA,NA,NA,NA,4.98119987526924,-5.37968384761146,NA,NA,NA,NA,138521.411134023,23361.95084536,2,133470,24037.42,NA,"G",-105.44995,178.53689,207.352629705713,0.627960227340174,-1.03729208668212,1.6652523140223
"6864252196016854016",300.53958,-21.967226,NA,13.546799659729,NA,NA,NA,NA,NA,NA,-2.38602879434139,-2.04056246922849,NA,NA,NA,NA,104836.111134026,10646.9648453602,2,100512.76,10884.6,NA,"G",82.99363,93.26783,124.847229578737,3.12508718722918,3.98521447828771,5.42305801612106
