#OBSTEMP,8
#CONFIGTEMP,19
#EQUINOX,J2000.0
#CENTRE,19 58 58.01,-21 52 13.5 #Field centre
#UTTIME,12 00 00.00 #Target observing time
#UTDATE,2021 07 10 #Target observing date
#PLATEID,a test_plateID
#LABEL,300_m20_comissioning Tile 015
#TILING_DATE,2021 06 07 # Date the tile was created/configured
#PROXIMITY,220 # tiling proximity value in arcseconds
"ID","RA","DEC","g_mag","r_mag","i_mag","z_mag","y_mag","GAIA_g_mag","GAIA_bp_mag","GAIA_rp_mag","pmRA","pmDEC","priority","remaining_observations","Tile_number","COMPLETED","MagnetX_noDC","MagnetY_noDC","type","MagnetX","MagnetY","Position","fibre_type","x","y","grads","gangs","gazAngs","gangs_gazAng"
"6864397331552485504",299.0445,-21.900139,NA,10.7496004104614,NA,NA,NA,NA,NA,NA,19.2359437314273,-21.3549588838021,NA,NA,NA,NA,-157567.264571419,-6718.19868571541,2,-152125.83,-7379.7,NA,"G",-152.12583,-7.3797,152.304721283613,5.05984954286804,0.0484725003933879,5.01137704247465
"6865825906392800384",300.3992,-21.50024,NA,11.7093000411987,NA,NA,NA,NA,NA,NA,1.18179553357165,-5.20155589946197,NA,NA,NA,NA,148594.935428576,83658.9753142857,2,144269.7,87062.39,NA,"G",-101.24159,25.35269,104.367707821741,1.95370295839586,-0.245371790020235,2.1990747484161
"6864153270030444288",299.15057,-22.447823,NA,12.0662002563477,NA,NA,NA,NA,NA,NA,9.06264939074602,-12.5170083484214,NA,NA,NA,NA,-133595.444571422,-130494.782685715,2,-129357.32,-137071.14,NA,"G",12.84922,202.17419,202.582095844535,2.40828579837942,4.64891915097957,4.04255195457944
"6864317097262996096",299.99063,-21.762323,NA,12.3168001174927,NA,NA,NA,NA,NA,NA,0.857401274660125,-2.78388136381946,NA,NA,NA,NA,56258.1154285637,24428.2173142848,2,53839.41,25151.04,NA,"G",-93.59936,-170.19214,194.232347229264,2.60394104614085,1.067981612953,1.53595943318785
"6864102765514781824",299.6684,-22.763258,NA,12.4708003997803,NA,NA,NA,NA,NA,NA,0.667362018119078,0.219642849785303,NA,NA,NA,NA,-16565.8645714213,-201783.092685715,2,-16016.84,-212700.61,NA,"G",-93.0094,85.06121,126.040302820265,6.26280208918271,-0.740792723223738,0.720409505226863
"6864252196016854016",300.53958,-21.967226,NA,13.546799659729,NA,NA,NA,NA,NA,NA,-2.38602879434139,-2.04056246922849,NA,NA,NA,NA,180320.815428574,-21879.8606857148,2,174866.39,-23285.63,NA,"G",5.41831,103.40432,103.54618041202,3.19197303838635,4.66003759731873,4.8151207482472
