#OBSTEMP,8
#CONFIGTEMP,19
#EQUINOX,J2000.0
#CENTRE,20 00 33.70,-22 02 46.4 #Field centre
#UTTIME,12 00 00.00 #Target observing time
#UTDATE,2021 07 10 #Target observing date
#PLATEID,a test_plateID
#LABEL,300_m20_comissioning Tile 002
#TILING_DATE,2021 06 07 # Date the tile was created/configured
#PROXIMITY,220 # tiling proximity value in arcseconds
"probe","ID","x","y","rads","angs","azAngs","angs_azAng","RA","DEC","g_mag","r_mag","i_mag","z_mag","y_mag","GAIA_g_mag","GAIA_bp_mag","GAIA_rp_mag","pmRA","pmDEC","priority","remaining_observations","Tile_number","COMPLETED","MagnetX_noDC","MagnetY_noDC","type","MagnetX","MagnetY","Position","fibre_type","fraction_plate_radius_X","fraction_plate_radius_Y"
1,"6864262984974399872",-34.94048,-31.15183,46.8110420197981,1.74823204988908,0.728137215303867,1.02009483458521,299.97818,-22.17996,17.3799991607666,16.7763996124268,16.5186004638672,16.4055995941162,16.3173999786377,16.807138,17.275469,16.153343,-4.61329443466156,-2.81326001806096,1,1,-999,"False",-36661.7437894708,-30226.0750105265,1,-34940.48,-31151.83,NA,"P",-0.15460389380531,-0.137839955752212
2,"6864278653015263360",-104.37353,-18.90163,106.071227867494,-0.965089227299729,0.179154350275498,5.13894172960436,299.65836,-22.126236,17.4004993438721,16.6772003173828,16.3619995117188,16.2098999023438,16.1107997894287,16.707148,17.263868,15.991038,-1.16138809099427,1.81093453318923,1,1,-999,"False",-108941.063789469,-18084.451010526,1,-104373.53,-18901.63,NA,"P",-0.461829778761062,-0.0836355309734513
3,"6865739315555576960",176.08524,29.47663,178.535384341633,4.4814804746747,3.30745454313821,1.17402593153649,300.94342,-21.919785,18.6947002410889,17.554500579834,17.0216007232666,16.7761993408203,16.5998992919922,17.552673,18.36326,16.644478,6.06457860211026,-2.40556881246089,1,1,-999,"False",181482.496210528,28573.4749894735,1,176085.24,29476.63,NA,"P",0.779138230088496,0.130427566371681
4,"6864276213473738624",-11.81413,25.32267,27.9430006188634,2.12366581780394,-1.13427021792816,3.25793603573209,300.0856,-21.937157,16.4004993438721,15.7395000457764,15.4488000869751,15.3120002746582,15.2089996337891,15.760844,16.289505,15.08568,1.39685718504203,-5.6974678113477,1,1,-999,"False",-12384.823789473,24647.4029894739,1,-11814.13,25322.67,NA,"P",-0.0522749115044248,0.112047212389381
5,"6864288995296494336",-36.19128,39.1078,53.2844139395227,-0.0972794441552249,-0.824111290466137,0.726831846310912,299.97293,-21.878101,15.4464998245239,14.9642000198364,14.7670001983643,14.6779003143311,14.6112003326416,14.983323,15.38455,14.406244,-5.71444488208321,-4.34212808532398,1,1,-999,"False",-37848.2437894813,37994.0589894735,1,-36191.28,39107.8,NA,"P",-0.160138407079646,0.173043362831858
6,"6864518101734382336",5.77885,158.87928,158.984341117737,0.223871505034072,4.67603242328203,1.83102438893163,300.16705,-21.371378,18.3337993621826,17.7695007324219,17.5410003662109,17.4270992279053,17.3719997406006,17.805187,18.265629,17.17988,-2.20486170900736,-4.24686619602485,1,1,-999,"False",6022.87621053108,152513.456989474,1,5778.85,158879.28,NA,"P",0.0255701327433628,0.703005663716814
7,"6864206527625329408",47.54434,-45.32545,65.6875991625368,3.96008787624726,2.38008242970608,1.58000544654118,300.3607,-22.240572,17.7183990478516,17.1207008361816,16.853099822998,16.7301998138428,16.6282005310059,17.218254,17.604248,16.47285,6.39970426289874,-20.1894170052442,1,1,-999,"False",49787.7762105291,-43924.3870105263,1,47544.34,-45325.45,NA,"P",0.210373185840708,-0.200555088495575
8,"6864172206546342400",-178.4559,-103.44357,206.269436463949,2.53980776075933,0.525328598795651,2.01447916196368,299.32767,-22.479158,17.824800491333,17.3302993774414,17.113899230957,17.0174999237061,16.9750995635986,17.351067,17.748522,16.762249,-0.917477410307484,-0.474966990921925,1,1,-999,"False",-183677.00378947,-97844.8230105259,1,-178455.9,-103443.57,NA,"P",-0.789627876106195,-0.457714911504425
9,"6865815014355697408",96.68405,130.41159,162.342195164198,2.9675633829473,4.07442998345513,5.17631870667175,300.5817,-21.49224,18.7919998168945,17.4477996826172,16.6874008178711,16.3092994689941,16.1054992675781,17.311022,18.341753,16.277603,5.83239629095555,2.83985645083831,1,1,-999,"False",99733.7762105299,125198.644989474,1,96684.05,130411.59,NA,"P",0.427805530973451,0.577042433628319
10,"6864300471449020544",12.4543,46.65301,48.2867780096177,3.52122901796558,4.45151650237866,5.35289782276651,300.19815,-21.845749,18.6721992492676,17.2924995422363,16.3297996520996,15.8830995559692,15.59850025177,16.995152,17.935116,15.870979,11.0720090277746,-11.4774741867305,1,1,-999,"False",13051.4762105267,45305.6109894742,1,12454.3,46653.01,NA,"P",0.0551075221238938,0.206429247787611
11,"6852176534686400128",73.70362,-158.14824,174.479481361569,0.780129460085562,2.0069098774074,5.05640488985775,300.4783,-22.715267,14.9274997711182,14.4395999908447,14.2374000549316,14.1617002487183,14.1106004714966,14.458583,14.861225,13.885306,-1.32403283517071,-1.16516777645328,1,1,-999,"False",76365.3762105249,-151205.457010526,1,73703.62,-158148.24,NA,"P",0.326122212389381,-0.699770973451327
12,"6864296721939188480",20.95049,26.04747,33.4274396961688,3.50638327331679,4.03501969524341,5.75454888525296,300.23764,-21.934135,18.2982997894287,17.6179008483887,17.3148002624512,17.159200668335,17.0839996337891,17.645319,18.156364,16.93642,0.53299045105807,-7.462013441855,1,1,-999,"False",21976.2162105269,25330.3749894734,1,20950.49,26047.47,NA,"P",0.0927012831858407,0.115254292035398
13,"6852210374730952960",129.04553,-95.60475,160.602045552177,1.010388603467,2.50396646017699,4.7896074504696,300.7328,-22.450998,18.6704998016357,17.9755992889404,17.6658000946045,17.5130004882813,17.3964004516602,18.012733,18.521578,17.273987,-4.57341669361399,-10.8782653574825,1,1,-999,"False",133882.376210527,-91480.6630105267,1,129045.53,-95604.75,NA,"P",0.570997920353982,-0.423029867256637
14,"6864379945520077184",-197.42989,4.80235,197.488288338662,4.69660299193115,-0.0243195353838814,4.72092252731504,299.24234,-22.023283,18.4911994934082,17.738000869751,17.3691005706787,17.1669006347656,17.0604991912842,17.760807,18.31039,16.949366,-1.3571488007138,-8.38918042348804,1,1,-999,"False",-202961.58378947,5182.9269894739,1,-197429.89,4802.35,NA,"P",-0.873583584070797,0.0212493362831858
15,"6864217144784432896",15.34231,-52.90105,55.0809183587075,1.48239415720877,1.85307128137257,5.91250818301578,300.2115,-22.273369,18.2987995147705,17.7828006744385,17.5599994659424,17.4634990692139,17.3920993804932,17.81182,18.231329,17.186989,-2.49104281656565,-6.00814759504844,1,1,-999,"False",16068.5762105273,-51336.509010526,1,15342.31,-52901.05,NA,"P",0.0678863274336283,-0.234075442477876
16,"6865738220340233728",187.04933,19.10234,188.022209451236,0.918933544283122,3.24336443547889,3.95875441598382,300.99197,-21.963596,16.3372001647949,15.6069002151489,15.227499961853,15.0525999069214,14.9131002426147,15.593753,16.183792,14.849949,-4.78284439446076,-2.68809848769552,1,1,-999,"False",192454.796210536,18672.188989474,1,187049.33,19102.34,NA,"P",0.827651902654867,0.0845236283185841
17,"6864528856332462592",-100.42232,156.11578,185.625373047951,0.424868198638776,-0.999177091981434,1.42404529062021,299.68484,-21.38567,18.8115997314453,17.8283996582031,17.382999420166,17.1459007263184,16.9815998077393,17.854033,18.57706,16.996557,3.48208243246462,-3.63870059391654,1,1,-999,"False",-102956.583789471,149283.464989473,1,-100422.32,156115.78,NA,"P",-0.444346548672566,0.690777787610619
18,"6864484845805228800",-104.96007,78.97875,131.355469037141,-0.301358751165319,-0.645076666226423,0.343717915061104,299.65878,-21.708622,15.2871999740601,14.4920997619629,14.1038999557495,13.9140996932983,13.7716999053955,14.487504,15.1171875,13.724192,6.52897581445203,0.337345013039709,1,1,-999,"False",-108846.143789478,76296.3129894733,1,-104960.07,78978.75,NA,"P",-0.464425088495575,0.349463495575221
19,"6864163960208959360",-89.41305,-91.59152,127.998828300156,2.4689420221484,0.797433024307283,1.67150899784111,299.92108,-22.709173,17.7476997375488,17.4503993988037,17.3377990722656,17.3241004943848,17.3330001831055,17.451626,17.716263,16.982727,-5.54858353055556,-4.72898124714066,1,NA,NA,"",-49566.3437894817,-149828.213010526,0,-47632.19,-156345.68,NA,"P",-0.210761902654867,-0.691795044247788
20,"6864092388873697536",-47.63219,-156.34568,163.440500424034,2.20477177457571,1.27507030188137,0.929701472694342,299.72766,-22.436184,17.3169002532959,17.1933994293213,17.201000213623,17.2315006256104,17.2112007141113,17.175383,17.317902,16.854609,-2.02770963217676,-6.3343156922006,1,NA,NA,"",-93279.2637894696,-88132.6990105264,0,-89413.05,-91591.52,NA,"P",-0.39563296460177,-0.405272212389381
NA,"Sky-A1-1",-222.70223,81.0723,NA,NA,NA,NA,299.140857,-21.704839569,NA,NA,NA,NA,NA,NA,NA,NA,NA,NA,NA,NA,NA,"",NA,NA,NA,-222702.23,81072.3,3,"S",-0.985408097345133,0.358726991150442
NA,"Sky-A1-2",-222.23219,93.24117,NA,NA,NA,NA,299.1444029,-21.654531399,NA,NA,NA,NA,NA,NA,NA,NA,NA,NA,NA,NA,NA,"",NA,NA,NA,-222232.19,93241.17,1,"S",-0.983328274336283,0.412571548672566
NA,"Sky-A1-3",-217.48859,103.8257,NA,NA,NA,NA,299.1659662,-21.610566404,NA,NA,NA,NA,NA,NA,NA,NA,NA,NA,NA,NA,NA,"",NA,NA,NA,-217488.59,103825.7,1,"S",-0.96233889380531,0.459405752212389
NA,"Sky-A1-4",-210.47976,113.22222,NA,NA,NA,NA,299.1971182,-21.571346567,NA,NA,NA,NA,NA,NA,NA,NA,NA,NA,NA,NA,NA,"",NA,NA,NA,-210479.76,113222.22,2,"S",-0.931326371681416,0.500983274336283
NA,"Sky-A1-5",-204.78839,123.21816,NA,NA,NA,NA,299.2228985,-21.529826657,NA,NA,NA,NA,NA,NA,NA,NA,NA,NA,NA,NA,NA,"",NA,NA,NA,-204788.39,123218.16,2,"S",-0.906143318584071,0.545213097345133
NA,"Sky-A1-6",-198.62268,132.92867,NA,NA,NA,NA,299.2507828,-21.489503675,NA,NA,NA,NA,NA,NA,NA,NA,NA,NA,NA,NA,NA,"",NA,NA,NA,-198622.68,132928.67,2,"S",-0.878861415929204,0.588179955752212
NA,"Sky-A1-7",-191.99688,142.3313,NA,NA,NA,NA,299.2807055,-21.450469996,NA,NA,NA,NA,NA,NA,NA,NA,NA,NA,NA,NA,NA,"",NA,NA,NA,-191996.88,142331.3,2,"S",-0.849543716814159,0.629784513274336
NA,"Sky-A2-1",-3.01251,240.9813,NA,NA,NA,NA,300.1273833,-21.042289972,NA,NA,NA,NA,NA,NA,NA,NA,NA,NA,NA,NA,NA,"",NA,NA,NA,-3012.51,240981.3,1,"S",-0.0133296902654867,1.0662889380531
NA,"Sky-A2-2",8.5856,240.84715,NA,NA,NA,NA,300.1791554,-21.042873637,NA,NA,NA,NA,NA,NA,NA,NA,NA,NA,NA,NA,NA,"",NA,NA,NA,8585.6,240847.15,1,"S",0.0379893805309735,1.0656953539823
NA,"Sky-A2-3",20.16382,240.15512,NA,NA,NA,NA,300.2308379,-21.045766438,NA,NA,NA,NA,NA,NA,NA,NA,NA,NA,NA,NA,NA,"",NA,NA,NA,20163.82,240155.12,1,"S",0.0892204424778761,1.06263327433628
NA,"Sky-A2-4",31.16926,234.94143,NA,NA,NA,NA,300.2801242,-21.066418023,NA,NA,NA,NA,NA,NA,NA,NA,NA,NA,NA,NA,NA,"",NA,NA,NA,31169.26,234941.43,3,"S",0.137917079646018,1.03956384955752
NA,"Sky-A2-5",43.15344,237.10513,NA,NA,NA,NA,300.3334647,-21.058447409,NA,NA,NA,NA,NA,NA,NA,NA,NA,NA,NA,NA,NA,"",NA,NA,NA,43153.44,237105.13,1,"S",0.190944424778761,1.04913774336283
NA,"Sky-A2-6",54.51158,234.75423,NA,NA,NA,NA,300.3841757,-21.068206516,NA,NA,NA,NA,NA,NA,NA,NA,NA,NA,NA,NA,NA,"",NA,NA,NA,54511.58,234754.23,1,"S",0.241201681415929,1.03873553097345
NA,"Sky-A2-7",64.65225,228.01116,NA,NA,NA,NA,300.4297965,-21.095220395,NA,NA,NA,NA,NA,NA,NA,NA,NA,NA,NA,NA,NA,"",NA,NA,NA,64652.25,228011.16,3,"S",0.286071902654867,1.0088989380531
NA,"Sky-A3-1",231.67752,66.38214,NA,NA,NA,NA,301.1791775,-21.766863997,NA,NA,NA,NA,NA,NA,NA,NA,NA,NA,NA,NA,NA,"",NA,NA,NA,231677.52,66382.14,1,"S",1.0251217699115,0.293726283185841
NA,"Sky-A3-2",232.65609,54.7005,NA,NA,NA,NA,301.1844453,-21.81534285,NA,NA,NA,NA,NA,NA,NA,NA,NA,NA,NA,NA,NA,"",NA,NA,NA,232656.09,54700.5,2,"S",1.02945172566372,0.242037610619469
NA,"Sky-A3-3",235.0185,43.4431,NA,NA,NA,NA,301.195342,-21.862170142,NA,NA,NA,NA,NA,NA,NA,NA,NA,NA,NA,NA,NA,"",NA,NA,NA,235018.5,43443.1,2,"S",1.03990486725664,0.19222610619469
NA,"Sky-A3-4",243.77318,33.02479,NA,NA,NA,NA,301.2327725,-21.905602476,NA,NA,NA,NA,NA,NA,NA,NA,NA,NA,NA,NA,NA,"",NA,NA,NA,243773.18,33024.79,0,"S",1.07864238938053,0.146127389380531
NA,"Sky-A3-5",240.09865,20.82553,NA,NA,NA,NA,301.2181594,-21.9562839,NA,NA,NA,NA,NA,NA,NA,NA,NA,NA,NA,NA,NA,"",NA,NA,NA,240098.65,20825.53,1,"S",1.06238340707965,0.0921483628318584
NA,"Sky-A3-6",240.82258,9.24926,NA,NA,NA,NA,301.2217258,-22.00444839,NA,NA,NA,NA,NA,NA,NA,NA,NA,NA,NA,NA,NA,"",NA,NA,NA,240822.58,9249.26,1,"S",1.06558663716814,0.0409259292035398
NA,"Sky-A3-7",240.98869,2.34844,NA,NA,NA,NA,301.2226615,-22.033166314,NA,NA,NA,NA,NA,NA,NA,NA,NA,NA,NA,NA,NA,"",NA,NA,NA,240988.69,2348.44,1,"S",1.06632163716814,0.0103913274336283
NA,"Sky-A4-1",210.21182,-117.86456,NA,NA,NA,NA,301.0873836,-22.534213741,NA,NA,NA,NA,NA,NA,NA,NA,NA,NA,NA,NA,NA,"",NA,NA,NA,210211.82,-117864.56,1,"S",0.930140796460177,-0.521524601769911
NA,"Sky-A4-2",208.53582,-130.49449,NA,NA,NA,NA,301.0788113,-22.58603903,NA,NA,NA,NA,NA,NA,NA,NA,NA,NA,NA,NA,NA,"",NA,NA,NA,208535.82,-130494.49,0,"S",0.922724867256637,-0.577409247787611
NA,"Sky-A4-3",197.90977,-137.52377,NA,NA,NA,NA,301.0324173,-22.616299622,NA,NA,NA,NA,NA,NA,NA,NA,NA,NA,NA,NA,NA,"",NA,NA,NA,197909.77,-137523.77,1,"S",0.875706946902655,-0.608512256637168
NA,"Sky-A4-4",191.06371,-146.88677,NA,NA,NA,NA,301.0017675,-22.655409425,NA,NA,NA,NA,NA,NA,NA,NA,NA,NA,NA,NA,NA,"",NA,NA,NA,191063.71,-146886.77,1,"S",0.845414646017699,-0.649941460176991
NA,"Sky-A4-5",182.24989,-154.61558,NA,NA,NA,NA,300.9626501,-22.688113229,NA,NA,NA,NA,NA,NA,NA,NA,NA,NA,NA,NA,NA,"",NA,NA,NA,182249.89,-154615.58,2,"S",0.806415442477876,-0.684139734513274
NA,"Sky-A4-6",176.06079,-164.57115,NA,NA,NA,NA,300.934485,-22.729305232,NA,NA,NA,NA,NA,NA,NA,NA,NA,NA,NA,NA,NA,"",NA,NA,NA,176060.79,-164571.15,1,"S",0.779030044247788,-0.72819092920354
NA,"Sky-A4-7",167.93867,-172.85157,NA,NA,NA,NA,300.8980069,-22.76391809,NA,NA,NA,NA,NA,NA,NA,NA,NA,NA,NA,NA,NA,"",NA,NA,NA,167938.67,-172851.57,1,"S",0.743091460176991,-0.764829955752212
NA,"Sky-A5-1",-148.4702,-189.83588,NA,NA,NA,NA,299.4694221,-22.834888183,NA,NA,NA,NA,NA,NA,NA,NA,NA,NA,NA,NA,NA,"",NA,NA,NA,-148470.2,-189835.88,1,"S",-0.656947787610619,-0.839981769911504
NA,"Sky-A5-2",-157.43205,-182.47249,NA,NA,NA,NA,299.4290933,-22.804077946,NA,NA,NA,NA,NA,NA,NA,NA,NA,NA,NA,NA,NA,"",NA,NA,NA,-157432.05,-182472.49,1,"S",-0.696601991150442,-0.807400398230088
NA,"Sky-A5-3",-166.02924,-174.68645,NA,NA,NA,NA,299.3904366,-22.771505137,NA,NA,NA,NA,NA,NA,NA,NA,NA,NA,NA,NA,NA,"",NA,NA,NA,-166029.24,-174686.45,1,"S",-0.734642654867257,-0.77294889380531
NA,"Sky-A5-4",-174.24185,-166.49577,NA,NA,NA,NA,299.3535418,-22.737246135,NA,NA,NA,NA,NA,NA,NA,NA,NA,NA,NA,NA,NA,"",NA,NA,NA,-174241.85,-166495.77,1,"S",-0.770981637168142,-0.736706946902655
NA,"Sky-A5-5",-180.53997,-156.60881,NA,NA,NA,NA,299.3248946,-22.696319529,NA,NA,NA,NA,NA,NA,NA,NA,NA,NA,NA,NA,NA,"",NA,NA,NA,-180539.97,-156608.81,2,"S",-0.798849424778761,-0.692959336283186
NA,"Sky-A5-6",-189.43818,-148.97731,NA,NA,NA,NA,299.2853755,-22.663995007,NA,NA,NA,NA,NA,NA,NA,NA,NA,NA,NA,NA,NA,"",NA,NA,NA,-189438.18,-148977.31,1,"S",-0.83822203539823,-0.659191637168142
NA,"Sky-A5-7",-194.75684,-138.53077,NA,NA,NA,NA,299.2611582,-22.620705585,NA,NA,NA,NA,NA,NA,NA,NA,NA,NA,NA,NA,NA,"",NA,NA,NA,-194756.84,-138530.77,2,"S",-0.86175592920354,-0.612968008849557
NA,"Sky-H1-1",-181.17025,158.92893,NA,NA,NA,NA,299.3300386,-21.381896985,NA,NA,NA,NA,NA,NA,NA,NA,NA,NA,NA,NA,NA,"",NA,NA,NA,-181170.25,158928.93,1,"S",-0.801638274336283,0.703225353982301
NA,"Sky-H1-2",-173.31368,167.46173,NA,NA,NA,NA,299.3653902,-21.346520694,NA,NA,NA,NA,NA,NA,NA,NA,NA,NA,NA,NA,NA,"",NA,NA,NA,-173313.68,167461.73,1,"S",-0.766874690265487,0.74098110619469
NA,"Sky-H1-3",-163.68583,174.14922,NA,NA,NA,NA,299.4082088,-21.318464708,NA,NA,NA,NA,NA,NA,NA,NA,NA,NA,NA,NA,NA,"",NA,NA,NA,-163685.83,174149.22,2,"S",-0.724273584070796,0.770571769911504
NA,"Sky-H1-4",-155.1172,181.82314,NA,NA,NA,NA,299.4467152,-21.286647457,NA,NA,NA,NA,NA,NA,NA,NA,NA,NA,NA,NA,NA,"",NA,NA,NA,-155117.2,181823.14,2,"S",-0.686359292035398,0.804527168141593
NA,"Sky-H1-5",-147.4127,190.65822,NA,NA,NA,NA,299.4817217,-21.250399629,NA,NA,NA,NA,NA,NA,NA,NA,NA,NA,NA,NA,NA,"",NA,NA,NA,-147412.7,190658.22,1,"S",-0.652268584070796,0.843620442477876
NA,"Sky-H1-6",-138.06861,197.53006,NA,NA,NA,NA,299.5236258,-21.221939305,NA,NA,NA,NA,NA,NA,NA,NA,NA,NA,NA,NA,NA,"",NA,NA,NA,-138068.61,197530.06,1,"S",-0.610923053097345,0.874026814159292
NA,"Sky-H1-7",-128.4047,203.94434,NA,NA,NA,NA,299.5669356,-21.195380892,NA,NA,NA,NA,NA,NA,NA,NA,NA,NA,NA,NA,NA,"",NA,NA,NA,-128404.7,203944.34,1,"S",-0.568162389380531,0.902408584070796
NA,"Sky-H1-8",-118.44464,209.88551,NA,NA,NA,NA,299.6115457,-21.170787857,NA,NA,NA,NA,NA,NA,NA,NA,NA,NA,NA,NA,NA,"",NA,NA,NA,-118444.64,209885.51,1,"S",-0.524091327433628,0.928696946902655
NA,"Sky-H2-1",-99.97981,217.08302,NA,NA,NA,NA,299.6939126,-21.140574158,NA,NA,NA,NA,NA,NA,NA,NA,NA,NA,NA,NA,NA,"",NA,NA,NA,-99979.81,217083.02,2,"S",-0.442388539823009,0.960544336283186
NA,"Sky-H2-2",-90.16757,223.49692,NA,NA,NA,NA,299.7380739,-21.114472552,NA,NA,NA,NA,NA,NA,NA,NA,NA,NA,NA,NA,NA,"",NA,NA,NA,-90167.57,223496.92,1,"S",-0.398971548672566,0.988924424778761
NA,"Sky-H2-3",-79.30977,227.57641,NA,NA,NA,NA,299.7866191,-21.097604176,NA,NA,NA,NA,NA,NA,NA,NA,NA,NA,NA,NA,NA,"",NA,NA,NA,-79309.77,227576.41,1,"S",-0.350928185840708,1.00697526548673
NA,"Sky-H2-4",-68.26826,231.12877,NA,NA,NA,NA,299.8359679,-21.082920932,NA,NA,NA,NA,NA,NA,NA,NA,NA,NA,NA,NA,NA,"",NA,NA,NA,-68268.26,231128.77,1,"S",-0.302071946902655,1.02269367256637
NA,"Sky-H2-5",-56.12139,230.2594,NA,NA,NA,NA,299.8899329,-21.085614059,NA,NA,NA,NA,NA,NA,NA,NA,NA,NA,NA,NA,NA,"",NA,NA,NA,-56121.39,230259.4,3,"S",-0.248324734513274,1.01884690265487
NA,"Sky-H2-6",-45.35721,234.65661,NA,NA,NA,NA,299.9381951,-21.06788918,NA,NA,NA,NA,NA,NA,NA,NA,NA,NA,NA,NA,NA,"",NA,NA,NA,-45357.21,234656.61,2,"S",-0.200695619469027,1.0383035840708
NA,"Sky-H2-7",-34.01436,236.56716,NA,NA,NA,NA,299.9888803,-21.060002569,NA,NA,NA,NA,NA,NA,NA,NA,NA,NA,NA,NA,NA,"",NA,NA,NA,-34014.36,236567.16,2,"S",-0.150506017699115,1.04675734513274
NA,"Sky-H2-8",-22.78326,239.92079,NA,NA,NA,NA,300.0391215,-21.046631525,NA,NA,NA,NA,NA,NA,NA,NA,NA,NA,NA,NA,NA,"",NA,NA,NA,-22783.26,239920.79,1,"S",-0.100810884955752,1.0615964159292
NA,"Sky-H3-1",183.0814,153.63008,NA,NA,NA,NA,300.9600635,-21.404308079,NA,NA,NA,NA,NA,NA,NA,NA,NA,NA,NA,NA,NA,"",NA,NA,NA,183081.4,153630.08,2,"S",0.810094690265487,0.679779115044248
NA,"Sky-H3-2",191.8534,145.85382,NA,NA,NA,NA,300.9990044,-21.43687213,NA,NA,NA,NA,NA,NA,NA,NA,NA,NA,NA,NA,NA,"",NA,NA,NA,191853.4,145853.82,1,"S",0.848908849557522,0.645370884955752
NA,"Sky-H3-3",197.0002,135.32155,NA,NA,NA,NA,301.022737,-21.480315693,NA,NA,NA,NA,NA,NA,NA,NA,NA,NA,NA,NA,NA,"",NA,NA,NA,197000.2,135321.55,2,"S",0.871682300884956,0.598767920353982
NA,"Sky-H3-4",201.58181,124.63455,NA,NA,NA,NA,301.043975,-21.524462075,NA,NA,NA,NA,NA,NA,NA,NA,NA,NA,NA,NA,NA,"",NA,NA,NA,201581.81,124634.55,3,"S",0.891954911504425,0.551480309734513
NA,"Sky-H3-5",210.84465,116.72873,NA,NA,NA,NA,301.0846245,-21.557747176,NA,NA,NA,NA,NA,NA,NA,NA,NA,NA,NA,NA,NA,"",NA,NA,NA,210844.65,116728.73,1,"S",0.93294092920354,0.516498805309734
NA,"Sky-H3-6",214.42233,105.56546,NA,NA,NA,NA,301.1014325,-21.603904235,NA,NA,NA,NA,NA,NA,NA,NA,NA,NA,NA,NA,NA,"",NA,NA,NA,214422.33,105565.46,2,"S",0.948771371681416,0.467103805309734
NA,"Sky-H3-7",219.25319,95.12644,NA,NA,NA,NA,301.123329,-21.647279106,NA,NA,NA,NA,NA,NA,NA,NA,NA,NA,NA,NA,NA,"",NA,NA,NA,219253.19,95126.44,2,"S",0.97014685840708,0.420913451327434
NA,"Sky-H3-8",225.44672,85.17533,NA,NA,NA,NA,301.1507766,-21.688779583,NA,NA,NA,NA,NA,NA,NA,NA,NA,NA,NA,NA,NA,"",NA,NA,NA,225446.72,85175.33,1,"S",0.99755185840708,0.376881991150442
NA,"Sky-H4-1",239.9828,-22.12059,NA,NA,NA,NA,301.2188188,-22.135032705,NA,NA,NA,NA,NA,NA,NA,NA,NA,NA,NA,NA,NA,"",NA,NA,NA,239982.8,-22120.59,1,"S",1.06187079646018,-0.0978787168141593
NA,"Sky-H4-2",236.66,-33.36235,NA,NA,NA,NA,301.204786,-22.181983195,NA,NA,NA,NA,NA,NA,NA,NA,NA,NA,NA,NA,NA,"",NA,NA,NA,236660,-33362.35,2,"S",1.04716814159292,-0.147621017699115
NA,"Sky-H4-3",236.74552,-45.08459,NA,NA,NA,NA,301.2049011,-22.230688332,NA,NA,NA,NA,NA,NA,NA,NA,NA,NA,NA,NA,NA,"",NA,NA,NA,236745.52,-45084.59,1,"S",1.04754654867257,-0.199489336283186
NA,"Sky-H4-4",234.30213,-56.42319,NA,NA,NA,NA,301.1942239,-22.277938732,NA,NA,NA,NA,NA,NA,NA,NA,NA,NA,NA,NA,NA,"",NA,NA,NA,234302.13,-56423.19,1,"S",1.03673508849558,-0.249660132743363
NA,"Sky-H4-5",236.11497,-69.0342,NA,NA,NA,NA,301.2012221,-22.329966376,NA,NA,NA,NA,NA,NA,NA,NA,NA,NA,NA,NA,NA,"",NA,NA,NA,236114.97,-69034.2,0,"S",1.04475650442478,-0.305461061946903
NA,"Sky-H4-6",225.90356,-78.02935,NA,NA,NA,NA,301.1575852,-22.368247227,NA,NA,NA,NA,NA,NA,NA,NA,NA,NA,NA,NA,NA,"",NA,NA,NA,225903.56,-78029.35,2,"S",0.999573274336283,-0.345262610619469
NA,"Sky-H4-7",223.74453,-89.55136,NA,NA,NA,NA,301.1476054,-22.416067925,NA,NA,NA,NA,NA,NA,NA,NA,NA,NA,NA,NA,NA,"",NA,NA,NA,223744.53,-89551.36,1,"S",0.990020044247788,-0.396244955752212
NA,"Sky-H4-8",215.5394,-98.54829,NA,NA,NA,NA,301.1119706,-22.45416182,NA,NA,NA,NA,NA,NA,NA,NA,NA,NA,NA,NA,NA,"",NA,NA,NA,215539.4,-98548.29,3,"S",0.953714159292035,-0.436054380530973
NA,"Sky-H5-1",41.83481,-237.34134,NA,NA,NA,NA,300.3291533,-23.033777894,NA,NA,NA,NA,NA,NA,NA,NA,NA,NA,NA,NA,NA,"",NA,NA,NA,41834.81,-237341.34,1,"S",0.185109778761062,-1.05018292035398
NA,"Sky-H5-2",30.36687,-239.07931,NA,NA,NA,NA,300.2773014,-23.041058815,NA,NA,NA,NA,NA,NA,NA,NA,NA,NA,NA,NA,NA,"",NA,NA,NA,30366.87,-239079.31,1,"S",0.134366681415929,-1.05787305309735
NA,"Sky-H5-3",18.8286,-240.26349,NA,NA,NA,NA,300.2251244,-23.04602042,NA,NA,NA,NA,NA,NA,NA,NA,NA,NA,NA,NA,NA,"",NA,NA,NA,18828.6,-240263.49,1,"S",0.083312389380531,-1.06311278761062
NA,"Sky-H5-4",7.2467,-240.89115,NA,NA,NA,NA,300.1727456,-23.048650946,NA,NA,NA,NA,NA,NA,NA,NA,NA,NA,NA,NA,NA,"",NA,NA,NA,7246.7,-240891.15,1,"S",0.0320650442477876,-1.06589004424779
NA,"Sky-H5-5",-4.31585,-238.96103,NA,NA,NA,NA,300.1204457,-23.041176996,NA,NA,NA,NA,NA,NA,NA,NA,NA,NA,NA,NA,NA,"",NA,NA,NA,-4315.85,-238961.03,2,"S",-0.0190966814159292,-1.05734969026549
NA,"Sky-H5-6",-15.94057,-240.47237,NA,NA,NA,NA,300.0678779,-23.046898955,NA,NA,NA,NA,NA,NA,NA,NA,NA,NA,NA,NA,NA,"",NA,NA,NA,-15940.57,-240472.37,1,"S",-0.0705334955752212,-1.06403703539823
NA,"Sky-H5-7",-27.49224,-239.4269,NA,NA,NA,NA,300.015637,-23.042520364,NA,NA,NA,NA,NA,NA,NA,NA,NA,NA,NA,NA,NA,"",NA,NA,NA,-27492.24,-239426.9,1,"S",-0.121647079646018,-1.0594110619469
NA,"Sky-H5-8",-38.65529,-235.85328,NA,NA,NA,NA,299.9650745,-23.02815426,NA,NA,NA,NA,NA,NA,NA,NA,NA,NA,NA,NA,NA,"",NA,NA,NA,-38655.29,-235853.28,2,"S",-0.17104110619469,-1.0435985840708
NA,"Sky-H6-1",-58.36925,-233.82492,NA,NA,NA,NA,299.8760332,-23.019056227,NA,NA,NA,NA,NA,NA,NA,NA,NA,NA,NA,NA,NA,"",NA,NA,NA,-58369.25,-233824.92,1,"S",-0.258271017699115,-1.03462353982301
NA,"Sky-H6-2",-69.55194,-230.74573,NA,NA,NA,NA,299.8254925,-23.00615931,NA,NA,NA,NA,NA,NA,NA,NA,NA,NA,NA,NA,NA,"",NA,NA,NA,-69551.94,-230745.73,1,"S",-0.307751946902655,-1.02099880530973
NA,"Sky-H6-3",-80.57354,-227.13205,NA,NA,NA,NA,299.775694,-22.991024536,NA,NA,NA,NA,NA,NA,NA,NA,NA,NA,NA,NA,NA,"",NA,NA,NA,-80573.54,-227132.05,1,"S",-0.356520088495575,-1.00500907079646
NA,"Sky-H6-4",-93.30489,-227.61853,NA,NA,NA,NA,299.718716,-22.991579053,NA,NA,NA,NA,NA,NA,NA,NA,NA,NA,NA,NA,NA,"",NA,NA,NA,-93304.89,-227618.53,0,"S",-0.412853495575221,-1.00716163716814
NA,"Sky-H6-5",-101.18493,-216.52393,NA,NA,NA,NA,299.6823915,-22.947159415,NA,NA,NA,NA,NA,NA,NA,NA,NA,NA,NA,NA,NA,"",NA,NA,NA,-101184.93,-216523.93,2,"S",-0.44772092920354,-0.958070486725664
NA,"Sky-H6-6",-111.48562,-211.40472,NA,NA,NA,NA,299.6358805,-22.92571376,NA,NA,NA,NA,NA,NA,NA,NA,NA,NA,NA,NA,NA,"",NA,NA,NA,-111485.62,-211404.72,2,"S",-0.493299203539823,-0.935419115044248
NA,"Sky-H6-7",-122.54511,-207.51809,NA,NA,NA,NA,299.5862373,-22.908896641,NA,NA,NA,NA,NA,NA,NA,NA,NA,NA,NA,NA,NA,"",NA,NA,NA,-122545.11,-207518.09,1,"S",-0.542235,-0.918221637168142
NA,"Sky-H6-8",-132.38652,-201.3824,NA,NA,NA,NA,299.5418697,-22.883212433,NA,NA,NA,NA,NA,NA,NA,NA,NA,NA,NA,NA,NA,"",NA,NA,NA,-132386.52,-201382.4,1,"S",-0.585781061946903,-0.891072566371681
NA,"Sky-H7-1",-207.18967,-123.09956,NA,NA,NA,NA,299.2059771,-22.555848658,NA,NA,NA,NA,NA,NA,NA,NA,NA,NA,NA,NA,NA,"",NA,NA,NA,-207189.67,-123099.56,1,"S",-0.916768451327434,-0.544688318584071
NA,"Sky-H7-2",-211.10586,-112.05051,NA,NA,NA,NA,299.1880985,-22.510009637,NA,NA,NA,NA,NA,NA,NA,NA,NA,NA,NA,NA,NA,"",NA,NA,NA,-211105.86,-112050.51,2,"S",-0.934096725663717,-0.495798716814159
NA,"Sky-H7-3",-218.06235,-102.61518,NA,NA,NA,NA,299.1575336,-22.470291503,NA,NA,NA,NA,NA,NA,NA,NA,NA,NA,NA,NA,NA,"",NA,NA,NA,-218062.35,-102615.18,1,"S",-0.964877654867257,-0.454049469026549
NA,"Sky-H7-4",-220.8984,-91.24087,NA,NA,NA,NA,299.1445317,-22.423070451,NA,NA,NA,NA,NA,NA,NA,NA,NA,NA,NA,NA,NA,"",NA,NA,NA,-220898.4,-91240.87,2,"S",-0.977426548672566,-0.403720663716814
NA,"Sky-H7-5",-223.14943,-79.83315,NA,NA,NA,NA,299.1341688,-22.375668838,NA,NA,NA,NA,NA,NA,NA,NA,NA,NA,NA,NA,NA,"",NA,NA,NA,-223149.43,-79833.15,3,"S",-0.98738685840708,-0.353244026548673
NA,"Sky-H7-6",-235.34217,-71.62444,NA,NA,NA,NA,299.082092,-22.340373639,NA,NA,NA,NA,NA,NA,NA,NA,NA,NA,NA,NA,NA,"",NA,NA,NA,-235342.17,-71624.44,0,"S",-1.04133703539823,-0.316922300884956
NA,"Sky-H7-7",-233.66801,-58.99428,NA,NA,NA,NA,299.0885291,-22.288247745,NA,NA,NA,NA,NA,NA,NA,NA,NA,NA,NA,NA,NA,"",NA,NA,NA,-233668.01,-58994.28,1,"S",-1.03392924778761,-0.261036637168142
NA,"Sky-H7-8",-236.23556,-47.68464,NA,NA,NA,NA,299.0773186,-22.241082125,NA,NA,NA,NA,NA,NA,NA,NA,NA,NA,NA,NA,NA,"",NA,NA,NA,-236235.56,-47684.64,1,"S",-1.04529008849558,-0.210993982300885
