#OBSTEMP,8
#CONFIGTEMP,19
#EQUINOX,J2000.0
#CENTRE,20 00 17.79,-22 00 50.5 #Field centre
#UTTIME,12 00 00.00 #Target observing time
#UTDATE,2021 07 10 #Target observing date
#PLATEID,a test_plateID
#LABEL,300_m20_comissioning Tile 000
#TILING_DATE,2021 06 07 # Date the tile was created/configured
#PROXIMITY,220 # tiling proximity value in arcseconds
"ID","RA","DEC","g_mag","r_mag","i_mag","z_mag","y_mag","GAIA_g_mag","GAIA_bp_mag","GAIA_rp_mag","pmRA","pmDEC","priority","remaining_observations","Tile_number","COMPLETED","MagnetX_noDC","MagnetY_noDC","type","MagnetX","MagnetY","Position","fibre_type","x","y","grads","gangs","gazAngs","gangs_gazAng"
"6864235050507494528",300.73398,-22.083553,NA,11.1969995498657,NA,NA,NA,NA,NA,NA,11.8207138893405,-47.3446832355894,NA,NA,NA,NA,149123.041010097,-15713.4855151517,2,143741.04,-16616.86,NA,"G",-186.28592,-71.29396,199.462459432165,4.76691193074163,0.365515156352623,4.40139677438901
"6864317097262996096",299.99063,-21.762323,NA,12.3168001174927,NA,NA,NA,NA,NA,NA,0.857401274660125,-2.78388136381946,NA,NA,NA,NA,-18874.0589899079,56884.4944848474,2,-18089.65,58624.83,NA,"G",18.85695,207.04757,207.904499244743,2.65287008291372,4.62156410308637,4.31449128700693
"6864297275993255168",300.32556,-21.936121,NA,13.1969995498657,NA,NA,NA,NA,NA,NA,-0.518102247488317,-2.85894154964932,NA,NA,NA,NA,56820.1210101017,17606.1464848479,2,54304.85,18115.21,NA,"G",-167.79735,120.06093,206.326386047658,3.12217127414418,-0.621060670252168,3.74323194439635
"6864253432967543680",300.68863,-21.910965,NA,13.5031995773315,NA,NA,NA,NA,NA,NA,4.98119987526924,-5.37968384761146,NA,NA,NA,NA,138873.9410101,23291.4024848477,2,133816.35,23964.06,NA,"G",174.25435,96.98055,199.42368357902,1.23718343888237,3.64944763851555,3.87092110754641
"6864192684949374848",300.36475,-22.501371,NA,13.5939998626709,NA,NA,NA,NA,NA,NA,2.51431770727811,-8.27571105127203,NA,NA,NA,NA,65677.0610101061,-110140.353515152,2,63033.16,-114389.04,NA,"G",172.36085,44.3131,177.966045762478,1.1523138793877,3.39323766657423,4.04226151999306
"6864369740682301312",299.2787,-22.126495,NA,13.5972003936768,NA,NA,NA,NA,NA,NA,0.0843640266603263,-5.3544862231248,NA,NA,NA,NA,-179770.238989894,-25418.3775151526,2,-174037.47,-27071.76,NA,"G",166.41453,-28.9121,168.907386817542,1.13929454240846,2.96957424295071,4.45290560663734
