#OBSTEMP,8
#CONFIGTEMP,19
#EQUINOX,J2000.0
#CENTRE,19 59 40.71,-21 57 34.0 #Field centre
#UTTIME,12 00 00.00 #Target observing time
#UTDATE,2021 07 10 #Target observing date
#PLATEID,a test_plateID
#LABEL,300_m20_comissioning Tile 012
#TILING_DATE,2021 06 07 # Date the tile was created/configured
#PROXIMITY,220 # tiling proximity value in arcseconds
"probe","ID","x","y","rads","angs","azAngs","angs_azAng","RA","DEC","g_mag","r_mag","i_mag","z_mag","y_mag","GAIA_g_mag","GAIA_bp_mag","GAIA_rp_mag","pmRA","pmDEC","priority","remaining_observations","Tile_number","COMPLETED","MagnetX_noDC","MagnetY_noDC","type","MagnetX","MagnetY","Position","fibre_type","fraction_plate_radius_X","fraction_plate_radius_Y"
1,"6865835767637732608",133.52203,154.35462,204.091845037143,0.124950511200531,3.99923126382547,2.40890455455464,300.52332,-21.308714,17.630199432373,17.0032997131348,16.7369995117188,16.6011009216309,16.5111999511719,17.033102,17.529543,16.363613,1.80263217479174,-2.43607227720878,1,1,-999,"False",136429.182105276,147064.376342105,1,133522.03,154354.62,NA,"P",0.590805442477876,0.682985044247787
2,"6864228075479921792",153.13526,-58.48166,163.922275519904,0.49228737016347,2.77679039863874,3.99868227870432,300.62112,-22.20616,16.3460998535156,15.7649002075195,15.5321998596191,15.417200088501,15.329400062561,15.800417,16.269836,15.164411,12.7762073002234,-2.97378119384599,1,1,-999,"False",158531.982105277,-55758.4196578952,1,153135.26,-58481.66,NA,"P",0.677589646017699,-0.258768407079646
3,"6864173920234053760",-130.5133,-100.87945,164.955705900683,-1.4569384922304,0.658024184557811,4.16822263039137,299.32074,-22.38606,18.9034996032715,17.80419921875,17.3187007904053,17.0765991210938,16.9318008422852,17.819502,18.560982,16.943092,4.76176119189494,0.726410799467781,1,1,-999,"False",-135353.897894727,-96415.8196578952,1,-130513.3,-100879.45,NA,"P",-0.577492477876106,-0.446369247787611
4,"6864499379974672384",-90.13511,87.86468,125.87509700578,-0.233704155500537,-0.772643615305277,0.53893945980474,299.50613,-21.58387,18.5265998840332,17.3799991607666,16.8759994506836,16.628999710083,16.4613990783691,17.386246,18.094404,16.497244,-2.56209831520376,-13.193202728846,1,1,-999,"False",-93455.7578947307,84879.1203421047,1,-90135.11,87864.68,NA,"P",-0.398827920353982,0.388781769911504
5,"6864374207449187712",-162.11349,-18.8816,163.209370008404,-1.55384091779658,0.115949068434694,4.61339532094831,299.17737,-22.037703,18.2863006591797,17.7765007019043,17.5604000091553,17.4615001678467,17.3850002288818,17.804771,18.227592,17.198141,-3.71831005487079,-3.06171959369608,1,1,-999,"False",-167755.517894728,-17687.1376578951,1,-162113.49,-18881.6,NA,"P",-0.717316327433628,-0.0835469026548672
6,"6865755743806897152",185.41848,40.99472,189.896234279116,0.963794815887062,3.35918521901406,3.88779490405259,300.76248,-21.784513,17.2399005889893,16.6333999633789,16.3791999816895,16.2705001831055,16.1830005645752,16.665527,17.135944,16.016777,2.33516963741608,-5.66738697384517,1,1,-999,"False",190479.342105269,39533.8023421049,1,185418.48,40994.72,NA,"P",0.820435752212389,0.181392566371681
7,"6864587890661251712",-33.67791,203.46768,206.23602601522,0.509186686347658,-1.4067638209932,1.91595050734086,299.76807,-21.102957,16.1905002593994,15.5614004135132,15.3037996292114,15.1932001113892,15.1005001068115,15.595767,16.086288,14.942831,-3.21397550953983,-3.42749149857449,1,1,-999,"False",-34257.3178947221,193565.458342105,1,-33677.91,203467.68,NA,"P",-0.149017300884956,0.900299469026549
8,"6864556863817126528",-125.11508,144.46893,191.115292372827,0.419266871944215,-0.857066740377466,1.27633361232168,299.35278,-21.348452,16.729700088501,16.1282005310059,15.8613004684448,15.752799987793,15.6614999771118,16.155796,16.632523,15.507327,0.203108373016154,-4.30172282776843,1,1,-999,"False",-128112.857894728,138083.588342105,1,-125115.08,144468.93,NA,"P",-0.553606548672566,0.639243053097345
9,"6864489381290760832",-110.13316,43.46888,118.401251936118,-0.682248972575406,-0.375923749709736,5.97686008431392,299.41312,-21.772861,17.2444000244141,16.694299697876,16.4512004852295,16.3348999023438,16.2423992156982,16.717842,17.154802,16.077414,0.0700952469544946,5.24083249151916,1,1,-999,"False",-114476.017894729,42167.1543421052,1,-110133.16,43468.88,NA,"P",-0.487314867256637,0.19234017699115
10,"6852191275014265728",153.43796,-101.31201,183.867699553787,4.24930658002999,2.55802465957088,1.6912819204591,300.62054,-22.386105,14.9413003921509,14.3253002166748,14.0931997299194,13.9882001876831,13.9257001876831,14.363163,14.849232,13.732016,-10.5967641178772,-15.4872412650981,1,1,-999,"False",158400.902105274,-96425.9896578952,1,153437.96,-101312.01,NA,"P",0.678929026548673,-0.448283230088496
11,"6864241750656489600",186.67311,5.85951,186.765049874199,0.799176072854699,3.1729714993172,3.90938988071709,300.7695,-21.932735,17.2653999328613,16.6040992736816,16.3297004699707,16.2061996459961,16.1240997314453,16.640617,17.139017,15.964775,0.990339261850638,1.45751921042832,1,1,-999,"False",192065.862105271,6035.63034210475,1,186673.11,5859.51,NA,"P",0.82598721238938,0.0259270353982301
12,"6864206394485114880",91.62468,-67.99309,114.097073901352,4.19044660580565,2.50317790225055,1.68726870355509,300.34247,-22.249468,17.7586002349854,17.1697006225586,16.9153995513916,16.8008003234863,16.7141990661621,17.194128,17.67346,16.539747,0.951416110206313,-9.4844096889238,1,1,-999,"False",95557.0821052709,-65546.0276578951,1,91624.68,-67993.09,NA,"P",0.405418938053097,-0.300854380530973
13,"6864167460605096320",-29.39698,-77.10946,82.5230346910001,-0.852028941932067,1.2065688362717,4.22458752897582,299.7834,-22.28966,18.471700668335,17.8848991394043,17.6259994506836,17.488000869751,17.421199798584,17.908361,18.342442,17.234472,0.227163171559869,-7.10367642336238,1,1,-999,"False",-30792.7378947336,-74629.4196578953,1,-29396.98,-77109.46,NA,"P",-0.130075132743363,-0.341192300884956
14,"6864156538505450880",-65.05451,-146.5086,160.302399062834,2.23675457586837,1.15291644334511,1.08383813252326,299.62033,-22.580904,16.8276996612549,16.1744995117188,15.888500213623,15.7509002685547,15.6718997955322,16.199142,16.71365,15.518945,6.41371453932612,-4.28019970721315,1,1,-999,"False",-67646.5578947347,-140450.563657895,1,-65054.51,-146508.6,NA,"P",-0.287851814159292,-0.64826814159292
15,"6852177324960394624",137.12721,-161.2306,211.658163317043,0.441268228382801,2.27558269950523,4.44887083605716,300.5433,-22.63546,18.1233997344971,17.5510005950928,17.2952995300293,17.1907997131348,17.1070003509521,17.575422,18.044203,16.93636,-3.55573404288124,-5.80032744293441,1,1,-999,"False",140944.66210527,-152780.219657895,1,137127.21,-161230.6,NA,"P",0.606757566371681,-0.713409734513274
16,"6864291434837977344",-16.09098,22.75247,27.8674456752193,3.5443711848338,-0.955241782613075,4.49961296744687,299.84503,-21.861435,16.3230991363525,15.5507001876831,15.1690998077393,14.9856996536255,14.851900100708,15.554798,16.173613,14.795486,1.31484920278236,-2.46730943053585,1,1,-999,"False",-16864.3578947253,22149.4303421049,1,-16090.98,22752.47,NA,"P",-0.0711990265486726,0.100674646017699
17,"6864147944271593216",-141.20478,-139.90493,198.776707219818,2.59405832451738,0.780774200973868,1.81328412354351,299.27512,-22.54751,17.9724998474121,17.5158996582031,17.3045997619629,17.2248992919922,17.1781005859375,17.533138,17.91974,16.932993,-4.24077014226412,0.116181005670185,1,1,-999,"False",-145664.017894724,-132903.519657895,1,-141204.78,-139904.93,NA,"P",-0.624799911504425,-0.619048362831858
18,"6864099673138811392",28.14135,-155.86015,158.380307923192,1.30929148717183,1.74942692339385,5.84304987095757,300.0488,-22.62107,18.2180995941162,17.6065998077393,17.125,16.8048992156982,16.7262001037598,18.255005,17.66748,16.436844,-0.13136757965099,0.553666123807037,1,1,-999,"False",29187.6621052792,-149528.079657895,1,28141.35,-155860.15,NA,"P",0.124519247787611,-0.689646681415929
19,"6864115680477352960",-22.37312,-126.30204,128.268319575396,1.79779335149109,1.39547518698206,0.402318164509023,299.81616,-22.497902,18.6033992767334,17.6692008972168,17.3078002929688,17.1401996612549,17.0520000457764,17.72745,18.350737,16.940027,-1.07350485344193,-4.84896367393011,1,1,-999,"False",-23388.9778947216,-121692.111657895,1,-22373.12,-126302.04,NA,"P",-0.0989961061946903,-0.558858584070796
20,"6864512917711458816",-2.0131,103.7011,103.720637834618,3.18858515136498,-1.55138624164731,4.73997139301229,300.46207,-21.64606,16.109899520874,16.1422004699707,16.2434005737305,16.2831993103027,16.2702007293701,16.07962,16.15546,15.87448,-2.2147158461019,-6.41456613029707,1,NA,NA,"",122586.682105282,70824.1803421045,0,118366.72,73425.33,NA,"P",0.523746548672566,0.324890840707965
21,"6864311054248833664",118.36672,73.42533,139.290916750402,3.61447551177136,3.69682002105875,6.2008407978922,299.91058,-21.515673,17.8754005432129,17.5750007629395,17.4691009521484,17.4276008605957,17.4221992492676,17.575487,17.806963,17.073648,1.02431179808888,-1.2481535423908,1,NA,NA,"",-2050.05789473137,100291.642342105,0,-2013.1,103701.1,NA,"P",-0.00890752212389381,0.458854424778761
NA,"Sky-A1-1",-226.46104,82.44066,NA,NA,NA,NA,298.9049918,-21.612645256,NA,NA,NA,NA,NA,NA,NA,NA,NA,NA,NA,NA,NA,"",NA,NA,NA,-226461.04,82440.66,1,"S",-1.00204,0.364781681415929
NA,"Sky-A1-2",-226.8427,95.17558,NA,NA,NA,NA,298.9050675,-21.560141016,NA,NA,NA,NA,NA,NA,NA,NA,NA,NA,NA,NA,NA,"",NA,NA,NA,-226842.7,95175.58,0,"S",-1.00372876106195,0.421130884955752
NA,"Sky-A1-3",-217.48859,103.8257,NA,NA,NA,NA,298.9458016,-21.523803904,NA,NA,NA,NA,NA,NA,NA,NA,NA,NA,NA,NA,NA,"",NA,NA,NA,-217488.59,103825.7,1,"S",-0.96233889380531,0.459405752212389
NA,"Sky-A1-4",-208.71842,112.27476,NA,NA,NA,NA,298.9842935,-21.488323278,NA,NA,NA,NA,NA,NA,NA,NA,NA,NA,NA,NA,NA,"",NA,NA,NA,-208718.42,112274.76,3,"S",-0.923532831858407,0.496790973451327
NA,"Sky-A1-5",-203.07468,122.18704,NA,NA,NA,NA,299.0098542,-21.447126954,NA,NA,NA,NA,NA,NA,NA,NA,NA,NA,NA,NA,NA,"",NA,NA,NA,-203074.68,122187.04,3,"S",-0.898560530973451,0.540650619469026
NA,"Sky-A1-6",-200.2849,134.04112,NA,NA,NA,NA,299.0236392,-21.398367743,NA,NA,NA,NA,NA,NA,NA,NA,NA,NA,NA,NA,NA,"",NA,NA,NA,-200284.9,134041.12,1,"S",-0.886216371681416,0.593102300884956
NA,"Sky-A1-7",-193.60365,143.52243,NA,NA,NA,NA,299.0537777,-21.359029366,NA,NA,NA,NA,NA,NA,NA,NA,NA,NA,NA,NA,NA,"",NA,NA,NA,-193603.65,143522.43,1,"S",-0.856653318584071,0.635055
NA,"Sky-A2-1",-2.96251,236.98148,NA,NA,NA,NA,299.9068417,-20.971106229,NA,NA,NA,NA,NA,NA,NA,NA,NA,NA,NA,NA,NA,"",NA,NA,NA,-2962.51,236981.48,3,"S",-0.0131084513274336,1.04859061946903
NA,"Sky-A2-2",8.5856,240.84715,NA,NA,NA,NA,299.9583829,-20.956098722,NA,NA,NA,NA,NA,NA,NA,NA,NA,NA,NA,NA,NA,"",NA,NA,NA,8585.6,240847.15,1,"S",0.0379893805309735,1.0656953539823
NA,"Sky-A2-3",19.99647,238.16201,NA,NA,NA,NA,300.0093388,-20.966753016,NA,NA,NA,NA,NA,NA,NA,NA,NA,NA,NA,NA,NA,"",NA,NA,NA,19996.47,238162.01,2,"S",0.0884799557522124,1.05381420353982
NA,"Sky-A2-4",31.69534,238.90682,NA,NA,NA,NA,300.0614807,-20.964187,NA,NA,NA,NA,NA,NA,NA,NA,NA,NA,NA,NA,NA,"",NA,NA,NA,31695.34,238906.82,1,"S",0.140244867256637,1.05710982300885
NA,"Sky-A2-5",42.7953,235.13733,NA,NA,NA,NA,300.1111154,-20.979336275,NA,NA,NA,NA,NA,NA,NA,NA,NA,NA,NA,NA,NA,"",NA,NA,NA,42795.3,235137.33,2,"S",0.189359734513274,1.04043066371681
NA,"Sky-A2-6",54.51158,234.75423,NA,NA,NA,NA,300.1632836,-20.981432388,NA,NA,NA,NA,NA,NA,NA,NA,NA,NA,NA,NA,NA,"",NA,NA,NA,54511.58,234754.23,1,"S",0.241201681415929,1.03873553097345
NA,"Sky-A2-7",65.19784,229.9353,NA,NA,NA,NA,300.2111457,-21.00093798,NA,NA,NA,NA,NA,NA,NA,NA,NA,NA,NA,NA,NA,"",NA,NA,NA,65197.84,229935.3,2,"S",0.288486017699115,1.01741283185841
NA,"Sky-A3-1",231.67752,66.38214,NA,NA,NA,NA,300.9577998,-21.680103409,NA,NA,NA,NA,NA,NA,NA,NA,NA,NA,NA,NA,NA,"",NA,NA,NA,231677.52,66382.14,1,"S",1.0251217699115,0.293726283185841
NA,"Sky-A3-2",234.60313,55.15828,NA,NA,NA,NA,300.9711993,-21.72675346,NA,NA,NA,NA,NA,NA,NA,NA,NA,NA,NA,NA,NA,"",NA,NA,NA,234603.13,55158.28,1,"S",1.03806694690265,0.244063185840708
NA,"Sky-A3-3",236.98531,43.80666,NA,NA,NA,NA,300.9821752,-21.773946329,NA,NA,NA,NA,NA,NA,NA,NA,NA,NA,NA,NA,NA,"",NA,NA,NA,236985.31,43806.66,1,"S",1.04860756637168,0.193834778761062
NA,"Sky-A3-4",236.83654,32.08506,NA,NA,NA,NA,300.982408,-21.82266825,NA,NA,NA,NA,NA,NA,NA,NA,NA,NA,NA,NA,NA,"",NA,NA,NA,236836.54,32085.06,2,"S",1.0479492920354,0.141969292035398
NA,"Sky-A3-5",238.106,20.65269,NA,NA,NA,NA,300.9884107,-21.870248131,NA,NA,NA,NA,NA,NA,NA,NA,NA,NA,NA,NA,NA,"",NA,NA,NA,238106,20652.69,2,"S",1.05356637168142,0.0913835840707965
NA,"Sky-A3-6",240.82258,9.24926,NA,NA,NA,NA,301.0003147,-21.917688989,NA,NA,NA,NA,NA,NA,NA,NA,NA,NA,NA,NA,NA,"",NA,NA,NA,240822.58,9249.26,1,"S",1.06558663716814,0.0409259292035398
NA,"Sky-A3-7",240.98869,2.34844,NA,NA,NA,NA,301.0012489,-21.946406937,NA,NA,NA,NA,NA,NA,NA,NA,NA,NA,NA,NA,NA,"",NA,NA,NA,240988.69,2348.44,1,"S",1.06632163716814,0.0103913274336283
NA,"Sky-A4-1",210.21182,-117.86456,NA,NA,NA,NA,300.8660397,-22.447450698,NA,NA,NA,NA,NA,NA,NA,NA,NA,NA,NA,NA,NA,"",NA,NA,NA,210211.82,-117864.56,1,"S",0.930140796460177,-0.521524601769911
NA,"Sky-A4-2",202.60188,-126.78123,NA,NA,NA,NA,300.8324961,-22.485023168,NA,NA,NA,NA,NA,NA,NA,NA,NA,NA,NA,NA,NA,"",NA,NA,NA,202601.88,-126781.23,2,"S",0.896468495575221,-0.56097889380531
NA,"Sky-A4-3",197.90977,-137.52377,NA,NA,NA,NA,300.8111057,-22.529535233,NA,NA,NA,NA,NA,NA,NA,NA,NA,NA,NA,NA,NA,"",NA,NA,NA,197909.77,-137523.77,1,"S",0.875706946902655,-0.608512256637168
NA,"Sky-A4-4",189.47801,-145.66771,NA,NA,NA,NA,300.7737777,-22.563943239,NA,NA,NA,NA,NA,NA,NA,NA,NA,NA,NA,NA,NA,"",NA,NA,NA,189478.01,-145667.71,2,"S",0.838398274336283,-0.644547389380531
NA,"Sky-A4-5",183.77509,-155.90952,NA,NA,NA,NA,300.7478249,-22.606341516,NA,NA,NA,NA,NA,NA,NA,NA,NA,NA,NA,NA,NA,"",NA,NA,NA,183775.09,-155909.52,1,"S",0.813164115044248,-0.689865132743363
NA,"Sky-A4-6",176.06079,-164.57115,NA,NA,NA,NA,300.7132326,-22.642538645,NA,NA,NA,NA,NA,NA,NA,NA,NA,NA,NA,NA,NA,"",NA,NA,NA,176060.79,-164571.15,1,"S",0.779030044247788,-0.72819092920354
NA,"Sky-A4-7",166.5449,-171.41703,NA,NA,NA,NA,300.6708825,-22.671605567,NA,NA,NA,NA,NA,NA,NA,NA,NA,NA,NA,NA,NA,"",NA,NA,NA,166544.9,-171417.03,2,"S",0.736924336283186,-0.758482433628319
NA,"Sky-A5-1",-148.4702,-189.83588,NA,NA,NA,NA,299.2491016,-22.748119074,NA,NA,NA,NA,NA,NA,NA,NA,NA,NA,NA,NA,NA,"",NA,NA,NA,-148470.2,-189835.88,1,"S",-0.656947787610619,-0.839981769911504
NA,"Sky-A5-2",-157.43205,-182.47249,NA,NA,NA,NA,299.2087978,-22.717309571,NA,NA,NA,NA,NA,NA,NA,NA,NA,NA,NA,NA,NA,"",NA,NA,NA,-157432.05,-182472.49,1,"S",-0.696601991150442,-0.807400398230088
NA,"Sky-A5-3",-166.02924,-174.68645,NA,NA,NA,NA,299.170165,-22.684737507,NA,NA,NA,NA,NA,NA,NA,NA,NA,NA,NA,NA,NA,"",NA,NA,NA,-166029.24,-174686.45,1,"S",-0.734642654867257,-0.77294889380531
NA,"Sky-A5-4",-172.79576,-165.11397,NA,NA,NA,NA,299.1394174,-22.645138205,NA,NA,NA,NA,NA,NA,NA,NA,NA,NA,NA,NA,NA,"",NA,NA,NA,-172795.76,-165113.97,2,"S",-0.764583008849558,-0.730592787610619
NA,"Sky-A5-5",-182.05086,-157.91943,NA,NA,NA,NA,299.0982667,-22.614615228,NA,NA,NA,NA,NA,NA,NA,NA,NA,NA,NA,NA,NA,"",NA,NA,NA,-182050.86,-157919.43,1,"S",-0.805534778761062,-0.698758539823009
NA,"Sky-A5-6",-189.43818,-148.97731,NA,NA,NA,NA,299.0651677,-22.5772296,NA,NA,NA,NA,NA,NA,NA,NA,NA,NA,NA,NA,NA,"",NA,NA,NA,-189438.18,-148977.31,1,"S",-0.83822203539823,-0.659191637168142
NA,"Sky-A5-7",-194.75684,-138.53077,NA,NA,NA,NA,299.0409645,-22.533940733,NA,NA,NA,NA,NA,NA,NA,NA,NA,NA,NA,NA,NA,"",NA,NA,NA,-194756.84,-138530.77,2,"S",-0.86175592920354,-0.612968008849557
NA,"Sky-H1-1",-181.17025,158.92893,NA,NA,NA,NA,299.1097697,-21.295130635,NA,NA,NA,NA,NA,NA,NA,NA,NA,NA,NA,NA,NA,"",NA,NA,NA,-181170.25,158928.93,1,"S",-0.801638274336283,0.703225353982301
NA,"Sky-H1-2",-173.31368,167.46173,NA,NA,NA,NA,299.1450994,-21.259753608,NA,NA,NA,NA,NA,NA,NA,NA,NA,NA,NA,NA,NA,"",NA,NA,NA,-173313.68,167461.73,1,"S",-0.766874690265487,0.74098110619469
NA,"Sky-H1-3",-165.05567,175.60663,NA,NA,NA,NA,299.182199,-21.225993728,NA,NA,NA,NA,NA,NA,NA,NA,NA,NA,NA,NA,NA,"",NA,NA,NA,-165055.67,175606.63,1,"S",-0.73033482300885,0.777020486725664
NA,"Sky-H1-4",-156.41534,183.34477,NA,NA,NA,NA,299.2209824,-21.193928199,NA,NA,NA,NA,NA,NA,NA,NA,NA,NA,NA,NA,NA,"",NA,NA,NA,-156415.34,183344.77,1,"S",-0.692103274336283,0.811260044247788
NA,"Sky-H1-5",-147.4127,190.65822,NA,NA,NA,NA,299.2613601,-21.163630351,NA,NA,NA,NA,NA,NA,NA,NA,NA,NA,NA,NA,NA,"",NA,NA,NA,-147412.7,190658.22,1,"S",-0.652268584070796,0.843620442477876
NA,"Sky-H1-6",-138.06861,197.53006,NA,NA,NA,NA,299.303239,-21.135169326,NA,NA,NA,NA,NA,NA,NA,NA,NA,NA,NA,NA,NA,"",NA,NA,NA,-138068.61,197530.06,1,"S",-0.610923053097345,0.874026814159292
NA,"Sky-H1-7",-128.4047,203.94434,NA,NA,NA,NA,299.3465228,-21.108610236,NA,NA,NA,NA,NA,NA,NA,NA,NA,NA,NA,NA,NA,"",NA,NA,NA,-128404.7,203944.34,1,"S",-0.568162389380531,0.902408584070796
NA,"Sky-H1-8",-118.44464,209.88551,NA,NA,NA,NA,299.3911062,-21.084016557,NA,NA,NA,NA,NA,NA,NA,NA,NA,NA,NA,NA,NA,"",NA,NA,NA,-118444.64,209885.51,1,"S",-0.524091327433628,0.928696946902655
NA,"Sky-H2-1",-100.81652,218.89973,NA,NA,NA,NA,299.4699568,-21.046715449,NA,NA,NA,NA,NA,NA,NA,NA,NA,NA,NA,NA,NA,"",NA,NA,NA,-100816.52,218899.73,1,"S",-0.446090796460177,0.968582876106195
NA,"Sky-H2-2",-89.41924,221.64205,NA,NA,NA,NA,299.5206596,-21.034932676,NA,NA,NA,NA,NA,NA,NA,NA,NA,NA,NA,NA,NA,"",NA,NA,NA,-89419.24,221642.05,2,"S",-0.395660353982301,0.98071703539823
NA,"Sky-H2-3",-79.30977,227.57641,NA,NA,NA,NA,299.5660761,-21.010830852,NA,NA,NA,NA,NA,NA,NA,NA,NA,NA,NA,NA,NA,"",NA,NA,NA,-79309.77,227576.41,1,"S",-0.350928185840708,1.00697526548673
NA,"Sky-H2-4",-68.26826,231.12877,NA,NA,NA,NA,299.6153959,-20.996147184,NA,NA,NA,NA,NA,NA,NA,NA,NA,NA,NA,NA,NA,"",NA,NA,NA,-68268.26,231128.77,1,"S",-0.302071946902655,1.02269367256637
NA,"Sky-H2-5",-58.25258,239.00342,NA,NA,NA,NA,299.660525,-20.964816427,NA,NA,NA,NA,NA,NA,NA,NA,NA,NA,NA,NA,NA,"",NA,NA,NA,-58252.58,239003.42,0,"S",-0.257754778761062,1.05753725663717
NA,"Sky-H2-6",-45.73679,236.62039,NA,NA,NA,NA,299.7159938,-20.973464025,NA,NA,NA,NA,NA,NA,NA,NA,NA,NA,NA,NA,NA,"",NA,NA,NA,-45736.79,236620.39,1,"S",-0.20237517699115,1.04699287610619
NA,"Sky-H2-7",-33.72972,234.58752,NA,NA,NA,NA,299.7693971,-20.980953689,NA,NA,NA,NA,NA,NA,NA,NA,NA,NA,NA,NA,NA,"",NA,NA,NA,-33729.72,234587.52,3,"S",-0.149246548672566,1.03799787610619
NA,"Sky-H2-8",-22.59418,237.92962,NA,NA,NA,NA,299.8192107,-20.967612064,NA,NA,NA,NA,NA,NA,NA,NA,NA,NA,NA,NA,NA,"",NA,NA,NA,-22594.18,237929.62,2,"S",-0.0999742477876106,1.05278592920354
NA,"Sky-H3-1",183.0814,153.63008,NA,NA,NA,NA,300.7388272,-21.317542099,NA,NA,NA,NA,NA,NA,NA,NA,NA,NA,NA,NA,NA,"",NA,NA,NA,183081.4,153630.08,2,"S",0.810094690265487,0.679779115044248
NA,"Sky-H3-2",191.8534,145.85382,NA,NA,NA,NA,300.7777441,-21.350107016,NA,NA,NA,NA,NA,NA,NA,NA,NA,NA,NA,NA,NA,"",NA,NA,NA,191853.4,145853.82,1,"S",0.848908849557522,0.645370884955752
NA,"Sky-H3-3",198.64884,136.45402,NA,NA,NA,NA,300.8083241,-21.389111488,NA,NA,NA,NA,NA,NA,NA,NA,NA,NA,NA,NA,NA,"",NA,NA,NA,198648.84,136454.02,1,"S",0.878977168141593,0.603778849557522
NA,"Sky-H3-4",204.98415,126.73816,NA,NA,NA,NA,300.8368683,-21.42943465,NA,NA,NA,NA,NA,NA,NA,NA,NA,NA,NA,NA,NA,"",NA,NA,NA,204984.15,126738.16,1,"S",0.907009513274336,0.560788318584071
NA,"Sky-H3-5",210.84465,116.72873,NA,NA,NA,NA,300.8633098,-21.470984108,NA,NA,NA,NA,NA,NA,NA,NA,NA,NA,NA,NA,NA,"",NA,NA,NA,210844.65,116728.73,1,"S",0.93294092920354,0.516498805309734
NA,"Sky-H3-6",216.21677,106.44891,NA,NA,NA,NA,300.8875865,-21.51366456,NA,NA,NA,NA,NA,NA,NA,NA,NA,NA,NA,NA,NA,"",NA,NA,NA,216216.77,106448.91,1,"S",0.956711371681416,0.471012876106195
NA,"Sky-H3-7",217.41843,94.3304,NA,NA,NA,NA,300.8943219,-21.563661481,NA,NA,NA,NA,NA,NA,NA,NA,NA,NA,NA,NA,NA,"",NA,NA,NA,217418.43,94330.4,3,"S",0.962028451327434,0.417391150442478
NA,"Sky-H3-8",225.44672,85.17533,NA,NA,NA,NA,300.9294185,-21.602018226,NA,NA,NA,NA,NA,NA,NA,NA,NA,NA,NA,NA,NA,"",NA,NA,NA,225446.72,85175.33,1,"S",0.99755185840708,0.376881991150442
NA,"Sky-H4-1",237.99111,-21.937,NA,NA,NA,NA,300.9890496,-22.047612036,NA,NA,NA,NA,NA,NA,NA,NA,NA,NA,NA,NA,NA,"",NA,NA,NA,237991.11,-21937,2,"S",1.05305800884956,-0.0970663716814159
NA,"Sky-H4-2",234.67958,-33.08317,NA,NA,NA,NA,300.9750505,-22.09418785,NA,NA,NA,NA,NA,NA,NA,NA,NA,NA,NA,NA,NA,"",NA,NA,NA,234679.58,-33083.17,3,"S",1.03840522123894,-0.146385707964602
NA,"Sky-H4-3",236.74552,-45.08459,NA,NA,NA,NA,300.9834931,-22.143928441,NA,NA,NA,NA,NA,NA,NA,NA,NA,NA,NA,NA,NA,"",NA,NA,NA,236745.52,-45084.59,1,"S",1.04754654867257,-0.199489336283186
NA,"Sky-H4-4",234.30213,-56.42319,NA,NA,NA,NA,300.972821,-22.191178538,NA,NA,NA,NA,NA,NA,NA,NA,NA,NA,NA,NA,NA,"",NA,NA,NA,234302.13,-56423.19,1,"S",1.03673508849558,-0.249660132743363
NA,"Sky-H4-5",231.31601,-67.6311,NA,NA,NA,NA,300.9596995,-22.237897072,NA,NA,NA,NA,NA,NA,NA,NA,NA,NA,NA,NA,NA,"",NA,NA,NA,231316.01,-67631.1,1,"S",1.02352216814159,-0.299252654867257
NA,"Sky-H4-6",227.79409,-78.68236,NA,NA,NA,NA,300.944157,-22.283975457,NA,NA,NA,NA,NA,NA,NA,NA,NA,NA,NA,NA,NA,"",NA,NA,NA,227794.09,-78682.36,1,"S",1.00793845132743,-0.34815203539823
NA,"Sky-H4-7",223.74453,-89.55136,NA,NA,NA,NA,300.9262272,-22.32930645,NA,NA,NA,NA,NA,NA,NA,NA,NA,NA,NA,NA,NA,"",NA,NA,NA,223744.53,-89551.36,1,"S",0.990020044247788,-0.396244955752212
NA,"Sky-H4-8",219.17732,-100.21161,NA,NA,NA,NA,300.9059526,-22.373779014,NA,NA,NA,NA,NA,NA,NA,NA,NA,NA,NA,NA,NA,"",NA,NA,NA,219177.32,-100211.61,1,"S",0.969811150442478,-0.443414203539823
NA,"Sky-H5-1",41.48761,-235.37157,NA,NA,NA,NA,300.1068119,-22.939355152,NA,NA,NA,NA,NA,NA,NA,NA,NA,NA,NA,NA,NA,"",NA,NA,NA,41487.61,-235371.57,2,"S",0.183573495575221,-1.04146712389381
NA,"Sky-H5-2",30.36687,-239.07931,NA,NA,NA,NA,300.0564648,-22.954284065,NA,NA,NA,NA,NA,NA,NA,NA,NA,NA,NA,NA,NA,"",NA,NA,NA,30366.87,-239079.31,1,"S",0.134366681415929,-1.05787305309735
NA,"Sky-H5-3",18.8286,-240.26349,NA,NA,NA,NA,300.0043215,-22.959245512,NA,NA,NA,NA,NA,NA,NA,NA,NA,NA,NA,NA,NA,"",NA,NA,NA,18828.6,-240263.49,1,"S",0.083312389380531,-1.06311278761062
NA,"Sky-H5-4",7.18656,-238.89193,NA,NA,NA,NA,299.9517242,-22.95411135,NA,NA,NA,NA,NA,NA,NA,NA,NA,NA,NA,NA,NA,"",NA,NA,NA,7186.56,-238891.93,2,"S",0.0317989380530973,-1.0570439380531
NA,"Sky-H5-5",-4.35197,-240.96083,NA,NA,NA,NA,299.8995535,-22.962169048,NA,NA,NA,NA,NA,NA,NA,NA,NA,NA,NA,NA,NA,"",NA,NA,NA,-4351.97,-240960.83,1,"S",-0.0192565044247788,-1.06619836283186
NA,"Sky-H5-6",-15.67599,-236.481,NA,NA,NA,NA,299.8483082,-22.944607159,NA,NA,NA,NA,NA,NA,NA,NA,NA,NA,NA,NA,NA,"",NA,NA,NA,-15675.99,-236481,3,"S",-0.0693627876106195,-1.04637610619469
NA,"Sky-H5-7",-27.49224,-239.4269,NA,NA,NA,NA,299.794969,-22.955745549,NA,NA,NA,NA,NA,NA,NA,NA,NA,NA,NA,NA,NA,"",NA,NA,NA,-27492.24,-239426.9,1,"S",-0.121647079646018,-1.0594110619469
NA,"Sky-H5-8",-38.97879,-237.82707,NA,NA,NA,NA,299.7430613,-22.949044862,NA,NA,NA,NA,NA,NA,NA,NA,NA,NA,NA,NA,NA,"",NA,NA,NA,-38978.79,-237827.07,1,"S",-0.172472522123894,-1.05233216814159
NA,"Sky-H6-1",-58.36925,-233.82492,NA,NA,NA,NA,299.655455,-22.932282118,NA,NA,NA,NA,NA,NA,NA,NA,NA,NA,NA,NA,NA,"",NA,NA,NA,-58369.25,-233824.92,1,"S",-0.258271017699115,-1.03462353982301
NA,"Sky-H6-2",-69.55194,-230.74573,NA,NA,NA,NA,299.6049467,-22.919385585,NA,NA,NA,NA,NA,NA,NA,NA,NA,NA,NA,NA,NA,"",NA,NA,NA,-69551.94,-230745.73,1,"S",-0.307751946902655,-1.02099880530973
NA,"Sky-H6-3",-82.24515,-231.84421,NA,NA,NA,NA,299.548096,-22.922479178,NA,NA,NA,NA,NA,NA,NA,NA,NA,NA,NA,NA,NA,"",NA,NA,NA,-82245.15,-231844.21,0,"S",-0.363916592920354,-1.02585933628319
NA,"Sky-H6-4",-91.4085,-222.99226,NA,NA,NA,NA,299.5062725,-22.88691477,NA,NA,NA,NA,NA,NA,NA,NA,NA,NA,NA,NA,NA,"",NA,NA,NA,-91408.5,-222992.26,1,"S",-0.404462389380531,-0.986691415929204
NA,"Sky-H6-5",-100.33819,-214.71201,NA,NA,NA,NA,299.4655406,-22.85334431,NA,NA,NA,NA,NA,NA,NA,NA,NA,NA,NA,NA,NA,"",NA,NA,NA,-100338.19,-214712.01,3,"S",-0.443974292035398,-0.95005314159292
NA,"Sky-H6-6",-114.75089,-217.59649,NA,NA,NA,NA,299.4016194,-22.862897623,NA,NA,NA,NA,NA,NA,NA,NA,NA,NA,NA,NA,NA,"",NA,NA,NA,-114750.89,-217596.49,0,"S",-0.507747300884956,-0.962816327433628
NA,"Sky-H6-7",-122.54511,-207.51809,NA,NA,NA,NA,299.3658436,-22.822125648,NA,NA,NA,NA,NA,NA,NA,NA,NA,NA,NA,NA,NA,"",NA,NA,NA,-122545.11,-207518.09,1,"S",-0.542235,-0.918221637168142
NA,"Sky-H6-8",-132.38652,-201.3824,NA,NA,NA,NA,299.3215039,-22.796442112,NA,NA,NA,NA,NA,NA,NA,NA,NA,NA,NA,NA,NA,"",NA,NA,NA,-132386.52,-201382.4,1,"S",-0.585781061946903,-0.891072566371681
NA,"Sky-H7-1",-207.18967,-123.09956,NA,NA,NA,NA,298.9858163,-22.469085126,NA,NA,NA,NA,NA,NA,NA,NA,NA,NA,NA,NA,NA,"",NA,NA,NA,-207189.67,-123099.56,1,"S",-0.916768451327434,-0.544688318584071
NA,"Sky-H7-2",-211.10586,-112.05051,NA,NA,NA,NA,298.9679476,-22.423246551,NA,NA,NA,NA,NA,NA,NA,NA,NA,NA,NA,NA,NA,"",NA,NA,NA,-211105.86,-112050.51,2,"S",-0.934096725663717,-0.495798716814159
NA,"Sky-H7-3",-214.44294,-100.91197,NA,NA,NA,NA,298.9526896,-22.376992918,NA,NA,NA,NA,NA,NA,NA,NA,NA,NA,NA,NA,NA,"",NA,NA,NA,-214442.94,-100911.97,3,"S",-0.948862566371681,-0.44651314159292
NA,"Sky-H7-4",-222.74704,-92.00444,NA,NA,NA,NA,298.9166082,-22.339229215,NA,NA,NA,NA,NA,NA,NA,NA,NA,NA,NA,NA,NA,"",NA,NA,NA,-222747.04,-92004.44,1,"S",-0.985606371681416,-0.407099292035398
NA,"Sky-H7-5",-226.91579,-81.18059,NA,NA,NA,NA,298.8981564,-22.294051704,NA,NA,NA,NA,NA,NA,NA,NA,NA,NA,NA,NA,NA,"",NA,NA,NA,-226915.79,-81180.59,1,"S",-1.00405216814159,-0.359206150442478
NA,"Sky-H7-6",-228.64545,-69.58635,NA,NA,NA,NA,298.8901474,-22.245889194,NA,NA,NA,NA,NA,NA,NA,NA,NA,NA,NA,NA,NA,"",NA,NA,NA,-228645.45,-69586.35,2,"S",-1.01170553097345,-0.307904203539823
NA,"Sky-H7-7",-233.66801,-58.99428,NA,NA,NA,NA,298.8684334,-22.201487294,NA,NA,NA,NA,NA,NA,NA,NA,NA,NA,NA,NA,NA,"",NA,NA,NA,-233668.01,-58994.28,1,"S",-1.03392924778761,-0.261036637168142
NA,"Sky-H7-8",-234.27497,-47.28889,NA,NA,NA,NA,298.8654776,-22.152837299,NA,NA,NA,NA,NA,NA,NA,NA,NA,NA,NA,NA,NA,"",NA,NA,NA,-234274.97,-47288.89,2,"S",-1.03661491150442,-0.209242876106195
