#OBSTEMP,8
#CONFIGTEMP,19
#EQUINOX,J2000.0
#CENTRE,19 59 05.17,-21 57 12.5 #Field centre
#UTTIME,12 00 00.00 #Target observing time
#UTDATE,2021 07 10 #Target observing date
#PLATEID,a test_plateID
#LABEL,300_m20_comissioning Tile 017
#TILING_DATE,2021 06 07 # Date the tile was created/configured
#PROXIMITY,220 # tiling proximity value in arcseconds
"ID","RA","DEC","g_mag","r_mag","i_mag","z_mag","y_mag","GAIA_g_mag","GAIA_bp_mag","GAIA_rp_mag","pmRA","pmDEC","priority","remaining_observations","Tile_number","COMPLETED","MagnetX_noDC","MagnetY_noDC","type","MagnetX","MagnetY","Position","fibre_type","x","y","grads","gangs","gazAngs","gangs_gazAng"
"6864397331552485504",299.0445,-21.900139,NA,10.7496004104614,NA,NA,NA,NA,NA,NA,19.2359437314273,-21.3549588838021,NA,NA,NA,NA,-164308.643030292,12051.696545454,2,-158827.32,12135.14,NA,"G",-22.48,-192.09823,193.409101050423,4.90732195895195,1.45430270980149,3.45301924915046
"6865825906392800384",300.3992,-21.50024,NA,11.7093000411987,NA,NA,NA,NA,NA,NA,1.18179553357165,-5.20155589946197,NA,NA,NA,NA,141853.556969703,102428.870545455,2,137864.18,106795.39,NA,"G",-5.10542,213.99782,214.058712221971,0.277601890078505,-1.5469435057319,1.8245453958104
"6864536076175760128",299.93243,-21.221102,NA,12.2386999130249,NA,NA,NA,NA,NA,NA,1.45566444745194,-12.0459181073714,NA,NA,NA,NA,36363.5369696909,165514.058545455,2,35356.95,172980.88,NA,"G",86.02151,192.73699,211.062188695513,2.51306469659136,4.29260329141026,4.50364671236068
"6864317097262996096",299.99063,-21.762323,NA,12.3168001174927,NA,NA,NA,NA,NA,NA,0.857401274660125,-2.78388136381946,NA,NA,NA,NA,49516.7369696908,43198.1125454542,2,47399.14,44524.89,NA,"G",176.54756,-110.21952,208.128286234678,4.54107277881125,2.58349328776347,1.95757949104778
"6864297275993255168",300.32556,-21.936121,NA,13.1969995498657,NA,NA,NA,NA,NA,NA,-0.518102247488317,-2.85894154964932,NA,NA,NA,NA,125210.9169697,3919.76454545466,2,120374.92,3879.34,NA,"G",-136.14216,107.16058,173.257258535976,3.15918666558117,-0.666839438712018,3.82602610429318
"6864252196016854016",300.53958,-21.967226,NA,13.546799659729,NA,NA,NA,NA,NA,NA,-2.38602879434139,-2.04056246922849,NA,NA,NA,NA,173579.436969702,-3109.96545454538,2,168043.49,-3620.79,NA,"G",152.76703,-128.7317,199.773912310669,0.267612451659243,2.44137134216865,4.10942641667018
