#OBSTEMP,8
#CONFIGTEMP,19
#EQUINOX,J2000.0
#CENTRE,19 59 22.77,-22 02 14.3 #Field centre
#UTTIME,12 00 00.00 #Target observing time
#UTDATE,2021 07 10 #Target observing date
#PLATEID,a test_plateID
#LABEL,300_m20_comissioning Tile 011
#TILING_DATE,2021 06 07 # Date the tile was created/configured
#PROXIMITY,220 # tiling proximity value in arcseconds
"probe","ID","x","y","rads","angs","azAngs","angs_azAng","RA","DEC","g_mag","r_mag","i_mag","z_mag","y_mag","GAIA_g_mag","GAIA_bp_mag","GAIA_rp_mag","pmRA","pmDEC","priority","remaining_observations","Tile_number","COMPLETED","MagnetX_noDC","MagnetY_noDC","type","MagnetX","MagnetY","Position","fibre_type","fraction_plate_radius_X","fraction_plate_radius_Y"
1,"6864242678368871936",117.97644,-21.04006,119.837909360424,4.18679365091866,2.96510691939864,1.22168673152002,300.38855,-22.126379,18.0881996154785,17.5384998321533,17.278299331665,17.1485004425049,17.0722007751465,17.55396,18.00308,16.901855,-26.3652353493246,-24.6878237734526,1,1,-999,"False",122875.04102565,-20128.1684615385,1,117976.44,-21040.06,NA,"P",0.522019646017699,-0.093097610619469
2,"6864316822386612480",61.54528,87.14311,106.68525254575,3.45477259518395,4.09747717895633,5.64048072340721,300.1283,-21.66441,18.2408008575439,17.6884994506836,17.4473991394043,17.3365001678467,17.255199432373,17.7154,18.166592,17.079985,1.56689612944594,2.95996863228719,1,1,-999,"False",64058.5410256535,84276.8255384615,1,61545.28,87143.11,NA,"P",0.272324247787611,0.385588982300885
3,"6864369019127800832",-139.68319,-36.12217,144.278219888121,-1.2113336392394,0.253056910821954,4.81879475711823,299.20285,-22.18959,17.9582996368408,17.2945995330811,16.9780006408691,16.8236999511719,16.722900390625,17.311365,17.83465,16.604074,0.00664372834939186,-5.91228384058047,1,1,-999,"False",-145093.158974349,-34413.8544615382,1,-139683.19,-36122.17,NA,"P",-0.618067212389381,-0.159832610619469
4,"6864530269379533696",-47.96154,169.44861,176.105481885442,0.36491837107894,-1.29496646271972,1.65988483379866,299.62714,-21.319614,17.7546005249023,16.9030990600586,16.5179996490479,16.2742004394531,16.2031002044678,16.994732,17.490566,16.060423,2.40669711949999,-7.70867592606184,1,1,-999,"False",-49203.6189743526,162200.721538461,1,-47961.54,169448.61,NA,"P",-0.212219203539823,0.749772610619469
5,"6864132963425370752",-118.8941,-155.38077,195.650174292289,2.60562063066118,0.917651233503026,1.68796939715816,299.30118,-22.691402,17.8645992279053,17.3148994445801,17.090799331665,17.00119972229,16.9458999633789,17.358276,17.788078,16.72669,5.13779589966953,-3.07807450774038,1,1,-999,"False",-122870.578974355,-147823.366461538,1,-118894.1,-155380.77,NA,"P",-0.526080088495575,-0.687525530973451
6,"6864558818024566912",-108.17391,186.9152,215.960382468008,0.70116603618474,-1.04616146242806,1.7473274986128,299.35776,-21.251568,17.4333000183105,16.9430999755859,16.7327003479004,16.672399520874,16.6107997894287,16.970438,17.361525,16.3806,-1.29786839187468,-5.68183496461463,1,1,-999,"False",-110083.498974355,177579.117538462,1,-108173.91,186915.2,NA,"P",-0.478645619469027,0.827058407079646
7,"6864183923217441408",-37.37681,-28.6049,47.0666148112024,-0.824864607673061,0.653228624194722,4.8050920753118,299.67136,-22.160099,18.4006996154785,17.7952995300293,17.539400100708,17.4200000762939,17.3267002105713,17.82628,18.27019,17.168983,-1.03088585530781,-2.35607712150381,1,1,-999,"False",-39209.8989743536,-27748.8884615382,1,-37376.81,-28604.9,NA,"P",-0.165384115044248,-0.126570353982301
8,"6864152484056608000",-151.16119,-103.00605,182.920615838726,2.45857722397446,0.598155118947882,1.86042210502657,299.1532,-22.471048,15.592399597168,15.0811996459961,14.8715000152588,14.8014001846313,14.727499961853,15.106175,15.521713,14.510544,2.69724296560311,-2.90493927527074,1,1,-999,"False",-156314.058974346,-98023.3624615384,1,-151161.19,-103006.05,NA,"P",-0.66885482300885,-0.455778982300885
9,"6864319090129360768",24.1061,89.90607,93.0817139939682,3.46638526041733,4.45042520611049,5.29914536148643,299.95615,-21.65212,18.5167007446289,17.9547004699707,17.7229995727539,17.612699508667,17.5568008422852,17.9945,18.41911,17.362955,-3.88094005172161,-5.22318346267786,1,1,-999,"False",25152.6410256434,87054.3655384616,1,24106.1,89906.07,NA,"P",0.106664159292035,0.397814469026549
10,"6864214125426356480",45.58354,-59.7456,75.1491572693374,1.42111174743307,2.22254076177222,5.48175629284044,300.05594,-22.293327,18.5722007751465,17.7203006744385,17.3432998657227,17.1471004486084,17.0272006988525,17.752668,18.391088,16.96522,-0.963337853819091,-6.87488686313361,1,1,-999,"False",47705.1810256399,-57858.416461538,1,45583.54,-59745.6,NA,"P",0.201697079646018,-0.264361061946903
11,"6864170415542597120",-13.48137,-55.27137,56.8917540488409,-0.415916590313069,1.33155536799627,4.53571334887024,299.7822,-22.274586,18.1333999633789,17.6306991577148,17.3953990936279,17.3006992340088,17.2339992523193,17.648691,18.093222,17.022085,0.70197811220397,3.34060646307561,1,1,-999,"False",-14160.0589743545,-53622.9504615383,1,-13481.37,-55271.37,NA,"P",-0.0596520796460177,-0.244563584070796
12,"6864297207273849088",80.77834,36.00509,88.439282669319,3.73179630293367,3.56088750260782,0.170908800325848,300.21768,-21.882832,17.3038005828857,16.7339000701904,16.4803009033203,16.3631000518799,16.2761993408203,16.75908,17.21851,16.11213,0.959326686181387,-5.30407399714916,1,1,-999,"False",84258.4210256419,34913.4535384614,1,80778.34,36005.09,NA,"P",0.357426283185841,0.159314557522124
13,"6864528482673104896",-52.76182,145.95143,155.195456018394,0.226537689791762,-1.22391118690698,1.45044887669874,299.6042,-21.41671,17.9705009460449,17.1921005249023,16.8763008117676,16.7068996429443,16.6012001037598,17.239435,17.809084,16.491753,1.2594340677538,-1.46931230243892,1,1,-999,"False",-54388.0589743538,140257.025538461,1,-52761.82,145951.43,NA,"P",-0.233459380530973,0.645802787610619
14,"6864099982376452864",53.7202,-135.76444,146.006311701082,1.03381556513708,1.94757892705863,5.36942194525803,300.09207,-22.614452,18.6525993347168,17.5694007873535,17.0617008209229,16.8118000030518,16.658899307251,17.568666,18.349386,16.673002,-6.6521930597139,-1.43558815478964,1,1,-999,"False",55870.561025656,-130432.666461538,1,53720.2,-135764.44,NA,"P",0.2377,-0.600727610619469
15,"6864164711824135296",-41.39421,-88.07386,97.316419153315,1.51441859714876,1.13144012847188,0.382978468676874,299.65298,-22.414207,18.4699001312256,17.9936008453369,17.7830009460449,17.6923999786377,17.644100189209,18.010216,18.416199,17.428637,0.971400199462097,-6.63358377777819,1,1,-999,"False",-43363.7789743617,-85177.2964615387,1,-41394.21,-88073.86,NA,"P",-0.183160221238938,-0.389707345132743
16,"6852191343730744064",169.17194,-80.58685,187.385660273902,4.57609256045077,2.69703475999586,1.87905780045491,300.61707,-22.375885,18.9640007019043,17.9846992492676,17.6112995147705,17.4976997375488,17.3481006622314,18.16722,18.37195,17.0969,13.7693895011817,-30.6183688350501,1,1,-999,"False",174520.561025651,-76516.5244615385,1,169171.94,-80586.85,NA,"P",0.748548407079646,-0.356578982300885
17,"6864168530054564096",-35.17453,-67.80793,76.38823817582,2.06359710357286,1.09227116811811,0.97132593545475,299.68173,-22.32783,17.7984008789063,17.3129997253418,17.0837001800537,16.9722995758057,16.9216995239258,17.322433,17.724121,16.723513,-1.38182981720766,-5.23388053755061,1,1,-999,"False",-36866.2789743612,-65656.0944615382,1,-35174.53,-67807.93,NA,"P",-0.155639513274336,-0.300035088495575
18,"6864211892043365248",22.62287,-81.15115,84.2454947956233,1.54776203049198,1.84266824840092,5.98827908927065,299.9495,-22.384855,18.8143997192383,17.5499000549316,16.7339992523193,16.3607006072998,16.1404991149902,17.368032,18.409266,16.336172,14.3246756328983,-37.1529806204525,1,1,-999,"False",23649.7410256482,-78543.744461538,1,22622.87,-81151.15,NA,"P",0.100101194690265,-0.359075884955752
19,"6864519308623408896",61.98545,169.03665,180.043286614428,2.74480774005994,4.36091631367339,4.66707673356613,299.74738,-21.880999,18.1839008331299,17.9066009521484,17.8038997650146,17.7745990753174,17.7490997314453,17.911488,18.171743,17.43688,-0.344606969078969,-5.59210618096215,1,NA,NA,"",-22029.37897436,35327.7115384617,0,-21050.19,36344.47,NA,"P",-0.0931424336283186,0.160816238938053
20,"6864291847154867968",-21.05019,36.34447,42.0003690295335,5.86963789759424,-1.04582222250225,0.632274812916896,300.12668,-21.322046,16.9834003448486,17.0053997039795,17.121000289917,17.1569004058838,17.1347999572754,16.945333,17.008732,16.736225,-0.669686752729052,-3.05350842165713,1,NA,NA,"",63692.4210256401,161651.089538461,0,61985.45,169036.65,NA,"P",0.274271902654867,0.747949778761062
NA,"Sky-A1-1",-222.70223,81.0723,NA,NA,NA,NA,298.8453757,-21.695940615,NA,NA,NA,NA,NA,NA,NA,NA,NA,NA,NA,NA,NA,"",NA,NA,NA,-222702.23,81072.3,3,"S",-0.985408097345133,0.358726991150442
NA,"Sky-A1-2",-218.54357,91.69355,NA,NA,NA,NA,298.8643452,-21.651760441,NA,NA,NA,NA,NA,NA,NA,NA,NA,NA,NA,NA,NA,"",NA,NA,NA,-218543.57,91693.55,3,"S",-0.967006946902655,0.405723672566372
NA,"Sky-A1-3",-213.87871,102.1024,NA,NA,NA,NA,298.8855689,-21.608476302,NA,NA,NA,NA,NA,NA,NA,NA,NA,NA,NA,NA,NA,"",NA,NA,NA,-213878.71,102102.4,3,"S",-0.946365973451327,0.451780530973451
NA,"Sky-A1-4",-208.71842,112.27476,NA,NA,NA,NA,298.9089963,-21.566187695,NA,NA,NA,NA,NA,NA,NA,NA,NA,NA,NA,NA,NA,"",NA,NA,NA,-208718.42,112274.76,3,"S",-0.923532831858407,0.496790973451327
NA,"Sky-A1-5",-204.78839,123.21816,NA,NA,NA,NA,298.9274111,-21.520927583,NA,NA,NA,NA,NA,NA,NA,NA,NA,NA,NA,NA,NA,"",NA,NA,NA,-204788.39,123218.16,2,"S",-0.906143318584071,0.545213097345133
NA,"Sky-A1-6",-204.44008,136.82198,NA,NA,NA,NA,298.9311055,-21.465340419,NA,NA,NA,NA,NA,NA,NA,NA,NA,NA,NA,NA,NA,"",NA,NA,NA,-204440.08,136821.98,0,"S",-0.904602123893805,0.605406991150442
NA,"Sky-A1-7",-193.60365,143.52243,NA,NA,NA,NA,298.9785206,-21.436895335,NA,NA,NA,NA,NA,NA,NA,NA,NA,NA,NA,NA,NA,"",NA,NA,NA,-193603.65,143522.43,1,"S",-0.856653318584071,0.635055
NA,"Sky-A2-1",-2.98751,238.98133,NA,NA,NA,NA,299.8319378,-21.041178894,NA,NA,NA,NA,NA,NA,NA,NA,NA,NA,NA,NA,NA,"",NA,NA,NA,-2987.51,238981.33,2,"S",-0.0132190707964602,1.05743951327434
NA,"Sky-A2-2",8.5856,240.84715,NA,NA,NA,NA,299.8836065,-21.033974039,NA,NA,NA,NA,NA,NA,NA,NA,NA,NA,NA,NA,NA,"",NA,NA,NA,8585.6,240847.15,1,"S",0.0379893805309735,1.0656953539823
NA,"Sky-A2-3",20.16382,240.15512,NA,NA,NA,NA,299.9352857,-21.036866874,NA,NA,NA,NA,NA,NA,NA,NA,NA,NA,NA,NA,NA,"",NA,NA,NA,20163.82,240155.12,1,"S",0.0892204424778761,1.06263327433628
NA,"Sky-A2-4",31.69534,238.90682,NA,NA,NA,NA,299.986758,-21.042062133,NA,NA,NA,NA,NA,NA,NA,NA,NA,NA,NA,NA,NA,"",NA,NA,NA,31695.34,238906.82,1,"S",0.140244867256637,1.05710982300885
NA,"Sky-A2-5",43.15344,237.10513,NA,NA,NA,NA,300.0379062,-21.04954793,NA,NA,NA,NA,NA,NA,NA,NA,NA,NA,NA,NA,NA,"",NA,NA,NA,43153.44,237105.13,1,"S",0.190944424778761,1.04913774336283
NA,"Sky-A2-6",54.51158,234.75423,NA,NA,NA,NA,300.088614,-21.05930709,NA,NA,NA,NA,NA,NA,NA,NA,NA,NA,NA,NA,NA,"",NA,NA,NA,54511.58,234754.23,1,"S",0.241201681415929,1.03873553097345
NA,"Sky-A2-7",65.19784,229.9353,NA,NA,NA,NA,300.1365013,-21.07881239,NA,NA,NA,NA,NA,NA,NA,NA,NA,NA,NA,NA,NA,"",NA,NA,NA,65197.84,229935.3,2,"S",0.288486017699115,1.01741283185841
NA,"Sky-A3-1",227.83213,65.28033,NA,NA,NA,NA,300.8674806,-21.762349831,NA,NA,NA,NA,NA,NA,NA,NA,NA,NA,NA,NA,NA,"",NA,NA,NA,227832.13,65280.33,3,"S",1.0081067699115,0.288851017699115
NA,"Sky-A3-2",232.65609,54.7005,NA,NA,NA,NA,300.8888324,-21.806444951,NA,NA,NA,NA,NA,NA,NA,NA,NA,NA,NA,NA,NA,"",NA,NA,NA,232656.09,54700.5,2,"S",1.02945172566372,0.242037610619469
NA,"Sky-A3-3",236.98531,43.80666,NA,NA,NA,NA,300.9079564,-21.851808389,NA,NA,NA,NA,NA,NA,NA,NA,NA,NA,NA,NA,NA,"",NA,NA,NA,236985.31,43806.66,1,"S",1.04860756637168,0.193834778761062
NA,"Sky-A3-4",238.81857,32.35357,NA,NA,NA,NA,300.9164874,-21.899435082,NA,NA,NA,NA,NA,NA,NA,NA,NA,NA,NA,NA,NA,"",NA,NA,NA,238818.57,32353.57,1,"S",1.05671933628319,0.143157389380531
NA,"Sky-A3-5",240.09865,20.82553,NA,NA,NA,NA,300.9225441,-21.94738606,NA,NA,NA,NA,NA,NA,NA,NA,NA,NA,NA,NA,NA,"",NA,NA,NA,240098.65,20825.53,1,"S",1.06238340707965,0.0921483628318584
NA,"Sky-A3-6",236.82539,9.09574,NA,NA,NA,NA,300.9093429,-21.996252565,NA,NA,NA,NA,NA,NA,NA,NA,NA,NA,NA,NA,NA,"",NA,NA,NA,236825.39,9095.74,3,"S",1.04789995575221,0.0402466371681416
NA,"Sky-A3-7",240.98869,2.34844,NA,NA,NA,NA,300.9270458,-22.024268459,NA,NA,NA,NA,NA,NA,NA,NA,NA,NA,NA,NA,NA,"",NA,NA,NA,240988.69,2348.44,1,"S",1.06632163716814,0.0103913274336283
NA,"Sky-A4-1",214.57294,-120.30982,NA,NA,NA,NA,300.8101147,-22.534678204,NA,NA,NA,NA,NA,NA,NA,NA,NA,NA,NA,NA,NA,"",NA,NA,NA,214572.94,-120309.82,0,"S",0.949437787610619,-0.532344336283186
NA,"Sky-A4-2",204.2974,-127.84223,NA,NA,NA,NA,300.7653717,-22.566970982,NA,NA,NA,NA,NA,NA,NA,NA,NA,NA,NA,NA,NA,"",NA,NA,NA,204297.4,-127842.23,1,"S",0.903970796460177,-0.565673584070796
NA,"Sky-A4-3",197.90977,-137.52377,NA,NA,NA,NA,300.7368132,-22.607400933,NA,NA,NA,NA,NA,NA,NA,NA,NA,NA,NA,NA,NA,"",NA,NA,NA,197909.77,-137523.77,1,"S",0.875706946902655,-0.608512256637168
NA,"Sky-A4-4",191.06371,-146.88677,NA,NA,NA,NA,300.7061655,-22.646510633,NA,NA,NA,NA,NA,NA,NA,NA,NA,NA,NA,NA,NA,"",NA,NA,NA,191063.71,-146886.77,1,"S",0.845414646017699,-0.649941460176991
NA,"Sky-A4-5",180.72478,-153.32173,NA,NA,NA,NA,300.6605912,-22.674210743,NA,NA,NA,NA,NA,NA,NA,NA,NA,NA,NA,NA,NA,"",NA,NA,NA,180724.78,-153321.73,3,"S",0.799667168141593,-0.678414734513274
NA,"Sky-A4-6",176.06079,-164.57115,NA,NA,NA,NA,300.6388874,-22.720406227,NA,NA,NA,NA,NA,NA,NA,NA,NA,NA,NA,NA,NA,"",NA,NA,NA,176060.79,-164571.15,1,"S",0.779030044247788,-0.72819092920354
NA,"Sky-A4-7",167.93867,-172.85157,NA,NA,NA,NA,300.6024117,-22.755018978,NA,NA,NA,NA,NA,NA,NA,NA,NA,NA,NA,NA,NA,"",NA,NA,NA,167938.67,-172851.57,1,"S",0.743091460176991,-0.764829955752212
NA,"Sky-A5-1",-148.4702,-189.83588,NA,NA,NA,NA,299.1739238,-22.825988234,NA,NA,NA,NA,NA,NA,NA,NA,NA,NA,NA,NA,NA,"",NA,NA,NA,-148470.2,-189835.88,1,"S",-0.656947787610619,-0.839981769911504
NA,"Sky-A5-2",-156.12548,-180.9581,NA,NA,NA,NA,299.1391396,-22.789317008,NA,NA,NA,NA,NA,NA,NA,NA,NA,NA,NA,NA,NA,"",NA,NA,NA,-156125.48,-180958.1,2,"S",-0.690820707964602,-0.800699557522124
NA,"Sky-A5-3",-166.02924,-174.68645,NA,NA,NA,NA,299.0949434,-22.76260533,NA,NA,NA,NA,NA,NA,NA,NA,NA,NA,NA,NA,NA,"",NA,NA,NA,-166029.24,-174686.45,1,"S",-0.734642654867257,-0.77294889380531
NA,"Sky-A5-4",-174.24185,-166.49577,NA,NA,NA,NA,299.058051,-22.728346402,NA,NA,NA,NA,NA,NA,NA,NA,NA,NA,NA,NA,NA,"",NA,NA,NA,-174241.85,-166495.77,1,"S",-0.770981637168142,-0.736706946902655
NA,"Sky-A5-5",-182.05086,-157.91943,NA,NA,NA,NA,299.0230058,-22.692481709,NA,NA,NA,NA,NA,NA,NA,NA,NA,NA,NA,NA,NA,"",NA,NA,NA,-182050.86,-157919.43,1,"S",-0.805534778761062,-0.698758539823009
NA,"Sky-A5-6",-189.43818,-148.97731,NA,NA,NA,NA,298.9898889,-22.655095423,NA,NA,NA,NA,NA,NA,NA,NA,NA,NA,NA,NA,NA,"",NA,NA,NA,-189438.18,-148977.31,1,"S",-0.83822203539823,-0.659191637168142
NA,"Sky-A5-7",-196.38671,-139.6901,NA,NA,NA,NA,298.9587764,-22.61627508,NA,NA,NA,NA,NA,NA,NA,NA,NA,NA,NA,NA,NA,"",NA,NA,NA,-196386.71,-139690.1,1,"S",-0.868967743362832,-0.61809778761062
NA,"Sky-H1-1",-181.17025,158.92893,NA,NA,NA,NA,299.0345439,-21.372997758,NA,NA,NA,NA,NA,NA,NA,NA,NA,NA,NA,NA,NA,"",NA,NA,NA,-181170.25,158928.93,1,"S",-0.801638274336283,0.703225353982301
NA,"Sky-H1-2",-173.31368,167.46173,NA,NA,NA,NA,299.069893,-21.337621419,NA,NA,NA,NA,NA,NA,NA,NA,NA,NA,NA,NA,NA,"",NA,NA,NA,-173313.68,167461.73,1,"S",-0.766874690265487,0.74098110619469
NA,"Sky-H1-3",-165.05567,175.60663,NA,NA,NA,NA,299.1070128,-21.303862229,NA,NA,NA,NA,NA,NA,NA,NA,NA,NA,NA,NA,NA,"",NA,NA,NA,-165055.67,175606.63,1,"S",-0.73033482300885,0.777020486725664
NA,"Sky-H1-4",-156.41534,183.34477,NA,NA,NA,NA,299.1458173,-21.271797385,NA,NA,NA,NA,NA,NA,NA,NA,NA,NA,NA,NA,NA,"",NA,NA,NA,-156415.34,183344.77,1,"S",-0.692103274336283,0.811260044247788
NA,"Sky-H1-5",-150.47098,194.61368,NA,NA,NA,NA,299.1735557,-21.226090894,NA,NA,NA,NA,NA,NA,NA,NA,NA,NA,NA,NA,NA,"",NA,NA,NA,-150470.98,194613.68,0,"S",-0.665800796460177,0.861122477876106
NA,"Sky-H1-6",-138.06861,197.53006,NA,NA,NA,NA,299.2281183,-21.213039846,NA,NA,NA,NA,NA,NA,NA,NA,NA,NA,NA,NA,NA,"",NA,NA,NA,-138068.61,197530.06,1,"S",-0.610923053097345,0.874026814159292
NA,"Sky-H1-7",-128.4047,203.94434,NA,NA,NA,NA,299.2714252,-21.186481391,NA,NA,NA,NA,NA,NA,NA,NA,NA,NA,NA,NA,NA,"",NA,NA,NA,-128404.7,203944.34,1,"S",-0.568162389380531,0.902408584070796
NA,"Sky-H1-8",-118.44464,209.88551,NA,NA,NA,NA,299.3160325,-21.161888319,NA,NA,NA,NA,NA,NA,NA,NA,NA,NA,NA,NA,NA,"",NA,NA,NA,-118444.64,209885.51,1,"S",-0.524091327433628,0.928696946902655
NA,"Sky-H2-1",-100.81652,218.89973,NA,NA,NA,NA,299.3949248,-21.124588169,NA,NA,NA,NA,NA,NA,NA,NA,NA,NA,NA,NA,NA,"",NA,NA,NA,-100816.52,218899.73,1,"S",-0.446090796460177,0.968582876106195
NA,"Sky-H2-2",-90.16757,223.49692,NA,NA,NA,NA,299.4425526,-21.105572933,NA,NA,NA,NA,NA,NA,NA,NA,NA,NA,NA,NA,NA,"",NA,NA,NA,-90167.57,223496.92,1,"S",-0.398971548672566,0.988924424778761
NA,"Sky-H2-3",-77.99338,223.79909,NA,NA,NA,NA,299.4965541,-21.103443703,NA,NA,NA,NA,NA,NA,NA,NA,NA,NA,NA,NA,NA,"",NA,NA,NA,-77993.38,223799.09,3,"S",-0.345103451327434,0.990261460176991
NA,"Sky-H2-4",-68.26826,231.12877,NA,NA,NA,NA,299.5404404,-21.074021276,NA,NA,NA,NA,NA,NA,NA,NA,NA,NA,NA,NA,NA,"",NA,NA,NA,-68268.26,231128.77,1,"S",-0.302071946902655,1.02269367256637
NA,"Sky-H2-5",-57.06862,234.14576,NA,NA,NA,NA,299.5904771,-21.06155658,NA,NA,NA,NA,NA,NA,NA,NA,NA,NA,NA,NA,NA,"",NA,NA,NA,-57068.62,234145.76,1,"S",-0.252516017699115,1.03604318584071
NA,"Sky-H2-6",-45.73679,236.62039,NA,NA,NA,NA,299.6410909,-21.051338769,NA,NA,NA,NA,NA,NA,NA,NA,NA,NA,NA,NA,NA,"",NA,NA,NA,-45736.79,236620.39,1,"S",-0.20237517699115,1.04699287610619
NA,"Sky-H2-7",-33.72972,234.58752,NA,NA,NA,NA,299.6945221,-21.058828675,NA,NA,NA,NA,NA,NA,NA,NA,NA,NA,NA,NA,NA,"",NA,NA,NA,-33729.72,234587.52,3,"S",-0.149246548672566,1.03799787610619
NA,"Sky-H2-8",-22.78326,239.92079,NA,NA,NA,NA,299.7435813,-21.037731868,NA,NA,NA,NA,NA,NA,NA,NA,NA,NA,NA,NA,NA,"",NA,NA,NA,-22783.26,239920.79,1,"S",-0.100810884955752,1.0615964159292
NA,"Sky-H3-1",184.61356,154.91577,NA,NA,NA,NA,300.6708413,-21.39037812,NA,NA,NA,NA,NA,NA,NA,NA,NA,NA,NA,NA,NA,"",NA,NA,NA,184613.56,154915.77,1,"S",0.816874159292035,0.685468008849557
NA,"Sky-H3-2",195.83365,148.87975,NA,NA,NA,NA,300.7199163,-21.416160649,NA,NA,NA,NA,NA,NA,NA,NA,NA,NA,NA,NA,NA,"",NA,NA,NA,195833.65,148879.75,0,"S",0.866520575221239,0.658759955752212
NA,"Sky-H3-3",197.0002,135.32155,NA,NA,NA,NA,300.727135,-21.471417416,NA,NA,NA,NA,NA,NA,NA,NA,NA,NA,NA,NA,NA,"",NA,NA,NA,197000.2,135321.55,2,"S",0.871682300884956,0.598767920353982
NA,"Sky-H3-4",204.98415,126.73816,NA,NA,NA,NA,300.7625617,-21.507300185,NA,NA,NA,NA,NA,NA,NA,NA,NA,NA,NA,NA,NA,"",NA,NA,NA,204984.15,126738.16,1,"S",0.907009513274336,0.560788318584071
NA,"Sky-H3-5",209.09479,115.75996,NA,NA,NA,NA,300.781724,-21.552656177,NA,NA,NA,NA,NA,NA,NA,NA,NA,NA,NA,NA,NA,"",NA,NA,NA,209094.79,115759.96,2,"S",0.925198185840708,0.512212212389381
NA,"Sky-H3-6",216.21677,106.44891,NA,NA,NA,NA,300.8133093,-21.591528952,NA,NA,NA,NA,NA,NA,NA,NA,NA,NA,NA,NA,NA,"",NA,NA,NA,216216.77,106448.91,1,"S",0.956711371681416,0.471012876106195
NA,"Sky-H3-7",221.08806,95.92253,NA,NA,NA,NA,300.8353768,-21.635241824,NA,NA,NA,NA,NA,NA,NA,NA,NA,NA,NA,NA,NA,"",NA,NA,NA,221088.06,95922.53,1,"S",0.978265752212389,0.424435973451327
NA,"Sky-H3-8",221.70475,83.76159,NA,NA,NA,NA,300.8395287,-21.685474445,NA,NA,NA,NA,NA,NA,NA,NA,NA,NA,NA,NA,NA,"",NA,NA,NA,221704.75,83761.59,3,"S",0.980994469026549,0.370626504424779
NA,"Sky-H4-1",239.9828,-22.12059,NA,NA,NA,NA,300.9232031,-22.126134798,NA,NA,NA,NA,NA,NA,NA,NA,NA,NA,NA,NA,NA,"",NA,NA,NA,239982.8,-22120.59,1,"S",1.06187079646018,-0.0978787168141593
NA,"Sky-H4-2",236.66,-33.36235,NA,NA,NA,NA,300.9091711,-22.17308522,NA,NA,NA,NA,NA,NA,NA,NA,NA,NA,NA,NA,NA,"",NA,NA,NA,236660,-33362.35,2,"S",1.04716814159292,-0.147621017699115
NA,"Sky-H4-3",236.74552,-45.08459,NA,NA,NA,NA,300.9092862,-22.221790339,NA,NA,NA,NA,NA,NA,NA,NA,NA,NA,NA,NA,NA,"",NA,NA,NA,236745.52,-45084.59,1,"S",1.04754654867257,-0.199489336283186
NA,"Sky-H4-4",234.30213,-56.42319,NA,NA,NA,NA,300.8986096,-22.269040685,NA,NA,NA,NA,NA,NA,NA,NA,NA,NA,NA,NA,NA,"",NA,NA,NA,234302.13,-56423.19,1,"S",1.03673508849558,-0.249660132743363
NA,"Sky-H4-5",231.31601,-67.6311,NA,NA,NA,NA,300.8854823,-22.315759523,NA,NA,NA,NA,NA,NA,NA,NA,NA,NA,NA,NA,NA,"",NA,NA,NA,231316.01,-67631.1,1,"S",1.02352216814159,-0.299252654867257
NA,"Sky-H4-6",227.79409,-78.68236,NA,NA,NA,NA,300.8699324,-22.361838267,NA,NA,NA,NA,NA,NA,NA,NA,NA,NA,NA,NA,NA,"",NA,NA,NA,227794.09,-78682.36,1,"S",1.00793845132743,-0.34815203539823
NA,"Sky-H4-7",223.74453,-89.55136,NA,NA,NA,NA,300.851994,-22.407169669,NA,NA,NA,NA,NA,NA,NA,NA,NA,NA,NA,NA,NA,"",NA,NA,NA,223744.53,-89551.36,1,"S",0.990020044247788,-0.396244955752212
NA,"Sky-H4-8",219.17732,-100.21161,NA,NA,NA,NA,300.8317093,-22.45164269,NA,NA,NA,NA,NA,NA,NA,NA,NA,NA,NA,NA,NA,"",NA,NA,NA,219177.32,-100211.61,1,"S",0.969811150442478,-0.443414203539823
NA,"Sky-H5-1",41.83481,-237.34134,NA,NA,NA,NA,300.0335968,-23.024877683,NA,NA,NA,NA,NA,NA,NA,NA,NA,NA,NA,NA,NA,"",NA,NA,NA,41834.81,-237341.34,1,"S",0.185109778761062,-1.05018292035398
NA,"Sky-H5-2",30.36687,-239.07931,NA,NA,NA,NA,299.9817485,-23.032158555,NA,NA,NA,NA,NA,NA,NA,NA,NA,NA,NA,NA,NA,"",NA,NA,NA,30366.87,-239079.31,1,"S",0.134366681415929,-1.05787305309735
NA,"Sky-H5-3",18.8286,-240.26349,NA,NA,NA,NA,299.9295751,-23.037120119,NA,NA,NA,NA,NA,NA,NA,NA,NA,NA,NA,NA,NA,"",NA,NA,NA,18828.6,-240263.49,1,"S",0.083312389380531,-1.06311278761062
NA,"Sky-H5-4",7.2467,-240.89115,NA,NA,NA,NA,299.8771999,-23.039750613,NA,NA,NA,NA,NA,NA,NA,NA,NA,NA,NA,NA,NA,"",NA,NA,NA,7246.7,-240891.15,1,"S",0.0320650442477876,-1.06589004424779
NA,"Sky-H5-5",-4.35197,-240.96083,NA,NA,NA,NA,299.8247467,-23.040043697,NA,NA,NA,NA,NA,NA,NA,NA,NA,NA,NA,NA,NA,"",NA,NA,NA,-4351.97,-240960.83,1,"S",-0.0192565044247788,-1.06619836283186
NA,"Sky-H5-6",-15.94057,-240.47237,NA,NA,NA,NA,299.7723394,-23.037998582,NA,NA,NA,NA,NA,NA,NA,NA,NA,NA,NA,NA,NA,"",NA,NA,NA,-15940.57,-240472.37,1,"S",-0.0705334955752212,-1.06403703539823
NA,"Sky-H5-7",-27.26407,-237.43982,NA,NA,NA,NA,299.7210754,-23.025902642,NA,NA,NA,NA,NA,NA,NA,NA,NA,NA,NA,NA,NA,"",NA,NA,NA,-27264.07,-237439.82,2,"S",-0.120637477876106,-1.05061867256637
NA,"Sky-H5-8",-38.65529,-235.85328,NA,NA,NA,NA,299.669543,-23.019253884,NA,NA,NA,NA,NA,NA,NA,NA,NA,NA,NA,NA,NA,"",NA,NA,NA,-38655.29,-235853.28,2,"S",-0.17104110619469,-1.0435985840708
NA,"Sky-H6-1",-58.36925,-233.82492,NA,NA,NA,NA,299.5805077,-23.010155868,NA,NA,NA,NA,NA,NA,NA,NA,NA,NA,NA,NA,NA,"",NA,NA,NA,-58369.25,-233824.92,1,"S",-0.258271017699115,-1.03462353982301
NA,"Sky-H6-2",-69.55194,-230.74573,NA,NA,NA,NA,299.5299704,-22.997258974,NA,NA,NA,NA,NA,NA,NA,NA,NA,NA,NA,NA,NA,"",NA,NA,NA,-69551.94,-230745.73,1,"S",-0.307751946902655,-1.02099880530973
NA,"Sky-H6-3",-80.57354,-227.13205,NA,NA,NA,NA,299.4801753,-22.98212423,NA,NA,NA,NA,NA,NA,NA,NA,NA,NA,NA,NA,NA,"",NA,NA,NA,-80573.54,-227132.05,1,"S",-0.356520088495575,-1.00500907079646
NA,"Sky-H6-4",-90.64987,-221.14158,NA,NA,NA,NA,299.4344659,-22.957605654,NA,NA,NA,NA,NA,NA,NA,NA,NA,NA,NA,NA,NA,"",NA,NA,NA,-90649.87,-221141.58,2,"S",-0.401105619469027,-0.978502566371681
NA,"Sky-H6-5",-102.03172,-218.33596,NA,NA,NA,NA,299.3832793,-22.945288971,NA,NA,NA,NA,NA,NA,NA,NA,NA,NA,NA,NA,NA,"",NA,NA,NA,-102031.72,-218335.96,1,"S",-0.45146778761062,-0.966088318584071
NA,"Sky-H6-6",-111.48562,-211.40472,NA,NA,NA,NA,299.3403712,-22.916813584,NA,NA,NA,NA,NA,NA,NA,NA,NA,NA,NA,NA,NA,"",NA,NA,NA,-111485.62,-211404.72,2,"S",-0.493299203539823,-0.935419115044248
NA,"Sky-H6-7",-122.54511,-207.51809,NA,NA,NA,NA,299.2907313,-22.899996521,NA,NA,NA,NA,NA,NA,NA,NA,NA,NA,NA,NA,NA,"",NA,NA,NA,-122545.11,-207518.09,1,"S",-0.542235,-0.918221637168142
NA,"Sky-H6-8",-132.38652,-201.3824,NA,NA,NA,NA,299.2463666,-22.874312373,NA,NA,NA,NA,NA,NA,NA,NA,NA,NA,NA,NA,NA,"",NA,NA,NA,-132386.52,-201382.4,1,"S",-0.585781061946903,-0.891072566371681
NA,"Sky-H7-1",-207.18967,-123.09956,NA,NA,NA,NA,298.9104954,-22.546949271,NA,NA,NA,NA,NA,NA,NA,NA,NA,NA,NA,NA,NA,"",NA,NA,NA,-207189.67,-123099.56,1,"S",-0.916768451327434,-0.544688318584071
NA,"Sky-H7-2",-212.87255,-112.98823,NA,NA,NA,NA,298.8851533,-22.504711817,NA,NA,NA,NA,NA,NA,NA,NA,NA,NA,NA,NA,NA,"",NA,NA,NA,-212872.55,-112988.23,1,"S",-0.941913938053097,-0.499947920353982
NA,"Sky-H7-3",-218.06235,-102.61518,NA,NA,NA,NA,298.8620547,-22.461392252,NA,NA,NA,NA,NA,NA,NA,NA,NA,NA,NA,NA,NA,"",NA,NA,NA,-218062.35,-102615.18,1,"S",-0.964877654867257,-0.454049469026549
NA,"Sky-H7-4",-219.04988,-90.47735,NA,NA,NA,NA,298.856869,-22.411245013,NA,NA,NA,NA,NA,NA,NA,NA,NA,NA,NA,NA,NA,"",NA,NA,NA,-219049.88,-90477.35,3,"S",-0.969247256637168,-0.400342256637168
NA,"Sky-H7-5",-223.14943,-79.83315,NA,NA,NA,NA,298.838691,-22.366769672,NA,NA,NA,NA,NA,NA,NA,NA,NA,NA,NA,NA,NA,"",NA,NA,NA,-223149.43,-79833.15,3,"S",-0.98738685840708,-0.353244026548673
NA,"Sky-H7-6",-230.55892,-70.1687,NA,NA,NA,NA,298.8067133,-22.325963783,NA,NA,NA,NA,NA,NA,NA,NA,NA,NA,NA,NA,NA,"",NA,NA,NA,-230558.92,-70168.7,1,"S",-1.02017221238938,-0.310480973451327
NA,"Sky-H7-7",-238.51576,-60.21819,NA,NA,NA,NA,298.7726999,-22.283957641,NA,NA,NA,NA,NA,NA,NA,NA,NA,NA,NA,NA,NA,"",NA,NA,NA,-238515.76,-60218.19,0,"S",-1.05537946902655,-0.266452168141593
NA,"Sky-H7-8",-236.23556,-47.68464,NA,NA,NA,NA,298.781844,-22.232183141,NA,NA,NA,NA,NA,NA,NA,NA,NA,NA,NA,NA,NA,"",NA,NA,NA,-236235.56,-47684.64,1,"S",-1.04529008849558,-0.210993982300885
