#OBSTEMP,8
#CONFIGTEMP,19
#EQUINOX,J2000.0
#CENTRE,20 00 19.61,-21 59 56.0 #Field centre
#UTTIME,12 00 00.00 #Target observing time
#UTDATE,2021 07 10 #Target observing date
#PLATEID,a test_plateID
#LABEL,300_m20_comissioning Tile 014
#TILING_DATE,2021 06 07 # Date the tile was created/configured
#PROXIMITY,220 # tiling proximity value in arcseconds
"probe","ID","x","y","rads","angs","azAngs","angs_azAng","RA","DEC","g_mag","r_mag","i_mag","z_mag","y_mag","GAIA_g_mag","GAIA_bp_mag","GAIA_rp_mag","pmRA","pmDEC","priority","remaining_observations","Tile_number","COMPLETED","MagnetX_noDC","MagnetY_noDC","type","MagnetX","MagnetY","Position","fibre_type","fraction_plate_radius_X","fraction_plate_radius_Y"
1,"6852219965396096896",184.30771,-57.30763,193.011648409263,1.10279122798348,2.84013461933197,4.5458419158311,300.92126,-22.238592,17.6156005859375,17.0891990661621,16.8512992858887,16.7439994812012,16.682300567627,17.109262,17.54182,16.489813,-1.66621822096476,-3.90089017423545,1,1,-999,"False",189738.551111126,-54173.8950000003,1,184307.71,-57307.63,NA,"P",0.815520840707964,-0.253573584070796
2,"6864544563030731008",-167.00197,114.12529,202.272686741105,3.3991016077296,-0.599482189068054,3.99858379679766,299.32562,-21.516188,17.1993999481201,16.4986000061035,16.2029991149902,16.0695991516113,15.9692001342773,16.533085,17.065907,15.843603,-5.022871553717,-9.94449388739101,1,1,-999,"False",-170876.088888875,109089.409,1,-167001.97,114125.29,NA,"P",-0.738946769911504,0.504979159292035
3,"6852177084442210560",94.99883,-162.80745,188.496799646231,0.47768313266094,2.09899824778146,4.66187019205907,300.51596,-22.685463,17.4939994812012,17.0142993927002,16.7980003356934,16.7061004638672,16.6509990692139,17.031778,17.4295,16.433445,2.45503294192527,-2.91641999780513,1,1,-999,"False",98140.7511111236,-155166.741000001,1,94998.83,-162807.45,NA,"P",0.420348805309735,-0.720386946902655
4,"6852183956389910144",101.57962,-145.83271,177.723376361379,-0.0232383578610182,2.17920238841422,4.08074456090434,300.5469,-22.615137,16.8899002075195,15.8544998168945,15.4163999557495,15.2096004486084,15.0736999511719,15.87284,16.608011,15.039333,1.95571272648907,-6.16437821857112,1,1,-999,"False",105133.191111121,-139273.065,1,101579.62,-145832.71,NA,"P",0.449467345132743,-0.645277477876106
5,"6864284459811104256",-85.36444,6.56495,85.6165064985491,1.92258457261057,-0.0767538943586015,1.99933846696917,299.6874,-21.97019,17.4046993255615,16.75950050354,16.4843006134033,16.3414001464844,16.246000289917,16.807808,17.298574,16.107082,-1.83739444209226,3.08270774991843,1,1,-999,"False",-89113.8088888723,6484.95700000007,1,-85364.44,6564.95,NA,"P",-0.377718761061947,0.0290484513274336
6,"6864514223381577856",-58.62494,125.91189,138.890919909747,0.273270013537035,-1.13504306138471,1.40831307492175,299.8136,-21.462286,16.5543003082275,15.7588996887207,15.4187002182007,15.2405004501343,15.1295003890991,15.784205,16.384758,15.039326,-2.459334377688,-0.0767698398177282,1,1,-999,"False",-60592.6088888762,121271.261,1,-58624.94,125911.89,NA,"P",-0.259402389380531,0.557132256637168
7,"6864535182822556672",-26.50098,176.31838,178.298830805995,-0.0243839521966965,-1.42161117724809,1.3972272250514,299.96167,-21.25255,17.0562992095947,16.3677005767822,16.1009006500244,15.9706001281738,15.8956003189087,16.415144,16.937452,15.7354355,3.0748373463142,-5.58955070028288,1,1,-999,"False",-27128.788888872,168671.597,1,-26500.98,176318.38,NA,"P",-0.117260973451327,0.78016982300885
8,"6864511680760915712",-70.75287,100.79336,123.147350898533,0.22640214713105,-0.95875638288555,1.1851585300166,299.75708,-21.5682,17.4594993591309,16.9288005828857,16.6851005554199,16.5797004699707,16.4885997772217,16.953192,17.376434,16.305803,-0.897208711095508,-4.17294341425401,1,1,-999,"False",-73366.128888884,97334.6969999996,1,-70752.87,100793.36,NA,"P",-0.313065796460177,0.445988318584071
9,"6865818961428742656",150.92893,143.19922,208.051816910003,1.64074956034281,3.90071678898748,4.02321807853491,300.76376,-21.395422,17.6506996154785,16.6905002593994,16.2546005249023,16.0174999237061,15.8732995986938,16.720129,17.368034,15.826142,12.0920826434756,-7.34696073353367,1,1,-999,"False",154143.55111112,136382.525,1,150928.93,143199.22,NA,"P",0.667827123893805,0.633624867256637
10,"6865756465361404416",145.12398,47.79548,152.791941801493,1.08340246013501,3.45974707869868,3.90684068861592,300.7462,-21.794569,17.607400894165,17.0538997650146,16.8040008544922,16.7049007415771,16.613000869751,17.070547,17.507727,16.441635,0.881112463815293,-3.3861625068833,1,1,-999,"False",150174.991111119,46175.303,1,145123.98,47795.48,NA,"P",0.642141504424779,0.211484424778761
11,"6866027941654417920",76.71004,189.50909,204.445898539026,1.56127736943409,4.327766221534,3.51669645507968,300.42847,-21.200785,18.0997009277344,17.5694007873535,17.3575992584229,17.235200881958,17.2171001434326,17.603237,18.035128,16.9855,1.62327926669578,-6.39121973108808,1,1,-999,"False",78368.011111123,180370.487,1,76710.04,189509.09,NA,"P",0.339424955752212,0.838535796460177
12,"6864508931982309376",-14.87502,98.68588,99.8006469486786,3.64462805086876,-1.42119155519498,5.06581960606373,300.0134,-21.57635,16.3661994934082,15.5813999176025,15.2381000518799,15.0625,14.9460000991821,15.604759,16.2072,14.864913,-3.02228264821777,-0.824006695027147,1,1,-999,"False",-15437.8088888802,95492.7969999994,1,-14875.02,98685.88,NA,"P",-0.0658186725663717,0.436663185840708
13,"6852226489448585600",192.11365,-16.13291,192.78984750601,4.68445533623629,3.05781335497802,1.62664198125827,300.95593,-22.064825,18.4752006530762,17.9190998077393,17.6679000854492,17.558500289917,17.4748992919922,17.948444,18.377106,17.307114,-2.34949782458006,-0.802154517361294,1,1,-999,"False",197573.971111114,-14902.553,1,192113.65,-16132.91,NA,"P",0.850060398230088,-0.0713845575221239
14,"6864506969178758528",-28.05901,90.75821,94.9966353329643,0.161537653731768,-1.27095516267033,1.4324928164021,299.95258,-21.610023,18.0032005310059,17.4676990509033,17.2261009216309,17.1193008422852,17.0494995117188,17.475601,17.897696,16.856405,1.31696873280351,-5.29862278369762,1,1,-999,"False",-29183.1288888882,87882.6989999994,1,-28059.01,90758.21,NA,"P",-0.124154911504425,0.401585
15,"6852183544073002496",124.46526,-143.50909,189.964364709531,4.25192745383434,2.28524789618739,1.96667955764694,300.65027,-22.603464,18.24169921875,17.6389007568359,17.3637008666992,17.2444000244141,17.1541004180908,17.668098,18.151518,16.990314,-1.70713141807166,-2.70012867521732,1,1,-999,"False",128494.81111113,-136634.967000001,1,124465.26,-143509.09,NA,"P",0.550731238938053,-0.634995973451327
16,"6866022134859015040",59.98709,181.90127,191.537262678261,0.767540476818226,4.39384136888507,2.65688441511275,300.35367,-21.23102,17.6870002746582,16.9395008087158,16.6217002868652,16.4827003479004,16.367000579834,16.973671,17.541748,16.257383,4.16907631058282,-2.71008358524205,1,1,-999,"False",61463.2111111271,173537.377,1,59987.09,181901.27,NA,"P",0.265429601769911,0.804872876106195
17,"6852224226003669248",173.93242,-37.46302,177.921231432836,0.639884401049785,2.92944531481365,3.99362439341572,300.8761,-22.15564,15.2932996749878,14.757399559021,14.5396995544434,14.4568004608154,14.3928003311157,14.783715,15.218364,14.184224,12.2951433556964,1.63940116165826,1,1,-999,"False",179532.391111124,-35426.7429999998,1,173932.42,-37463.02,NA,"P",0.769612477876106,-0.165765575221239
18,"6864130803061422976",-131.33582,-163.60573,209.799743812773,2.69808371387613,0.894375895944038,1.80370781793209,299.48315,-22.685184,15.9499998092651,15.3549995422363,15.1159000396729,15.013500213623,14.9497003555298,15.39079,15.862086,14.760525,1.80275708468809,1.63285695921062,1,1,-999,"False",-135274.308888873,-155103.687,1,-131335.82,-163605.73,NA,"P",-0.581131946902655,-0.723919159292036
19,"6864373279735421696",-202.16805,-28.84839,204.215939746129,4.66697516580695,0.141738248462053,4.5252369173449,299.1629,-22.117523,18.5231990814209,17.800500869751,17.5030994415283,17.3556003570557,17.2686996459961,17.845762,18.384127,17.123655,2.74576113959436,-2.31286191281297,1,1,-999,"False",-207650.808888883,-26812.3010000007,1,-202168.05,-28848.39,NA,"P",-0.89454889380531,-0.127647743362832
20,"6864275835516591744",4.23082,5.31279,6.79158121916391,1.39015282863898,4.03987995403238,3.63345818178619,300.10156,-21.975786,17.4186000823975,17.0997009277344,16.9691009521484,16.9297008514404,16.8945999145508,17.099632,17.365788,16.621412,7.1144584760911,0.852274147712825,1,NA,NA,"",4486.35111112344,5220.26099999993,0,4230.82,5312.79,NA,"P",0.0187204424778761,0.0235079203539823
21,"6864220305880381952",14.85491,-61.17738,62.9550647269344,1.27483598284265,1.80900321024575,5.74901807977649,300.15048,-22.2614,17.9514007568359,17.7982006072998,17.7710990905762,17.7861995697021,17.7381992340088,17.780209,17.965988,17.41428,-3.51932350040451,-4.52066075347388,1,NA,NA,"",15542.2711111128,-59328.5029999998,0,14854.91,-61177.38,NA,"P",0.0657296902654867,-0.270696371681416
NA,"Sky-A1-1",-224.58157,81.75646,NA,NA,NA,NA,299.0746258,-21.654796392,NA,NA,NA,NA,NA,NA,NA,NA,NA,NA,NA,NA,NA,"",NA,NA,NA,-224581.57,81756.46,2,"S",-0.993723761061947,0.361754247787611
NA,"Sky-A1-2",-222.23219,93.24117,NA,NA,NA,NA,299.0860382,-21.60720677,NA,NA,NA,NA,NA,NA,NA,NA,NA,NA,NA,NA,NA,"",NA,NA,NA,-222232.19,93241.17,1,"S",-0.983328274336283,0.412571548672566
NA,"Sky-A1-3",-217.48859,103.8257,NA,NA,NA,NA,299.1075938,-21.563241465,NA,NA,NA,NA,NA,NA,NA,NA,NA,NA,NA,NA,NA,"",NA,NA,NA,-217488.59,103825.7,1,"S",-0.96233889380531,0.459405752212389
NA,"Sky-A1-4",-212.24121,114.16975,NA,NA,NA,NA,299.1313868,-21.520287497,NA,NA,NA,NA,NA,NA,NA,NA,NA,NA,NA,NA,NA,"",NA,NA,NA,-212241.21,114169.75,1,"S",-0.939120398230089,0.505175884955752
NA,"Sky-A1-5",-206.50222,124.24934,NA,NA,NA,NA,299.1573607,-21.478443688,NA,NA,NA,NA,NA,NA,NA,NA,NA,NA,NA,NA,NA,"",NA,NA,NA,-206502.22,124249.34,1,"S",-0.913726637168142,0.549775840707965
NA,"Sky-A1-6",-200.2849,134.04112,NA,NA,NA,NA,299.1854543,-21.437806158,NA,NA,NA,NA,NA,NA,NA,NA,NA,NA,NA,NA,NA,"",NA,NA,NA,-200284.9,134041.12,1,"S",-0.886216371681416,0.593102300884956
NA,"Sky-A1-7",-193.60365,143.52243,NA,NA,NA,NA,299.2156014,-21.398468092,NA,NA,NA,NA,NA,NA,NA,NA,NA,NA,NA,NA,NA,"",NA,NA,NA,-193603.65,143522.43,1,"S",-0.856653318584071,0.635055
NA,"Sky-A2-1",-2.98751,238.98133,NA,NA,NA,NA,300.0687963,-21.002746655,NA,NA,NA,NA,NA,NA,NA,NA,NA,NA,NA,NA,NA,"",NA,NA,NA,-2987.51,238981.33,2,"S",-0.0132190707964602,1.05743951327434
NA,"Sky-A2-2",8.4431,236.84956,NA,NA,NA,NA,300.1198541,-21.011123624,NA,NA,NA,NA,NA,NA,NA,NA,NA,NA,NA,NA,NA,"",NA,NA,NA,8443.1,236849.56,3,"S",0.0373588495575221,1.04800690265487
NA,"Sky-A2-3",20.58215,245.13746,NA,NA,NA,NA,300.1738532,-20.979097311,NA,NA,NA,NA,NA,NA,NA,NA,NA,NA,NA,NA,NA,"",NA,NA,NA,20582.15,245137.46,0,"S",0.0910714601769912,1.08467902654867
NA,"Sky-A2-4",31.69534,238.90682,NA,NA,NA,NA,300.2235769,-21.003629927,NA,NA,NA,NA,NA,NA,NA,NA,NA,NA,NA,NA,NA,"",NA,NA,NA,31695.34,238906.82,1,"S",0.140244867256637,1.05710982300885
NA,"Sky-A2-5",42.43718,233.16965,NA,NA,NA,NA,300.2717347,-21.026456257,NA,NA,NA,NA,NA,NA,NA,NA,NA,NA,NA,NA,NA,"",NA,NA,NA,42437.18,233169.65,3,"S",0.187775132743363,1.03172411504425
NA,"Sky-A2-6",54.05917,232.80594,NA,NA,NA,NA,300.3235288,-21.028462945,NA,NA,NA,NA,NA,NA,NA,NA,NA,NA,NA,NA,NA,"",NA,NA,NA,54059.17,232805.94,2,"S",0.239199867256637,1.03011477876106
NA,"Sky-A2-7",65.74346,231.85957,NA,NA,NA,NA,300.3755461,-21.032885377,NA,NA,NA,NA,NA,NA,NA,NA,NA,NA,NA,NA,NA,"",NA,NA,NA,65743.46,231859.57,1,"S",0.290900265486726,1.02592730088496
NA,"Sky-A3-1",231.67752,66.38214,NA,NA,NA,NA,301.1201436,-21.719539901,NA,NA,NA,NA,NA,NA,NA,NA,NA,NA,NA,NA,NA,"",NA,NA,NA,231677.52,66382.14,1,"S",1.0251217699115,0.293726283185841
NA,"Sky-A3-2",234.60313,55.15828,NA,NA,NA,NA,301.1335475,-21.766189787,NA,NA,NA,NA,NA,NA,NA,NA,NA,NA,NA,NA,NA,"",NA,NA,NA,234603.13,55158.28,1,"S",1.03806694690265,0.244063185840708
NA,"Sky-A3-3",236.98531,43.80666,NA,NA,NA,NA,301.144527,-21.813382519,NA,NA,NA,NA,NA,NA,NA,NA,NA,NA,NA,NA,NA,"",NA,NA,NA,236985.31,43806.66,1,"S",1.04860756637168,0.193834778761062
NA,"Sky-A3-4",234.85465,31.81656,NA,NA,NA,NA,301.136451,-21.863201168,NA,NA,NA,NA,NA,NA,NA,NA,NA,NA,NA,NA,NA,"",NA,NA,NA,234854.65,31816.56,3,"S",1.03917986725664,0.140781238938053
NA,"Sky-A3-5",238.106,20.65269,NA,NA,NA,NA,301.1507656,-21.909684251,NA,NA,NA,NA,NA,NA,NA,NA,NA,NA,NA,NA,NA,"",NA,NA,NA,238106,20652.69,2,"S",1.05356637168142,0.0913835840707965
NA,"Sky-A3-6",240.82258,9.24926,NA,NA,NA,NA,301.1626736,-21.957124958,NA,NA,NA,NA,NA,NA,NA,NA,NA,NA,NA,NA,NA,"",NA,NA,NA,240822.58,9249.26,1,"S",1.06558663716814,0.0409259292035398
NA,"Sky-A3-7",238.98865,2.32895,NA,NA,NA,NA,301.155226,-21.985971234,NA,NA,NA,NA,NA,NA,NA,NA,NA,NA,NA,NA,NA,"",NA,NA,NA,238988.65,2328.95,2,"S",1.05747190265487,0.0103050884955752
NA,"Sky-A4-1",210.21182,-117.86456,NA,NA,NA,NA,301.0283679,-22.486888384,NA,NA,NA,NA,NA,NA,NA,NA,NA,NA,NA,NA,NA,"",NA,NA,NA,210211.82,-117864.56,1,"S",0.930140796460177,-0.521524601769911
NA,"Sky-A4-2",204.2974,-127.84223,NA,NA,NA,NA,301.0019703,-22.528543861,NA,NA,NA,NA,NA,NA,NA,NA,NA,NA,NA,NA,NA,"",NA,NA,NA,204297.4,-127842.23,1,"S",0.903970796460177,-0.565673584070796
NA,"Sky-A4-3",197.90977,-137.52377,NA,NA,NA,NA,300.9734192,-22.568973544,NA,NA,NA,NA,NA,NA,NA,NA,NA,NA,NA,NA,NA,"",NA,NA,NA,197909.77,-137523.77,1,"S",0.875706946902655,-0.608512256637168
NA,"Sky-A4-4",195.02758,-149.93413,NA,NA,NA,NA,300.9594694,-22.619793354,NA,NA,NA,NA,NA,NA,NA,NA,NA,NA,NA,NA,NA,"",NA,NA,NA,195027.58,-149934.13,0,"S",0.86295389380531,-0.663425353982301
NA,"Sky-A4-5",183.77509,-155.90952,NA,NA,NA,NA,300.9101211,-22.645780499,NA,NA,NA,NA,NA,NA,NA,NA,NA,NA,NA,NA,NA,"",NA,NA,NA,183775.09,-155909.52,1,"S",0.813164115044248,-0.689865132743363
NA,"Sky-A4-6",176.06079,-164.57115,NA,NA,NA,NA,300.8755191,-22.681977975,NA,NA,NA,NA,NA,NA,NA,NA,NA,NA,NA,NA,NA,"",NA,NA,NA,176060.79,-164571.15,1,"S",0.779030044247788,-0.72819092920354
NA,"Sky-A4-7",167.93867,-172.85157,NA,NA,NA,NA,300.8390531,-22.716590429,NA,NA,NA,NA,NA,NA,NA,NA,NA,NA,NA,NA,NA,"",NA,NA,NA,167938.67,-172851.57,1,"S",0.743091460176991,-0.764829955752212
NA,"Sky-A5-1",-147.238,-188.26038,NA,NA,NA,NA,299.4161916,-22.781458763,NA,NA,NA,NA,NA,NA,NA,NA,NA,NA,NA,NA,NA,"",NA,NA,NA,-147238,-188260.38,2,"S",-0.651495575221239,-0.833010530973451
NA,"Sky-A5-2",-156.12548,-180.9581,NA,NA,NA,NA,299.3761896,-22.750888759,NA,NA,NA,NA,NA,NA,NA,NA,NA,NA,NA,NA,NA,"",NA,NA,NA,-156125.48,-180958.1,2,"S",-0.690820707964602,-0.800699557522124
NA,"Sky-A5-3",-163.27348,-171.78699,NA,NA,NA,NA,299.3436964,-22.712951787,NA,NA,NA,NA,NA,NA,NA,NA,NA,NA,NA,NA,NA,"",NA,NA,NA,-163273.48,-171786.99,3,"S",-0.722449026548673,-0.760119424778761
NA,"Sky-A5-4",-171.34978,-163.73226,NA,NA,NA,NA,299.3073865,-22.679226895,NA,NA,NA,NA,NA,NA,NA,NA,NA,NA,NA,NA,NA,"",NA,NA,NA,-171349.78,-163732.26,3,"S",-0.758184867256637,-0.724479026548673
NA,"Sky-A5-5",-180.53997,-156.60881,NA,NA,NA,NA,299.2664852,-22.648992597,NA,NA,NA,NA,NA,NA,NA,NA,NA,NA,NA,NA,NA,"",NA,NA,NA,-180539.97,-156608.81,2,"S",-0.798849424778761,-0.692959336283186
NA,"Sky-A5-6",-189.43818,-148.97731,NA,NA,NA,NA,299.2269792,-22.616668552,NA,NA,NA,NA,NA,NA,NA,NA,NA,NA,NA,NA,NA,"",NA,NA,NA,-189438.18,-148977.31,1,"S",-0.83822203539823,-0.659191637168142
NA,"Sky-A5-7",-196.38671,-139.6901,NA,NA,NA,NA,299.195875,-22.577848524,NA,NA,NA,NA,NA,NA,NA,NA,NA,NA,NA,NA,NA,"",NA,NA,NA,-196386.71,-139690.1,1,"S",-0.868967743362832,-0.61809778761062
NA,"Sky-H1-1",-179.66666,157.60993,NA,NA,NA,NA,299.277866,-21.339739074,NA,NA,NA,NA,NA,NA,NA,NA,NA,NA,NA,NA,NA,"",NA,NA,NA,-179666.66,157609.93,2,"S",-0.794985221238938,0.69738907079646
NA,"Sky-H1-2",-173.31368,167.46173,NA,NA,NA,NA,299.3069491,-21.299193213,NA,NA,NA,NA,NA,NA,NA,NA,NA,NA,NA,NA,NA,"",NA,NA,NA,-173313.68,167461.73,1,"S",-0.766874690265487,0.74098110619469
NA,"Sky-H1-3",-165.05567,175.60663,NA,NA,NA,NA,299.3440589,-21.265433662,NA,NA,NA,NA,NA,NA,NA,NA,NA,NA,NA,NA,NA,"",NA,NA,NA,-165055.67,175606.63,1,"S",-0.73033482300885,0.777020486725664
NA,"Sky-H1-4",-156.41534,183.34477,NA,NA,NA,NA,299.3828531,-21.23336846,NA,NA,NA,NA,NA,NA,NA,NA,NA,NA,NA,NA,NA,"",NA,NA,NA,-156415.34,183344.77,1,"S",-0.692103274336283,0.811260044247788
NA,"Sky-H1-5",-147.4127,190.65822,NA,NA,NA,NA,299.423242,-21.203070933,NA,NA,NA,NA,NA,NA,NA,NA,NA,NA,NA,NA,NA,"",NA,NA,NA,-147412.7,190658.22,1,"S",-0.652268584070796,0.843620442477876
NA,"Sky-H1-6",-138.06861,197.53006,NA,NA,NA,NA,299.4651324,-21.17461022,NA,NA,NA,NA,NA,NA,NA,NA,NA,NA,NA,NA,NA,"",NA,NA,NA,-138068.61,197530.06,1,"S",-0.610923053097345,0.874026814159292
NA,"Sky-H1-7",-128.4047,203.94434,NA,NA,NA,NA,299.508428,-21.148051431,NA,NA,NA,NA,NA,NA,NA,NA,NA,NA,NA,NA,NA,"",NA,NA,NA,-128404.7,203944.34,1,"S",-0.568162389380531,0.902408584070796
NA,"Sky-H1-8",-118.44464,209.88551,NA,NA,NA,NA,299.5530235,-21.123458038,NA,NA,NA,NA,NA,NA,NA,NA,NA,NA,NA,NA,NA,"",NA,NA,NA,-118444.64,209885.51,1,"S",-0.524091327433628,0.928696946902655
NA,"Sky-H2-1",-99.14316,215.26642,NA,NA,NA,NA,299.6388389,-21.100342861,NA,NA,NA,NA,NA,NA,NA,NA,NA,NA,NA,NA,NA,"",NA,NA,NA,-99143.16,215266.42,3,"S",-0.438686548672566,0.952506283185841
NA,"Sky-H2-2",-89.41924,221.64205,NA,NA,NA,NA,299.6826118,-21.074374857,NA,NA,NA,NA,NA,NA,NA,NA,NA,NA,NA,NA,NA,"",NA,NA,NA,-89419.24,221642.05,2,"S",-0.395660353982301,0.98071703539823
NA,"Sky-H2-3",-79.30977,227.57641,NA,NA,NA,NA,299.7280405,-21.050273229,NA,NA,NA,NA,NA,NA,NA,NA,NA,NA,NA,NA,NA,"",NA,NA,NA,-79309.77,227576.41,1,"S",-0.350928185840708,1.00697526548673
NA,"Sky-H2-4",-68.26826,231.12877,NA,NA,NA,NA,299.7773735,-21.035589747,NA,NA,NA,NA,NA,NA,NA,NA,NA,NA,NA,NA,NA,"",NA,NA,NA,-68268.26,231128.77,1,"S",-0.302071946902655,1.02269367256637
NA,"Sky-H2-5",-57.06862,234.14576,NA,NA,NA,NA,299.8273974,-21.023124857,NA,NA,NA,NA,NA,NA,NA,NA,NA,NA,NA,NA,NA,"",NA,NA,NA,-57068.62,234145.76,1,"S",-0.252516017699115,1.03604318584071
NA,"Sky-H2-6",-45.73679,236.62039,NA,NA,NA,NA,299.8779982,-21.012906879,NA,NA,NA,NA,NA,NA,NA,NA,NA,NA,NA,NA,NA,"",NA,NA,NA,-45736.79,236620.39,1,"S",-0.20237517699115,1.04699287610619
NA,"Sky-H2-7",-33.72972,234.58752,NA,NA,NA,NA,299.9314157,-21.020396649,NA,NA,NA,NA,NA,NA,NA,NA,NA,NA,NA,NA,NA,"",NA,NA,NA,-33729.72,234587.52,3,"S",-0.149246548672566,1.03799787610619
NA,"Sky-H2-8",-23.25593,244.89827,NA,NA,NA,NA,299.978519,-20.97997746,NA,NA,NA,NA,NA,NA,NA,NA,NA,NA,NA,NA,NA,"",NA,NA,NA,-23255.93,244898.27,0,"S",-0.102902345132743,1.08362066371681
NA,"Sky-H3-1",181.54934,152.34447,NA,NA,NA,NA,300.8947207,-21.362021439,NA,NA,NA,NA,NA,NA,NA,NA,NA,NA,NA,NA,NA,"",NA,NA,NA,181549.34,152344.47,3,"S",0.803315663716814,0.674090575221239
NA,"Sky-H3-2",191.8534,145.85382,NA,NA,NA,NA,300.9400347,-21.389545557,NA,NA,NA,NA,NA,NA,NA,NA,NA,NA,NA,NA,NA,"",NA,NA,NA,191853.4,145853.82,1,"S",0.848908849557522,0.645370884955752
NA,"Sky-H3-3",198.64884,136.45402,NA,NA,NA,NA,300.9706234,-21.428549706,NA,NA,NA,NA,NA,NA,NA,NA,NA,NA,NA,NA,NA,"",NA,NA,NA,198648.84,136454.02,1,"S",0.878977168141593,0.603778849557522
NA,"Sky-H3-4",204.98415,126.73816,NA,NA,NA,NA,300.9991758,-21.468872558,NA,NA,NA,NA,NA,NA,NA,NA,NA,NA,NA,NA,NA,"",NA,NA,NA,204984.15,126738.16,1,"S",0.907009513274336,0.560788318584071
NA,"Sky-H3-5",207.34504,114.79126,NA,NA,NA,NA,301.0110262,-21.518042408,NA,NA,NA,NA,NA,NA,NA,NA,NA,NA,NA,NA,NA,"",NA,NA,NA,207345.04,114791.26,3,"S",0.91745592920354,0.50792592920354
NA,"Sky-H3-6",216.21677,106.44891,NA,NA,NA,NA,301.0499089,-21.553101894,NA,NA,NA,NA,NA,NA,NA,NA,NA,NA,NA,NA,NA,"",NA,NA,NA,216216.77,106448.91,1,"S",0.956711371681416,0.471012876106195
NA,"Sky-H3-7",221.08806,95.92253,NA,NA,NA,NA,301.07197,-21.596815026,NA,NA,NA,NA,NA,NA,NA,NA,NA,NA,NA,NA,NA,"",NA,NA,NA,221088.06,95922.53,1,"S",0.978265752212389,0.424435973451327
NA,"Sky-H3-8",223.57568,84.46844,NA,NA,NA,NA,301.0839441,-21.644249011,NA,NA,NA,NA,NA,NA,NA,NA,NA,NA,NA,NA,NA,"",NA,NA,NA,223575.68,84468.44,2,"S",0.989272920353982,0.373754159292035
NA,"Sky-H4-1",239.9828,-22.12059,NA,NA,NA,NA,301.1597652,-22.087709236,NA,NA,NA,NA,NA,NA,NA,NA,NA,NA,NA,NA,NA,"",NA,NA,NA,239982.8,-22120.59,1,"S",1.06187079646018,-0.0978787168141593
NA,"Sky-H4-2",234.67958,-33.08317,NA,NA,NA,NA,301.1374049,-22.133624167,NA,NA,NA,NA,NA,NA,NA,NA,NA,NA,NA,NA,NA,"",NA,NA,NA,234679.58,-33083.17,3,"S",1.03840522123894,-0.146385707964602
NA,"Sky-H4-3",236.74552,-45.08459,NA,NA,NA,NA,301.1458505,-22.183364654,NA,NA,NA,NA,NA,NA,NA,NA,NA,NA,NA,NA,NA,"",NA,NA,NA,236745.52,-45084.59,1,"S",1.04754654867257,-0.199489336283186
NA,"Sky-H4-4",234.30213,-56.42319,NA,NA,NA,NA,301.1351761,-22.230614895,NA,NA,NA,NA,NA,NA,NA,NA,NA,NA,NA,NA,NA,"",NA,NA,NA,234302.13,-56423.19,1,"S",1.03673508849558,-0.249660132743363
NA,"Sky-H4-5",231.31601,-67.6311,NA,NA,NA,NA,301.1220516,-22.277333601,NA,NA,NA,NA,NA,NA,NA,NA,NA,NA,NA,NA,NA,"",NA,NA,NA,231316.01,-67631.1,1,"S",1.02352216814159,-0.299252654867257
NA,"Sky-H4-6",225.90356,-78.02935,NA,NA,NA,NA,301.0985482,-22.32092285,NA,NA,NA,NA,NA,NA,NA,NA,NA,NA,NA,NA,NA,"",NA,NA,NA,225903.56,-78029.35,2,"S",0.999573274336283,-0.345262610619469
NA,"Sky-H4-7",223.74453,-89.55136,NA,NA,NA,NA,301.0885711,-22.368743406,NA,NA,NA,NA,NA,NA,NA,NA,NA,NA,NA,NA,NA,"",NA,NA,NA,223744.53,-89551.36,1,"S",0.990020044247788,-0.396244955752212
NA,"Sky-H4-8",219.17732,-100.21161,NA,NA,NA,NA,301.0682913,-22.413216221,NA,NA,NA,NA,NA,NA,NA,NA,NA,NA,NA,NA,NA,"",NA,NA,NA,219177.32,-100211.61,1,"S",0.969811150442478,-0.443414203539823
NA,"Sky-H5-1",41.83481,-237.34134,NA,NA,NA,NA,300.2703959,-22.986446396,NA,NA,NA,NA,NA,NA,NA,NA,NA,NA,NA,NA,NA,"",NA,NA,NA,41834.81,-237341.34,1,"S",0.185109778761062,-1.05018292035398
NA,"Sky-H5-2",30.11485,-237.09512,NA,NA,NA,NA,300.2174945,-22.986022081,NA,NA,NA,NA,NA,NA,NA,NA,NA,NA,NA,NA,NA,"",NA,NA,NA,30114.85,-237095.12,2,"S",0.133251548672566,-1.04909345132743
NA,"Sky-H5-3",18.8286,-240.26349,NA,NA,NA,NA,300.1664035,-22.998688723,NA,NA,NA,NA,NA,NA,NA,NA,NA,NA,NA,NA,NA,"",NA,NA,NA,18828.6,-240263.49,1,"S",0.083312389380531,-1.06311278761062
NA,"Sky-H5-4",7.2467,-240.89115,NA,NA,NA,NA,300.1140431,-23.001319207,NA,NA,NA,NA,NA,NA,NA,NA,NA,NA,NA,NA,NA,"",NA,NA,NA,7246.7,-240891.15,1,"S",0.0320650442477876,-1.06589004424779
NA,"Sky-H5-5",-4.31585,-238.96103,NA,NA,NA,NA,300.0617616,-22.993845255,NA,NA,NA,NA,NA,NA,NA,NA,NA,NA,NA,NA,NA,"",NA,NA,NA,-4315.85,-238961.03,2,"S",-0.0190966814159292,-1.05734969026549
NA,"Sky-H5-6",-15.94057,-240.47237,NA,NA,NA,NA,300.0092123,-22.999567251,NA,NA,NA,NA,NA,NA,NA,NA,NA,NA,NA,NA,NA,"",NA,NA,NA,-15940.57,-240472.37,1,"S",-0.0705334955752212,-1.06403703539823
NA,"Sky-H5-7",-27.26407,-237.43982,NA,NA,NA,NA,299.9579628,-22.98747139,NA,NA,NA,NA,NA,NA,NA,NA,NA,NA,NA,NA,NA,"",NA,NA,NA,-27264.07,-237439.82,2,"S",-0.120637477876106,-1.05061867256637
NA,"Sky-H5-8",-38.65529,-235.85328,NA,NA,NA,NA,299.9064449,-22.980822744,NA,NA,NA,NA,NA,NA,NA,NA,NA,NA,NA,NA,NA,"",NA,NA,NA,-38655.29,-235853.28,2,"S",-0.17104110619469,-1.0435985840708
NA,"Sky-H6-1",-58.36925,-233.82492,NA,NA,NA,NA,299.8174349,-22.971724997,NA,NA,NA,NA,NA,NA,NA,NA,NA,NA,NA,NA,NA,"",NA,NA,NA,-58369.25,-233824.92,1,"S",-0.258271017699115,-1.03462353982301
NA,"Sky-H6-2",-69.55194,-230.74573,NA,NA,NA,NA,299.7669118,-22.958828293,NA,NA,NA,NA,NA,NA,NA,NA,NA,NA,NA,NA,NA,"",NA,NA,NA,-69551.94,-230745.73,1,"S",-0.307751946902655,-1.02099880530973
NA,"Sky-H6-3",-80.57354,-227.13205,NA,NA,NA,NA,299.7171307,-22.943693765,NA,NA,NA,NA,NA,NA,NA,NA,NA,NA,NA,NA,NA,"",NA,NA,NA,-80573.54,-227132.05,1,"S",-0.356520088495575,-1.00500907079646
NA,"Sky-H6-4",-89.8913,-219.29103,NA,NA,NA,NA,299.6746647,-22.911980549,NA,NA,NA,NA,NA,NA,NA,NA,NA,NA,NA,NA,NA,"",NA,NA,NA,-89891.3,-219291.03,3,"S",-0.397749115044248,-0.970314292035398
NA,"Sky-H6-5",-101.18493,-216.52393,NA,NA,NA,NA,299.6238605,-22.899829199,NA,NA,NA,NA,NA,NA,NA,NA,NA,NA,NA,NA,NA,"",NA,NA,NA,-101184.93,-216523.93,2,"S",-0.44772092920354,-0.958070486725664
NA,"Sky-H6-6",-112.41861,-213.17391,NA,NA,NA,NA,299.573402,-22.885245382,NA,NA,NA,NA,NA,NA,NA,NA,NA,NA,NA,NA,NA,"",NA,NA,NA,-112418.61,-213173.91,1,"S",-0.497427477876106,-0.943247389380531
NA,"Sky-H6-7",-121.52807,-205.79584,NA,NA,NA,NA,299.5320587,-22.85488999,NA,NA,NA,NA,NA,NA,NA,NA,NA,NA,NA,NA,NA,"",NA,NA,NA,-121528.07,-205795.84,2,"S",-0.53773482300885,-0.910601061946903
NA,"Sky-H6-8",-132.38652,-201.3824,NA,NA,NA,NA,299.4833872,-22.83588329,NA,NA,NA,NA,NA,NA,NA,NA,NA,NA,NA,NA,NA,"",NA,NA,NA,-132386.52,-201382.4,1,"S",-0.585781061946903,-0.891072566371681
NA,"Sky-H7-1",-207.18967,-123.09956,NA,NA,NA,NA,299.1476065,-22.508523224,NA,NA,NA,NA,NA,NA,NA,NA,NA,NA,NA,NA,NA,"",NA,NA,NA,-207189.67,-123099.56,1,"S",-0.916768451327434,-0.544688318584071
NA,"Sky-H7-2",-212.87255,-112.98823,NA,NA,NA,NA,299.1222709,-22.466286046,NA,NA,NA,NA,NA,NA,NA,NA,NA,NA,NA,NA,NA,"",NA,NA,NA,-212872.55,-112988.23,1,"S",-0.941913938053097,-0.499947920353982
NA,"Sky-H7-3",-216.25259,-101.76355,NA,NA,NA,NA,299.1068181,-22.419701849,NA,NA,NA,NA,NA,NA,NA,NA,NA,NA,NA,NA,NA,"",NA,NA,NA,-216252.59,-101763.55,2,"S",-0.956869867256637,-0.450281194690266
NA,"Sky-H7-4",-222.74704,-92.00444,NA,NA,NA,NA,299.0783805,-22.378666505,NA,NA,NA,NA,NA,NA,NA,NA,NA,NA,NA,NA,NA,"",NA,NA,NA,-222747.04,-92004.44,1,"S",-0.985606371681416,-0.407099292035398
NA,"Sky-H7-5",-225.03255,-80.50685,NA,NA,NA,NA,299.0678648,-22.330919123,NA,NA,NA,NA,NA,NA,NA,NA,NA,NA,NA,NA,NA,"",NA,NA,NA,-225032.55,-80506.85,2,"S",-0.995719247787611,-0.356225
NA,"Sky-H7-6",-230.55892,-70.1687,NA,NA,NA,NA,299.0438502,-22.287538893,NA,NA,NA,NA,NA,NA,NA,NA,NA,NA,NA,NA,NA,"",NA,NA,NA,-230558.92,-70168.7,1,"S",-1.02017221238938,-0.310480973451327
NA,"Sky-H7-7",-233.66801,-58.99428,NA,NA,NA,NA,299.0301941,-22.240923982,NA,NA,NA,NA,NA,NA,NA,NA,NA,NA,NA,NA,NA,"",NA,NA,NA,-233668.01,-58994.28,1,"S",-1.03392924778761,-0.261036637168142
NA,"Sky-H7-8",-236.23556,-47.68464,NA,NA,NA,NA,299.0189865,-22.193758532,NA,NA,NA,NA,NA,NA,NA,NA,NA,NA,NA,NA,NA,"",NA,NA,NA,-236235.56,-47684.64,1,"S",-1.04529008849558,-0.210993982300885
