#OBSTEMP,8
#CONFIGTEMP,19
#EQUINOX,J2000.0
#CENTRE,20 00 28.78,-22 02 21.8 #Field centre
#UTTIME,12 00 00.00 #Target observing time
#UTDATE,2021 07 10 #Target observing date
#PLATEID,a test_plateID
#LABEL,300_m20_comissioning Tile 013
#TILING_DATE,2021 06 07 # Date the tile was created/configured
#PROXIMITY,220 # tiling proximity value in arcseconds
"ID","RA","DEC","g_mag","r_mag","i_mag","z_mag","y_mag","GAIA_g_mag","GAIA_bp_mag","GAIA_rp_mag","pmRA","pmDEC","priority","remaining_observations","Tile_number","COMPLETED","MagnetX_noDC","MagnetY_noDC","type","MagnetX","MagnetY","Position","fibre_type","x","y","grads","gangs","gazAngs","gangs_gazAng"
"6864235050507494528",300.73398,-22.083553,NA,11.1969995498657,NA,NA,NA,NA,NA,NA,11.8207138893405,-47.3446832355894,NA,NA,NA,NA,138772.001621618,-9980.00118918863,2,133538.9,-10596.03,NA,"G",-98.7426,-171.97125,198.303333006086,2.64092664190209,1.04957787129945,1.59134877060264
"6865825906392800384",300.3992,-21.50024,NA,11.7093000411987,NA,NA,NA,NA,NA,NA,1.18179553357165,-5.20155589946197,NA,NA,NA,NA,63111.7216216254,121848.736810811,2,60966.63,126589.22,NA,"G",-65.31905,203.07968,213.325888540995,0.416306450400552,-1.25960418898242,1.67591063938297
"6864536076175760128",299.93243,-21.221102,NA,12.2386999130249,NA,NA,NA,NA,NA,NA,1.45566444745194,-12.0459181073714,NA,NA,NA,NA,-42378.2983783867,184933.924810811,2,-41531.09,194035.18,NA,"G",8.71286,213.36352,213.541343997292,2.64903509972536,4.67157590338196,4.26064450352298
"6864317097262996096",299.99063,-21.762323,NA,12.3168001174927,NA,NA,NA,NA,NA,NA,0.857401274660125,-2.78388136381946,NA,NA,NA,NA,-29225.0983783869,62617.9788108105,2,-28020.89,64572.99,NA,"G",170.06045,-111.83018,203.535121816936,0.483067135851719,2.55989971940128,4.20635272363002
"6864253432967543680",300.68863,-21.910965,NA,13.5031995773315,NA,NA,NA,NA,NA,NA,4.98119987526924,-5.37968384761146,NA,NA,NA,NA,128522.901621621,29024.8868108108,2,123680.2,29917.11,NA,"G",163.99754,102.95514,193.636138100488,6.25526839839049,3.7021919158825,2.55307648250799
"6864252196016854016",300.53958,-21.967226,NA,13.546799659729,NA,NA,NA,NA,NA,NA,-2.38602879434139,-2.04056246922849,NA,NA,NA,NA,94837.6016216239,16309.900810811,2,90916.72,16763.55,NA,"G",131.90921,-149.58199,199.436233957584,0.481096084995718,2.29349407653374,4.47078731564156
