#OBSTEMP,8
#CONFIGTEMP,19
#EQUINOX,J2000.0
#CENTRE,20 00 20.30,-22 07 10.1 #Field centre
#UTTIME,12 00 00.00 #Target observing time
#UTDATE,2021 07 10 #Target observing date
#PLATEID,a test_plateID
#LABEL,300_m20_comissioning Tile 006
#TILING_DATE,2021 06 07 # Date the tile was created/configured
#PROXIMITY,220 # tiling proximity value in arcseconds
"ID","RA","DEC","g_mag","r_mag","i_mag","z_mag","y_mag","GAIA_g_mag","GAIA_bp_mag","GAIA_rp_mag","pmRA","pmDEC","priority","remaining_observations","Tile_number","COMPLETED","MagnetX_noDC","MagnetY_noDC","type","MagnetX","MagnetY","Position","fibre_type","x","y","grads","gangs","gazAngs","gangs_gazAng"
"6864235050507494528",300.73398,-22.083553,NA,11.1969995498657,NA,NA,NA,NA,NA,NA,11.8207138893405,-47.3446832355894,NA,NA,NA,NA,146764.737701146,8119.69682758642,2,141382.32,8180.57,NA,"G",-20.21962,97.82177,99.8895976509932,6.19691537193439,-1.36696820916798,1.28069827392278
"6865825906392800384",300.3992,-21.50024,NA,11.7093000411987,NA,NA,NA,NA,NA,NA,1.18179553357165,-5.20155589946197,NA,NA,NA,NA,71104.4577011531,139948.434827587,2,68887.98,145811.39,NA,"G",16.57746,184.99247,185.733750666788,2.75947641226003,4.62301615896682,4.4196455604728
"6864536076175760128",299.93243,-21.221102,NA,12.2386999130249,NA,NA,NA,NA,NA,NA,1.45566444745194,-12.0459181073714,NA,NA,NA,NA,-34385.562298859,203033.622827586,2,-33865.14,213953.53,NA,"G",82.95913,-87.90141,120.867179707086,1.02984468288348,2.32727674074989,4.98575324931318
"6864317097262996096",299.99063,-21.762323,NA,12.3168001174927,NA,NA,NA,NA,NA,NA,0.857401274660125,-2.78388136381946,NA,NA,NA,NA,-21232.3622988591,80717.6768275856,2,-20400.16,83366.35,NA,"G",-108.66376,-28.8644,112.43205203454,5.26279964412586,0.259634690403838,5.00316495372202
"6864253432967543680",300.68863,-21.910965,NA,13.5031995773315,NA,NA,NA,NA,NA,NA,4.98119987526924,-5.37968384761146,NA,NA,NA,NA,136515.637701149,47124.5848275859,2,131615.36,48759.69,NA,"G",-96.72822,16.15328,98.0677163960026,5.5087487074385,-0.165469637581811,5.67421834502032
"6864252196016854016",300.53958,-21.967226,NA,13.546799659729,NA,NA,NA,NA,NA,NA,-2.38602879434139,-2.04056246922849,NA,NA,NA,NA,102830.337701152,34409.598827586,2,98618.82,35473.49,NA,"G",-26.83057,4.09936,27.1419276937822,1.91002711992417,-0.151614415585153,2.06164153550932
