#OBSTEMP,8
#CONFIGTEMP,19
#EQUINOX,J2000.0
#CENTRE,19 59 19.69,-22 03 15.8 #Field centre
#UTTIME,12 00 00.00 #Target observing time
#UTDATE,2021 07 10 #Target observing date
#PLATEID,a test_plateID
#LABEL,a test_label
#TILING_DATE,2021 06 07 # Date the tile was created/configured
#PROXIMITY,220 # tiling proximity value in arcseconds
"ID","RA","DEC","g_mag","r_mag","i_mag","z_mag","y_mag","GAIA_g_mag","GAIA_bp_mag","GAIA_rp_mag","pmRA","pmDEC","priority","remaining_observations","Tile_number","COMPLETED","MagnetX_noDC","MagnetY_noDC","type","MagnetX","MagnetY","Position","fibre_type","x","y","grads","gangs","gazAngs","gangs_gazAng"
"6864235050507494528",300.73398,-22.083553,NA,11.1969995498657,NA,NA,NA,NA,NA,NA,11.8207138893405,-47.3446832355894,NA,NA,NA,NA,203835.677777773,-6589.23088888851,2,198340.33,-7450.64,NA,"G",-149.93683,-141.25032,205.992004433549,2.41345985216933,0.755575643287244,1.65788420888209
"6865825906392800384",300.3992,-21.50024,NA,11.7093000411987,NA,NA,NA,NA,NA,NA,1.18179553357165,-5.20155589946197,NA,NA,NA,NA,128175.397777781,125239.507111112,2,124706.8,130835.79,NA,"G",-1.43851,206.40195,206.406962757613,0.448130552773049,-1.56382698028635,2.0119575330594
"6864536076175760128",299.93243,-21.221102,NA,12.2386999130249,NA,NA,NA,NA,NA,NA,1.45566444745194,-12.0459181073714,NA,NA,NA,NA,22685.3777777686,188324.695111111,2,22115.56,197664.02,NA,"G",185.19734,76.2489,200.279678185995,1.02106818305403,3.53215893790589,3.77209455232772
"6864317097262996096",299.99063,-21.762323,NA,12.3168001174927,NA,NA,NA,NA,NA,NA,0.857401274660125,-2.78388136381946,NA,NA,NA,NA,35838.5777777685,66008.7491111107,2,34323.32,68121.83,NA,"G",145.23938,-139.45253,201.349163460356,0.537395903132431,2.37651840176154,4.44406280855047
"6864297275993255168",300.32556,-21.936121,NA,13.1969995498657,NA,NA,NA,NA,NA,NA,-0.518102247488317,-2.85894154964932,NA,NA,NA,NA,111532.757777778,26730.4011111111,2,107071.33,27527.21,NA,"G",-150.19986,131.58692,199.687544576786,3.08791267662958,-0.719440700789245,3.80735337741883
"6864253432967543680",300.68863,-21.910965,NA,13.5031995773315,NA,NA,NA,NA,NA,NA,4.98119987526924,-5.37968384761146,NA,NA,NA,NA,193586.577777777,32415.6571111109,2,188340.15,33524.28,NA,"G",22.11556,197.66402,198.897367495586,2.7690037967692,4.60096776718211,4.45122133676668
