#OBSTEMP,8
#CONFIGTEMP,19
#EQUINOX,J2000.0
#CENTRE,20 01 03.08,-21 54 38.6 #Field centre
#UTTIME,12 00 00.00 #Target observing time
#UTDATE,2021 07 10 #Target observing date
#PLATEID,a test_plateID
#LABEL,300_m20_comissioning Tile 016
#TILING_DATE,2021 06 07 # Date the tile was created/configured
#PROXIMITY,220 # tiling proximity value in arcseconds
"probe","ID","x","y","rads","angs","azAngs","angs_azAng","RA","DEC","g_mag","r_mag","i_mag","z_mag","y_mag","GAIA_g_mag","GAIA_bp_mag","GAIA_rp_mag","pmRA","pmDEC","priority","remaining_observations","Tile_number","COMPLETED","MagnetX_noDC","MagnetY_noDC","type","MagnetX","MagnetY","Position","fibre_type","fraction_plate_radius_X","fraction_plate_radius_Y"
1,"6865769796939947648",111.8001,83.79399,139.716481204367,3.53328832877776,3.78477262631964,6.0317010096377,300.77484,-21.553291,18.1355991363525,17.6243991851807,17.3584003448486,17.2346000671387,17.1693000793457,17.626677,18.033524,16.974081,0.408359758103137,-7.43203661467407,1,1,-999,"False",115713.7282353,80778.3690588228,1,111800.1,83793.99,NA,"P",0.494690707964602,0.370769867256637
2,"6864492847326238208",-180.18629,62.24233,190.633697828566,2.46500160671554,-0.332600637859512,2.79760224457506,299.4445,-21.64573,17.9508991241455,17.3903999328613,17.1333999633789,17.0177993774414,16.9312000274658,17.415512,17.856806,16.764273,-1.89381460889137,-3.2810392704295,1,1,-999,"False",-184943.111764695,59887.155058823,1,-180186.29,62242.33,NA,"P",-0.797284469026549,0.275408539823009
3,"6864532399683658624",-126.73779,156.75296,201.578664255039,3.00673113026415,-0.890882247611701,3.89761337787585,299.6901,-21.2491,17.872200012207,17.2595996856689,17.0174007415771,16.9027996063232,16.8054008483887,17.30517,17.791853,16.645792,1.94372226985697,-1.77157112271569,1,1,-999,"False",-129437.511764702,149525.535058823,1,-126737.79,156752.96,NA,"P",-0.560786681415929,0.693597168141593
4,"6866020172054983936",4.20821,149.38033,149.439593221853,2.95386719899772,4.68422531719179,4.55282718898551,300.28232,-21.275194,15.9815998077393,15.1408004760742,14.7705001831055,14.5650997161865,14.4554004669189,15.166709,15.8005705,14.377449,-2.82708076970689,-3.9049140491075,1,1,-999,"False",4404.20823531031,143628.291058823,1,4208.21,149380.33,NA,"P",0.0186203982300885,0.660974911504425
5,"6864516899143430656",-48.91615,113.26278,123.374418191742,3.14051849497281,-1.16311107845606,4.30362957342887,300.0387,-21.42701,18.8873996734619,17.9953994750977,17.5848999023438,17.3824005126953,17.2273006439209,18.171604,18.659176,17.17361,-1.90725901619033,-1.12734419412991,1,1,-999,"False",-50653.9117646945,109317.875058823,1,-48916.15,113262.78,NA,"P",-0.21644314159292,0.501162743362832
6,"6866040242440879872",-32.32449,204.24298,206.7850757019,2.76099371134194,-1.41383333418632,4.17482704552825,300.11743,-21.051088,16.1741008758545,15.6399002075195,15.41100025177,15.3112001419067,15.2473001480103,15.658155,16.093506,15.054602,-2.34962059261762,-4.4949319001285,1,1,-999,"False",-32860.9317647057,194276.247058823,1,-32324.49,204242.98,NA,"P",-0.143028716814159,0.90373
7,"6864381629152625152",-184.2878,-6.24934,184.393729500966,2.26864784185297,0.033897774005244,2.23475006784773,299.42307,-21.934778,14.621600151062,14.0697002410889,13.8397998809814,13.6898002624512,13.5979995727539,14.073389,14.526098,13.446641,-1.21988800908267,0.174235762452368,1,1,-999,"False",-189786.291764697,-5437.6929411772,1,-184287.8,-6249.34,NA,"P",-0.815432743362832,-0.0276519469026549
8,"6864191379279345024",-2.03293,-149.72275,149.736550888377,-1.10592605763079,1.55721919784985,3.62004005169895,300.2532,-22.547285,17.385799407959,16.497200012207,16.1502990722656,15.9855003356934,15.8632001876831,16.546124,17.19085,15.775208,-4.26819965673957,2.40972481647499,1,1,-999,"False",-2176.91176469748,-143864.274941177,1,-2032.93,-149722.75,NA,"P",-0.00899526548672566,-0.662490044247788
9,"6865744679971096576",149.16419,24.64631,151.186626971344,1.03397409050059,3.30534258679977,4.01181681088041,300.94598,-21.804705,17.5527000427246,17.0389003753662,16.8050003051758,16.703800201416,16.6326007843018,17.054775,17.463821,16.450237,-4.29016365239074,-5.56216682417042,1,1,-999,"False",154391.368235296,23958.8050588235,1,149164.19,24646.31,NA,"P",0.660018539823009,0.109054469026549
10,"6864104380422449664",-95.15052,-183.50477,206.706608672832,2.72156093471205,1.09244433125448,1.62911660345756,299.8288,-22.681707,17.086799621582,16.3169002532959,15.9872999191284,15.836799621582,15.7287998199463,16.351028,16.939913,15.61703,0.255660463415581,1.06889189728872,1,1,-999,"False",-98091.3117646956,-174243.646941177,1,-95150.52,-183504.77,NA,"P",-0.42102,-0.811968008849557
11,"6864306381324404480",47.30563,38.29372,60.8623990747596,3.47045736187678,3.82209710021787,5.93154556883849,300.48154,-21.746258,17.7381992340088,17.1205005645752,16.8122997283936,16.6681003570557,16.5687999725342,17.13463,17.631819,16.442106,-6.07830128479483,-0.863453190865644,1,1,-999,"False",49427.9282353032,37167.8270588237,1,47305.63,38293.72,NA,"P",0.209316946902655,0.169441238938053
12,"6852080980254126720",-1.60044,-215.94123,215.947160717863,-1.03765854497091,1.56338500151421,3.68214176069446,300.25516,-22.816584,16.0256996154785,15.480899810791,15.2562999725342,15.1712999343872,15.1087999343872,15.50839,15.958072,14.898106,-0.563106242930437,-3.72419198805862,1,1,-999,"False",-1733.95176469819,-204725.848941177,1,-1600.44,-215941.23,NA,"P",-0.00708159292035398,-0.955492168141593
13,"6865827899257619584",51.18989,111.87457,123.02976977503,3.14937922274355,4.28326181824767,5.14930271167547,300.4978,-21.433073,16.5900993347168,16.0308990478516,15.7870998382568,15.6815004348755,15.6048002243042,16.049316,16.499805,15.418051,-4.5968616285436,-2.89878182606855,1,1,-999,"False",53102.6882353005,107947.637058823,1,51189.89,111874.57,NA,"P",0.226503938053097,0.495020221238938
14,"6852184128188603392",67.66539,-160.02015,173.738462666948,4.27381775081491,1.97084910626511,2.3029686445498,300.57278,-22.58784,17.6133003234863,17.1110000610352,16.8920993804932,16.8113994598389,16.7373008728027,17.135971,17.539452,16.536507,4.12997006901349,2.96625850847704,1,1,-999,"False",70048.1682352965,-153029.704941177,1,67665.39,-160020.15,NA,"P",0.299404380530973,-0.708053761061947
15,"6864315516716491264",-14.06566,46.00536,48.1075455616393,1.62246127476649,-1.27408220504343,2.89654347980992,300.19785,-21.71299,17.4277992248535,16.835599899292,16.5853004455566,16.4641990661621,16.3827991485596,16.867264,17.335897,16.21317,2.80770924657749,-7.14049357536044,1,1,-999,"False",-14686.011764692,44686.3950588236,1,-14065.66,46005.36,NA,"P",-0.0622374336283186,0.203563539823009
16,"6864490996198462720",-178.21547,39.49311,182.538925944011,2.14349042431338,-0.218078931690735,2.36156935600412,299.45154,-21.741526,17.2024993896484,16.6163005828857,16.3889007568359,16.2763004302979,16.1919002532959,16.654675,17.112106,16.017277,-0.524941196000723,-2.14085112620612,1,1,-999,"False",-183352.071764704,38237.2590588231,1,-178215.47,39493.11,NA,"P",-0.788564026548673,0.174748274336283
17,"6864287105510878336",-78.12383,-10.47646,78.8231503303471,1.76295156182555,0.133305415606426,1.62964614621913,299.90176,-21.95513,17.9972991943359,17.5172004699707,17.3047008514404,17.2196006774902,17.1555995941162,17.537851,17.894846,16.937292,6.3574370939683,0.126398962737873,1,1,-999,"False",-81602.3517646903,-10037.244941177,1,-78123.83,-10476.46,NA,"P",-0.345680663716814,-0.046356017699115
18,"6864509756616038272",-78.6147,82.42612,113.904944205001,1.82037191847251,-0.809061161312007,2.62943307978452,299.90167,-21.557936,15.8259000778198,15.2243003845215,15.0064001083374,14.9107999801636,14.84850025177,15.266318,15.731531,14.639403,4.57875910205033,-3.8987230475281,1,1,-999,"False",-81622.6917646903,79728.5990588236,1,-78614.7,82426.12,NA,"P",-0.347852654867257,0.364717345132743
19,"6864251543181934976",73.5457,-12.51936,74.603648458367,3.94048769949894,2.97298325335133,0.967504446147617,300.6028,-21.964125,18.0881996154785,17.5207996368408,17.2474994659424,17.1338005065918,17.0564994812012,17.530523,17.98553,16.876167,-4.28052620438191,-11.4513302436494,1,1,-999,"False",76832.6882353047,-12070.1149411767,1,73545.7,-12519.36,NA,"P",0.325423451327434,-0.0553953982300885
20,"6864162203563212544",-163.72801,-123.53055,205.101579813181,2.58238112915136,0.646366200346908,1.93601492880446,299.51724,-22.428616,18.1749000549316,17.9978008270264,17.9610996246338,17.9286994934082,17.9563999176025,17.976822,18.16292,17.564684,-4.01994838040405,-2.78933448412804,1,NA,NA,"",-168503.871764692,-117045.080941177,0,-163728.01,-123530.55,NA,"P",-0.724460221238938,-0.546595353982301
21,"6864163960208959360",-116.69601,-124.26539,170.46948671763,2.42458265023478,0.816801083830622,1.60778156640416,299.72766,-22.436184,17.3169002532959,17.1933994293213,17.201000213623,17.2315006256104,17.2112007141113,17.175383,17.317902,16.854609,-2.02770963217676,-6.3343156922006,1,NA,NA,"",-120948.951764693,-118755.448941177,0,-116696.01,-124265.39,NA,"P",-0.516354026548673,-0.54984685840708
NA,"Sky-A1-1",-222.70223,81.0723,NA,NA,NA,NA,299.2642257,-21.569361701,NA,NA,NA,NA,NA,NA,NA,NA,NA,NA,NA,NA,NA,"",NA,NA,NA,-222702.23,81072.3,3,"S",-0.985408097345133,0.358726991150442
NA,"Sky-A1-2",-222.23219,93.24117,NA,NA,NA,NA,299.2677659,-21.519053354,NA,NA,NA,NA,NA,NA,NA,NA,NA,NA,NA,NA,NA,"",NA,NA,NA,-222232.19,93241.17,1,"S",-0.983328274336283,0.412571548672566
NA,"Sky-A1-3",-217.48859,103.8257,NA,NA,NA,NA,299.2893071,-21.475087446,NA,NA,NA,NA,NA,NA,NA,NA,NA,NA,NA,NA,NA,"",NA,NA,NA,-217488.59,103825.7,1,"S",-0.96233889380531,0.459405752212389
NA,"Sky-A1-4",-212.24121,114.16975,NA,NA,NA,NA,299.3130845,-21.43213283,NA,NA,NA,NA,NA,NA,NA,NA,NA,NA,NA,NA,NA,"",NA,NA,NA,-212241.21,114169.75,1,"S",-0.939120398230089,0.505175884955752
NA,"Sky-A1-5",-206.50222,124.24934,NA,NA,NA,NA,299.3390416,-21.390288332,NA,NA,NA,NA,NA,NA,NA,NA,NA,NA,NA,NA,NA,"",NA,NA,NA,-206502.22,124249.34,1,"S",-0.913726637168142,0.549775840707965
NA,"Sky-A1-6",-200.2849,134.04112,NA,NA,NA,NA,299.3671172,-21.34965008,NA,NA,NA,NA,NA,NA,NA,NA,NA,NA,NA,NA,NA,"",NA,NA,NA,-200284.9,134041.12,1,"S",-0.886216371681416,0.593102300884956
NA,"Sky-A1-7",-190.39021,141.14024,NA,NA,NA,NA,299.4106336,-21.319670014,NA,NA,NA,NA,NA,NA,NA,NA,NA,NA,NA,NA,NA,"",NA,NA,NA,-190390.21,141140.24,3,"S",-0.842434557522124,0.624514336283186
NA,"Sky-A2-1",-3.01251,240.9813,NA,NA,NA,NA,300.2498286,-20.906790498,NA,NA,NA,NA,NA,NA,NA,NA,NA,NA,NA,NA,NA,"",NA,NA,NA,-3012.51,240981.3,1,"S",-0.0133296902654867,1.0662889380531
NA,"Sky-A2-2",8.76372,245.84385,NA,NA,NA,NA,300.3022972,-20.887980826,NA,NA,NA,NA,NA,NA,NA,NA,NA,NA,NA,NA,NA,"",NA,NA,NA,8763.72,245843.85,0,"S",0.0387775221238938,1.0878046460177
NA,"Sky-A2-3",19.99647,238.16201,NA,NA,NA,NA,300.3524932,-20.918028466,NA,NA,NA,NA,NA,NA,NA,NA,NA,NA,NA,NA,NA,"",NA,NA,NA,19996.47,238162.01,2,"S",0.0884799557522124,1.05381420353982
NA,"Sky-A2-4",31.69534,238.90682,NA,NA,NA,NA,300.4046183,-20.915462497,NA,NA,NA,NA,NA,NA,NA,NA,NA,NA,NA,NA,NA,"",NA,NA,NA,31695.34,238906.82,1,"S",0.140244867256637,1.05710982300885
NA,"Sky-A2-5",42.43718,233.16965,NA,NA,NA,NA,300.4527477,-20.938289023,NA,NA,NA,NA,NA,NA,NA,NA,NA,NA,NA,NA,NA,"",NA,NA,NA,42437.18,233169.65,3,"S",0.187775132743363,1.03172411504425
NA,"Sky-A2-6",54.05917,232.80594,NA,NA,NA,NA,300.5045114,-20.94029598,NA,NA,NA,NA,NA,NA,NA,NA,NA,NA,NA,NA,NA,"",NA,NA,NA,54059.17,232805.94,2,"S",0.239199867256637,1.03011477876106
NA,"Sky-A2-7",65.74346,231.85957,NA,NA,NA,NA,300.556498,-20.944718755,NA,NA,NA,NA,NA,NA,NA,NA,NA,NA,NA,NA,NA,"",NA,NA,NA,65743.46,231859.57,1,"S",0.290900265486726,1.02592730088496
NA,"Sky-A3-1",231.67752,66.38214,NA,NA,NA,NA,301.3006343,-21.631386476,NA,NA,NA,NA,NA,NA,NA,NA,NA,NA,NA,NA,NA,"",NA,NA,NA,231677.52,66382.14,1,"S",1.0251217699115,0.293726283185841
NA,"Sky-A3-2",234.60313,55.15828,NA,NA,NA,NA,301.3140284,-21.678036754,NA,NA,NA,NA,NA,NA,NA,NA,NA,NA,NA,NA,NA,"",NA,NA,NA,234603.13,55158.28,1,"S",1.03806694690265,0.244063185840708
NA,"Sky-A3-3",233.05182,43.07956,NA,NA,NA,NA,301.3085426,-21.728159199,NA,NA,NA,NA,NA,NA,NA,NA,NA,NA,NA,NA,NA,"",NA,NA,NA,233051.82,43079.56,3,"S",1.03120274336283,0.190617522123894
NA,"Sky-A3-4",234.85465,31.81656,NA,NA,NA,NA,301.3169269,-21.775048267,NA,NA,NA,NA,NA,NA,NA,NA,NA,NA,NA,NA,NA,"",NA,NA,NA,234854.65,31816.56,3,"S",1.03917986725664,0.140781238938053
NA,"Sky-A3-5",240.09865,20.82553,NA,NA,NA,NA,301.3395696,-21.820808166,NA,NA,NA,NA,NA,NA,NA,NA,NA,NA,NA,NA,NA,"",NA,NA,NA,240098.65,20825.53,1,"S",1.06238340707965,0.0921483628318584
NA,"Sky-A3-6",238.82392,9.1725,NA,NA,NA,NA,301.3347616,-21.869323398,NA,NA,NA,NA,NA,NA,NA,NA,NA,NA,NA,NA,NA,"",NA,NA,NA,238823.92,9172.5,2,"S",1.05674300884956,0.0405862831858407
NA,"Sky-A3-7",240.98869,2.34844,NA,NA,NA,NA,301.3440634,-21.897690824,NA,NA,NA,NA,NA,NA,NA,NA,NA,NA,NA,NA,NA,"",NA,NA,NA,240988.69,2348.44,1,"S",1.06632163716814,0.0103913274336283
NA,"Sky-A4-1",210.21182,-117.86456,NA,NA,NA,NA,301.2088908,-22.398732982,NA,NA,NA,NA,NA,NA,NA,NA,NA,NA,NA,NA,NA,"",NA,NA,NA,210211.82,-117864.56,1,"S",0.930140796460177,-0.521524601769911
NA,"Sky-A4-2",202.60188,-126.78123,NA,NA,NA,NA,301.1753583,-22.43630504,NA,NA,NA,NA,NA,NA,NA,NA,NA,NA,NA,NA,NA,"",NA,NA,NA,202601.88,-126781.23,2,"S",0.896468495575221,-0.56097889380531
NA,"Sky-A4-3",202.01567,-140.37688,NA,NA,NA,NA,301.1712424,-22.491769982,NA,NA,NA,NA,NA,NA,NA,NA,NA,NA,NA,NA,NA,"",NA,NA,NA,202015.67,-140376.88,0,"S",0.893874646017699,-0.621136637168142
NA,"Sky-A4-4",191.06371,-146.88677,NA,NA,NA,NA,301.1233531,-22.519925602,NA,NA,NA,NA,NA,NA,NA,NA,NA,NA,NA,NA,NA,"",NA,NA,NA,191063.71,-146886.77,1,"S",0.845414646017699,-0.649941460176991
NA,"Sky-A4-5",182.24989,-154.61558,NA,NA,NA,NA,301.0842727,-22.552628094,NA,NA,NA,NA,NA,NA,NA,NA,NA,NA,NA,NA,NA,"",NA,NA,NA,182249.89,-154615.58,2,"S",0.806415442477876,-0.684139734513274
NA,"Sky-A4-6",173.13852,-161.83959,NA,NA,NA,NA,301.0437742,-22.583257375,NA,NA,NA,NA,NA,NA,NA,NA,NA,NA,NA,NA,NA,"",NA,NA,NA,173138.52,-161839.59,3,"S",0.766099646017699,-0.716104380530973
NA,"Sky-A4-7",167.93867,-172.85157,NA,NA,NA,NA,301.0196902,-22.628430936,NA,NA,NA,NA,NA,NA,NA,NA,NA,NA,NA,NA,NA,"",NA,NA,NA,167938.67,-172851.57,1,"S",0.743091460176991,-0.764829955752212
NA,"Sky-A5-1",-148.4702,-189.83588,NA,NA,NA,NA,299.5925182,-22.699399412,NA,NA,NA,NA,NA,NA,NA,NA,NA,NA,NA,NA,NA,"",NA,NA,NA,-148470.2,-189835.88,1,"S",-0.656947787610619,-0.839981769911504
NA,"Sky-A5-2",-156.12548,-180.9581,NA,NA,NA,NA,299.557765,-22.662729111,NA,NA,NA,NA,NA,NA,NA,NA,NA,NA,NA,NA,NA,"",NA,NA,NA,-156125.48,-180958.1,2,"S",-0.690820707964602,-0.800699557522124
NA,"Sky-A5-3",-166.02924,-174.68645,NA,NA,NA,NA,299.5136087,-22.636018693,NA,NA,NA,NA,NA,NA,NA,NA,NA,NA,NA,NA,NA,"",NA,NA,NA,-166029.24,-174686.45,1,"S",-0.734642654867257,-0.77294889380531
NA,"Sky-A5-4",-174.24185,-166.49577,NA,NA,NA,NA,299.4767491,-22.601760864,NA,NA,NA,NA,NA,NA,NA,NA,NA,NA,NA,NA,NA,"",NA,NA,NA,-174241.85,-166495.77,1,"S",-0.770981637168142,-0.736706946902655
NA,"Sky-A5-5",-180.53997,-156.60881,NA,NA,NA,NA,299.4481286,-22.560835199,NA,NA,NA,NA,NA,NA,NA,NA,NA,NA,NA,NA,NA,"",NA,NA,NA,-180539.97,-156608.81,2,"S",-0.798849424778761,-0.692959336283186
NA,"Sky-A5-6",-193.36833,-152.06804,NA,NA,NA,NA,299.392078,-22.540397704,NA,NA,NA,NA,NA,NA,NA,NA,NA,NA,NA,NA,NA,"",NA,NA,NA,-193368.33,-152068.04,0,"S",-0.855612079646018,-0.672867433628319
NA,"Sky-A5-7",-196.38671,-139.6901,NA,NA,NA,NA,299.3775616,-22.489692742,NA,NA,NA,NA,NA,NA,NA,NA,NA,NA,NA,NA,NA,"",NA,NA,NA,-196386.71,-139690.1,1,"S",-0.868967743362832,-0.61809778761062
NA,"Sky-H1-1",-179.66666,157.60993,NA,NA,NA,NA,299.4594711,-21.251580787,NA,NA,NA,NA,NA,NA,NA,NA,NA,NA,NA,NA,NA,"",NA,NA,NA,-179666.66,157609.93,2,"S",-0.794985221238938,0.69738907079646
NA,"Sky-H1-2",-171.8753,166.07192,NA,NA,NA,NA,299.4945147,-21.216476534,NA,NA,NA,NA,NA,NA,NA,NA,NA,NA,NA,NA,NA,"",NA,NA,NA,-171875.3,166071.92,2,"S",-0.76051017699115,0.734831504424779
NA,"Sky-H1-3",-165.05567,175.60663,NA,NA,NA,NA,299.5256228,-21.177273931,NA,NA,NA,NA,NA,NA,NA,NA,NA,NA,NA,NA,NA,"",NA,NA,NA,-165055.67,175606.63,1,"S",-0.73033482300885,0.777020486725664
NA,"Sky-H1-4",-156.41534,183.34477,NA,NA,NA,NA,299.5643932,-21.145207942,NA,NA,NA,NA,NA,NA,NA,NA,NA,NA,NA,NA,NA,"",NA,NA,NA,-156415.34,183344.77,1,"S",-0.692103274336283,0.811260044247788
NA,"Sky-H1-5",-147.4127,190.65822,NA,NA,NA,NA,299.6047575,-21.114909641,NA,NA,NA,NA,NA,NA,NA,NA,NA,NA,NA,NA,NA,"",NA,NA,NA,-147412.7,190658.22,1,"S",-0.652268584070796,0.843620442477876
NA,"Sky-H1-6",-138.06861,197.53006,NA,NA,NA,NA,299.6466225,-21.086448173,NA,NA,NA,NA,NA,NA,NA,NA,NA,NA,NA,NA,NA,"",NA,NA,NA,-138068.61,197530.06,1,"S",-0.610923053097345,0.874026814159292
NA,"Sky-H1-7",-128.4047,203.94434,NA,NA,NA,NA,299.689892,-21.059888653,NA,NA,NA,NA,NA,NA,NA,NA,NA,NA,NA,NA,NA,"",NA,NA,NA,-128404.7,203944.34,1,"S",-0.568162389380531,0.902408584070796
NA,"Sky-H1-8",-118.44464,209.88551,NA,NA,NA,NA,299.7344608,-21.035294562,NA,NA,NA,NA,NA,NA,NA,NA,NA,NA,NA,NA,NA,"",NA,NA,NA,-118444.64,209885.51,1,"S",-0.524091327433628,0.928696946902655
NA,"Sky-H2-1",-100.81652,218.89973,NA,NA,NA,NA,299.8132856,-20.997992802,NA,NA,NA,NA,NA,NA,NA,NA,NA,NA,NA,NA,NA,"",NA,NA,NA,-100816.52,218899.73,1,"S",-0.446090796460177,0.968582876106195
NA,"Sky-H2-2",-90.16757,223.49692,NA,NA,NA,NA,299.8608727,-20.978976713,NA,NA,NA,NA,NA,NA,NA,NA,NA,NA,NA,NA,NA,"",NA,NA,NA,-90167.57,223496.92,1,"S",-0.398971548672566,0.988924424778761
NA,"Sky-H2-3",-80.95516,232.29779,NA,NA,NA,NA,299.9025858,-20.94376275,NA,NA,NA,NA,NA,NA,NA,NA,NA,NA,NA,NA,NA,"",NA,NA,NA,-80955.16,232297.79,0,"S",-0.358208672566372,1.02786632743363
NA,"Sky-H2-4",-68.26826,231.12877,NA,NA,NA,NA,299.9586774,-20.947423583,NA,NA,NA,NA,NA,NA,NA,NA,NA,NA,NA,NA,NA,"",NA,NA,NA,-68268.26,231128.77,1,"S",-0.302071946902655,1.02269367256637
NA,"Sky-H2-5",-56.59499,232.20251,NA,NA,NA,NA,300.0106308,-20.942530382,NA,NA,NA,NA,NA,NA,NA,NA,NA,NA,NA,NA,NA,"",NA,NA,NA,-56594.99,232202.51,2,"S",-0.250420309734513,1.02744473451327
NA,"Sky-H2-6",-45.73679,236.62039,NA,NA,NA,NA,300.0592428,-20.924739956,NA,NA,NA,NA,NA,NA,NA,NA,NA,NA,NA,NA,NA,"",NA,NA,NA,-45736.79,236620.39,1,"S",-0.20237517699115,1.04699287610619
NA,"Sky-H2-7",-34.29902,238.54693,NA,NA,NA,NA,300.1102753,-20.91679179,NA,NA,NA,NA,NA,NA,NA,NA,NA,NA,NA,NA,NA,"",NA,NA,NA,-34299.02,238546.93,1,"S",-0.151765575221239,1.05551738938053
NA,"Sky-H2-8",-22.78326,239.92079,NA,NA,NA,NA,300.1616467,-20.911132321,NA,NA,NA,NA,NA,NA,NA,NA,NA,NA,NA,NA,NA,"",NA,NA,NA,-22783.26,239920.79,1,"S",-0.100810884955752,1.0615964159292
NA,"Sky-H3-1",183.0814,153.63008,NA,NA,NA,NA,301.0817408,-21.268822097,NA,NA,NA,NA,NA,NA,NA,NA,NA,NA,NA,NA,NA,"",NA,NA,NA,183081.4,153630.08,2,"S",0.810094690265487,0.679779115044248
NA,"Sky-H3-2",190.26115,144.64334,NA,NA,NA,NA,301.1140215,-21.30612839,NA,NA,NA,NA,NA,NA,NA,NA,NA,NA,NA,NA,NA,"",NA,NA,NA,190261.15,144643.34,2,"S",0.841863495575221,0.640014778761062
NA,"Sky-H3-3",198.64884,136.45402,NA,NA,NA,NA,301.1512137,-21.340392355,NA,NA,NA,NA,NA,NA,NA,NA,NA,NA,NA,NA,NA,"",NA,NA,NA,198648.84,136454.02,1,"S",0.878977168141593,0.603778849557522
NA,"Sky-H3-4",203.28293,125.68632,NA,NA,NA,NA,301.1726654,-21.384843888,NA,NA,NA,NA,NA,NA,NA,NA,NA,NA,NA,NA,NA,"",NA,NA,NA,203282.93,125686.32,2,"S",0.899481991150442,0.556134159292035
NA,"Sky-H3-5",209.09479,115.75996,NA,NA,NA,NA,301.1988915,-21.4260726,NA,NA,NA,NA,NA,NA,NA,NA,NA,NA,NA,NA,NA,"",NA,NA,NA,209094.79,115759.96,2,"S",0.925198185840708,0.512212212389381
NA,"Sky-H3-6",214.42233,105.56546,NA,NA,NA,NA,301.2229701,-21.468423465,NA,NA,NA,NA,NA,NA,NA,NA,NA,NA,NA,NA,NA,"",NA,NA,NA,214422.33,105565.46,2,"S",0.948771371681416,0.467103805309734
NA,"Sky-H3-7",219.25319,95.12644,NA,NA,NA,NA,301.2448441,-21.511799224,NA,NA,NA,NA,NA,NA,NA,NA,NA,NA,NA,NA,NA,"",NA,NA,NA,219253.19,95126.44,2,"S",0.97014685840708,0.420913451327434
NA,"Sky-H3-8",230.12392,86.94241,NA,NA,NA,NA,301.2917074,-21.546338933,NA,NA,NA,NA,NA,NA,NA,NA,NA,NA,NA,NA,NA,"",NA,NA,NA,230123.92,86942.41,0,"S",1.01824743362832,0.38470092920354
NA,"Sky-H4-1",239.9828,-22.12059,NA,NA,NA,NA,301.3402189,-21.999557108,NA,NA,NA,NA,NA,NA,NA,NA,NA,NA,NA,NA,NA,"",NA,NA,NA,239982.8,-22120.59,1,"S",1.06187079646018,-0.0978787168141593
NA,"Sky-H4-2",236.66,-33.36235,NA,NA,NA,NA,301.3261971,-22.046507015,NA,NA,NA,NA,NA,NA,NA,NA,NA,NA,NA,NA,NA,"",NA,NA,NA,236660,-33362.35,2,"S",1.04716814159292,-0.147621017699115
NA,"Sky-H4-3",236.74552,-45.08459,NA,NA,NA,NA,301.3263096,-22.095212187,NA,NA,NA,NA,NA,NA,NA,NA,NA,NA,NA,NA,NA,"",NA,NA,NA,236745.52,-45084.59,1,"S",1.04754654867257,-0.199489336283186
NA,"Sky-H4-4",230.41317,-55.48667,NA,NA,NA,NA,301.2992862,-22.138919577,NA,NA,NA,NA,NA,NA,NA,NA,NA,NA,NA,NA,NA,"",NA,NA,NA,230413.17,-55486.67,3,"S",1.01952730088496,-0.245516238938053
NA,"Sky-H4-5",231.31601,-67.6311,NA,NA,NA,NA,301.3025223,-22.189180526,NA,NA,NA,NA,NA,NA,NA,NA,NA,NA,NA,NA,NA,"",NA,NA,NA,231316.01,-67631.1,1,"S",1.02352216814159,-0.299252654867257
NA,"Sky-H4-6",227.79409,-78.68236,NA,NA,NA,NA,301.2869842,-22.235258716,NA,NA,NA,NA,NA,NA,NA,NA,NA,NA,NA,NA,NA,"",NA,NA,NA,227794.09,-78682.36,1,"S",1.00793845132743,-0.34815203539823
NA,"Sky-H4-7",223.74453,-89.55136,NA,NA,NA,NA,301.2690597,-22.280589482,NA,NA,NA,NA,NA,NA,NA,NA,NA,NA,NA,NA,NA,"",NA,NA,NA,223744.53,-89551.36,1,"S",0.990020044247788,-0.396244955752212
NA,"Sky-H4-8",219.17732,-100.21161,NA,NA,NA,NA,301.2487913,-22.325061791,NA,NA,NA,NA,NA,NA,NA,NA,NA,NA,NA,NA,NA,"",NA,NA,NA,219177.32,-100211.61,1,"S",0.969811150442478,-0.443414203539823
NA,"Sky-H5-1",41.48761,-235.37157,NA,NA,NA,NA,300.4499245,-22.890631933,NA,NA,NA,NA,NA,NA,NA,NA,NA,NA,NA,NA,NA,"",NA,NA,NA,41487.61,-235371.57,2,"S",0.183573495575221,-1.04146712389381
NA,"Sky-H5-2",30.36687,-239.07931,NA,NA,NA,NA,300.3995954,-22.905560769,NA,NA,NA,NA,NA,NA,NA,NA,NA,NA,NA,NA,NA,"",NA,NA,NA,30366.87,-239079.31,1,"S",0.134366681415929,-1.05787305309735
NA,"Sky-H5-3",18.8286,-240.26349,NA,NA,NA,NA,300.3474706,-22.910522171,NA,NA,NA,NA,NA,NA,NA,NA,NA,NA,NA,NA,NA,"",NA,NA,NA,18828.6,-240263.49,1,"S",0.083312389380531,-1.06311278761062
NA,"Sky-H5-4",7.2467,-240.89115,NA,NA,NA,NA,300.2951442,-22.913152605,NA,NA,NA,NA,NA,NA,NA,NA,NA,NA,NA,NA,NA,"",NA,NA,NA,7246.7,-240891.15,1,"S",0.0320650442477876,-1.06589004424779
NA,"Sky-H5-5",-4.35197,-240.96083,NA,NA,NA,NA,300.2427399,-22.913445733,NA,NA,NA,NA,NA,NA,NA,NA,NA,NA,NA,NA,NA,"",NA,NA,NA,-4351.97,-240960.83,1,"S",-0.0192565044247788,-1.06619836283186
NA,"Sky-H5-6",-15.67599,-236.481,NA,NA,NA,NA,300.191513,-22.895883905,NA,NA,NA,NA,NA,NA,NA,NA,NA,NA,NA,NA,NA,"",NA,NA,NA,-15675.99,-236481,3,"S",-0.0693627876106195,-1.04637610619469
NA,"Sky-H5-7",-27.03592,-235.45288,NA,NA,NA,NA,300.1401394,-22.89157355,NA,NA,NA,NA,NA,NA,NA,NA,NA,NA,NA,NA,NA,"",NA,NA,NA,-27035.92,-235452.88,3,"S",-0.11962796460177,-1.04182690265487
NA,"Sky-H5-8",-38.97879,-237.82707,NA,NA,NA,NA,300.0863037,-22.900321877,NA,NA,NA,NA,NA,NA,NA,NA,NA,NA,NA,NA,NA,"",NA,NA,NA,-38978.79,-237827.07,1,"S",-0.172472522123894,-1.05233216814159
NA,"Sky-H6-1",-58.36925,-233.82492,NA,NA,NA,NA,299.9987286,-22.883559471,NA,NA,NA,NA,NA,NA,NA,NA,NA,NA,NA,NA,NA,"",NA,NA,NA,-58369.25,-233824.92,1,"S",-0.258271017699115,-1.03462353982301
NA,"Sky-H6-2",-69.55194,-230.74573,NA,NA,NA,NA,299.9482382,-22.870663181,NA,NA,NA,NA,NA,NA,NA,NA,NA,NA,NA,NA,NA,"",NA,NA,NA,-69551.94,-230745.73,1,"S",-0.307751946902655,-1.02099880530973
NA,"Sky-H6-3",-80.57354,-227.13205,NA,NA,NA,NA,299.8984892,-22.855529127,NA,NA,NA,NA,NA,NA,NA,NA,NA,NA,NA,NA,NA,"",NA,NA,NA,-80573.54,-227132.05,1,"S",-0.356520088495575,-1.00500907079646
NA,"Sky-H6-4",-91.4085,-222.99226,NA,NA,NA,NA,299.849599,-22.838192948,NA,NA,NA,NA,NA,NA,NA,NA,NA,NA,NA,NA,NA,"",NA,NA,NA,-91408.5,-222992.26,1,"S",-0.404462389380531,-0.986691415929204
NA,"Sky-H6-5",-101.18493,-216.52393,NA,NA,NA,NA,299.8052789,-22.811665621,NA,NA,NA,NA,NA,NA,NA,NA,NA,NA,NA,NA,NA,"",NA,NA,NA,-101184.93,-216523.93,2,"S",-0.44772092920354,-0.958070486725664
NA,"Sky-H6-6",-114.75089,-217.59649,NA,NA,NA,NA,299.744983,-22.81417658,NA,NA,NA,NA,NA,NA,NA,NA,NA,NA,NA,NA,NA,"",NA,NA,NA,-114750.89,-217596.49,0,"S",-0.507747300884956,-0.962816327433628
NA,"Sky-H6-7",-122.54511,-207.51809,NA,NA,NA,NA,299.7092195,-22.77340489,NA,NA,NA,NA,NA,NA,NA,NA,NA,NA,NA,NA,NA,"",NA,NA,NA,-122545.11,-207518.09,1,"S",-0.542235,-0.918221637168142
NA,"Sky-H6-8",-132.38652,-201.3824,NA,NA,NA,NA,299.6648954,-22.747721749,NA,NA,NA,NA,NA,NA,NA,NA,NA,NA,NA,NA,NA,"",NA,NA,NA,-132386.52,-201382.4,1,"S",-0.585781061946903,-0.891072566371681
NA,"Sky-H7-1",-207.18967,-123.09956,NA,NA,NA,NA,299.3293219,-22.420368614,NA,NA,NA,NA,NA,NA,NA,NA,NA,NA,NA,NA,NA,"",NA,NA,NA,-207189.67,-123099.56,1,"S",-0.916768451327434,-0.544688318584071
NA,"Sky-H7-2",-217.28888,-115.33232,NA,NA,NA,NA,299.2854199,-22.387104079,NA,NA,NA,NA,NA,NA,NA,NA,NA,NA,NA,NA,NA,"",NA,NA,NA,-217288.88,-115332.32,0,"S",-0.961455221238938,-0.51032
NA,"Sky-H7-3",-218.06235,-102.61518,NA,NA,NA,NA,299.2809218,-22.334813357,NA,NA,NA,NA,NA,NA,NA,NA,NA,NA,NA,NA,NA,"",NA,NA,NA,-218062.35,-102615.18,1,"S",-0.964877654867257,-0.454049469026549
NA,"Sky-H7-4",-222.74704,-92.00444,NA,NA,NA,NA,299.2601359,-22.290513669,NA,NA,NA,NA,NA,NA,NA,NA,NA,NA,NA,NA,NA,"",NA,NA,NA,-222747.04,-92004.44,1,"S",-0.985606371681416,-0.407099292035398
NA,"Sky-H7-5",-226.91579,-81.18059,NA,NA,NA,NA,299.2416898,-22.245336422,NA,NA,NA,NA,NA,NA,NA,NA,NA,NA,NA,NA,NA,"",NA,NA,NA,-226915.79,-81180.59,1,"S",-1.00405216814159,-0.359206150442478
NA,"Sky-H7-6",-235.34217,-71.62444,NA,NA,NA,NA,299.2055472,-22.204898642,NA,NA,NA,NA,NA,NA,NA,NA,NA,NA,NA,NA,NA,"",NA,NA,NA,-235342.17,-71624.44,0,"S",-1.04133703539823,-0.316922300884956
NA,"Sky-H7-7",-233.66801,-58.99428,NA,NA,NA,NA,299.2119755,-22.152772436,NA,NA,NA,NA,NA,NA,NA,NA,NA,NA,NA,NA,NA,"",NA,NA,NA,-233668.01,-58994.28,1,"S",-1.03392924778761,-0.261036637168142
NA,"Sky-H7-8",-234.27497,-47.28889,NA,NA,NA,NA,299.2090199,-22.104122462,NA,NA,NA,NA,NA,NA,NA,NA,NA,NA,NA,NA,NA,"",NA,NA,NA,-234274.97,-47288.89,2,"S",-1.03661491150442,-0.209242876106195
