#OBSTEMP,8
#CONFIGTEMP,19
#EQUINOX,J2000.0
#CENTRE,20 00 28.78,-22 02 21.8 #Field centre
#UTTIME,12 00 00.00 #Target observing time
#UTDATE,2021 07 10 #Target observing date
#PLATEID,a test_plateID
#LABEL,300_m20_comissioning Tile 013
#TILING_DATE,2021 06 07 # Date the tile was created/configured
#PROXIMITY,220 # tiling proximity value in arcseconds
"probe","ID","x","y","rads","angs","azAngs","angs_azAng","RA","DEC","g_mag","r_mag","i_mag","z_mag","y_mag","GAIA_g_mag","GAIA_bp_mag","GAIA_rp_mag","pmRA","pmDEC","priority","remaining_observations","Tile_number","COMPLETED","MagnetX_noDC","MagnetY_noDC","type","MagnetX","MagnetY","Position","fibre_type","fraction_plate_radius_X","fraction_plate_radius_Y"
1,"6864510267713810432",-28.04792,128.67342,131.694854989946,3.0716642103315,-1.3561758974491,4.42784010778061,299.99164,-21.490667,18.30299949646,17.6539993286133,17.37380027771,17.2294006347656,17.1485004425049,17.688883,18.201725,16.990658,-0.852998790059567,1.01881986061184,1,1,-999,"False",-28996.8383783722,124012.234810811,1,-28047.92,128673.42,NA,"P",-0.124105840707965,0.569351415929203
2,"6865823398131848064",143.007,158.9108,213.784106999655,0.134717593690918,3.97961810406319,2.43828479680731,300.76526,-21.370888,17.381799697876,16.7975006103516,16.5440998077393,16.4209003448486,16.3425006866455,16.825003,17.287243,16.179733,3.05071660275099,2.09322222764623,1,1,-999,"False",145841.281621626,151082.288810811,1,143007,158910.8,NA,"P",0.632774336283186,0.703145132743363
3,"6864296348280360320",22.67968,22.77969,32.1447065844207,4.17632732894246,3.92919079993142,0.247136529011039,300.22522,-21.941357,17.1289005279541,16.5687007904053,16.3190002441406,16.2052993774414,16.1191997528076,16.592436,17.041128,15.9609,4.53066178034475,-3.26761817696551,1,1,-999,"False",23792.2416216318,22156.294810811,1,22679.68,22779.69,NA,"P",0.100352566371681,0.100795088495575
4,"6864204259882476288",35.73128,-66.65433,75.627535185191,1.35020772952096,2.0628806110604,5.57051242564015,300.2854,-22.325045,17.7390995025635,17.2329998016357,17.0034999847412,16.9202995300293,16.8540000915527,17.245974,17.653156,16.633953,1.00483313509591,-0.71700192522945,1,1,-999,"False",37392.9216216195,-64557.1931891896,1,35731.28,-66654.33,NA,"P",0.158103008849558,-0.294930663716814
5,"6864287788407202688",-60.59993,23.28929,64.9210485490569,-1.30466145591283,-0.36690965779094,5.3454335090577,299.8396,-21.93914,18.3048992156982,17.7320995330811,17.4841995239258,17.3759994506836,17.2952995300293,17.766884,18.21757,17.119493,-0.976702930385825,2.68096520703083,1,1,-999,"False",-63357.8783783721,22657.3368108114,1,-60599.93,23289.29,NA,"P",-0.268141283185841,0.103049955752212
6,"6864378261898261248",-141.59441,11.67759,142.075131713668,-1.11208854704719,-0.0822858889766556,5.25338264910905,299.46988,-21.988232,17.987699508667,17.4412994384766,17.2057991027832,17.0958995819092,17.0144004821777,17.465212,17.913881,16.841036,-0.368902212394759,-5.81852879757099,1,1,-999,"False",-146914.598378379,11562.544810811,1,-141594.41,11677.59,NA,"P",-0.626523938053097,0.0516707522123894
7,"6864118880232601088",-57.85104,-83.55892,101.630880841642,1.95658469427108,0.965230977723352,0.99135371654773,299.85202,-22.396658,17.6278991699219,17.0893001556396,16.8665008544922,16.7551002502441,16.7101993560791,17.119118,17.552362,16.504223,-2.41193880471451,-9.36752095126131,1,1,-999,"False",-60550.9583783676,-80741.7311891887,1,-57851.04,-83558.92,NA,"P",-0.255978053097345,-0.369729734513274
8,"6864211514086225280",-32.61545,-87.3837,93.2720676536791,1.80188596863388,1.21356596830906,0.58832000032482,299.96866,-22.413553,17.3899002075195,17.0098991394043,16.841100692749,16.7786998748779,16.7437992095947,17.049372,17.348316,16.480465,1.56844532717892,-7.24075598267978,1,1,-999,"False",-34190.3183783763,-84560.001189189,1,-32615.45,-87383.7,NA,"P",-0.144316150442478,-0.386653539823009
9,"6864162444081397632",-139.10082,-89.42609,165.36645275678,2.36536050708755,0.571358509928281,1.79400199715926,299.48154,-22.417257,17.9365997314453,17.5820007324219,17.4388008117676,17.3796997070313,17.3476009368896,17.593842,17.887331,17.06071,-2.34614217254084,2.97422240534969,1,1,-999,"False",-144279.438378377,-85397.1051891888,1,-139100.82,-89426.09,NA,"P",-0.615490353982301,-0.395690663716814
10,"6864204809638349440",46.77572,-56.16893,73.0952575675283,2.53598829911341,2.26520121255534,0.270787086558073,300.33658,-22.280113,17.6786994934082,17.1814994812012,16.9622993469238,16.8567008972168,16.7861995697021,17.203907,17.596178,16.613297,8.91831065140746,1.89487952659577,1,1,-999,"False",48959.6016216168,-54402.561189189,1,46775.72,-56168.93,NA,"P",0.206972212389381,-0.248535088495575
11,"6864272502621959296",-2.752,10.74961,11.0962885304997,0.184019753311331,-1.32016990918317,1.5041896624945,300.10712,-21.992874,17.7297992706299,17.1110992431641,16.8348007202148,16.7120990753174,16.6116008758545,17.132307,17.59216,16.469543,-2.49020714621331,-2.55573982848525,1,1,-999,"False",-2898.35837837427,10513.4528108109,1,-2752,10749.61,NA,"P",-0.0121769911504425,0.0475646460176991
12,"6864206978600656640",62.21836,-40.50945,74.2437866786986,4.11971469251628,2.56445496697666,1.55525972553962,300.408,-22.212872,18.1483993530273,17.5060005187988,17.2222995758057,17.0811996459961,16.9881000518799,17.537575,18.050024,16.838078,-2.21867264025667,-4.84871659220841,1,1,-999,"False",65100.5216216272,-39206.0951891892,1,62218.36,-40509.45,NA,"P",0.275302477876106,-0.179245353982301
13,"6864376578270954368",-142.47903,-10.57883,142.87122045363,-0.605196791635302,0.0741123401763755,5.60387617536791,299.46545,-22.082945,18.0860004425049,17.5678997039795,17.3407001495361,17.2423000335693,17.1732006072998,17.586548,17.97989,16.976519,2.80983736807376,-2.22085277303319,1,1,-999,"False",-147915.778378382,-9842.5931891895,1,-142479.03,-10578.83,NA,"P",-0.630438185840708,-0.046808982300885
14,"6864295764161154304",38.71502,18.85391,43.0618473348334,3.70772966036791,3.59477991832561,0.112949742042298,300.29944,-21.958296,18.2703990936279,17.8257999420166,17.6343002319336,17.5499992370605,17.4734001159668,17.866718,18.1753,17.262455,-0.955904832902701,-5.7730840441181,1,1,-999,"False",40565.9616216246,18328.0808108109,1,38715.02,18853.91,NA,"P",0.171305398230088,0.0834243805309735
15,"6864531368891500800",-78.16735,180.7151,196.896119753622,0.522609566152703,-1.16255268642491,1.68516225257761,299.76642,-21.276676,17.6651000976563,17.1166000366211,16.8763008117676,16.7744007110596,16.6650009155273,17.141632,17.581036,16.51287,-1.5403822568462,-7.99621455332383,1,1,-999,"False",-79896.5583783675,172374.200810811,1,-78167.35,180715.1,NA,"P",-0.345873230088496,0.799624336283186
16,"6864288686058832000",-30.80799,30.28554,43.2012289284888,-1.09724647031853,-0.776846729802631,5.96278556666368,299.97723,-21.909096,17.9023990631104,17.3125991821289,17.0659008026123,16.9416007995605,16.8595008850098,17.35561,17.786247,16.704685,-0.12112058734209,-4.26512381577193,1,1,-999,"False",-32253.4983783846,29447.2808108114,1,-30807.99,30285.54,NA,"P",-0.136318539823009,0.134006814159292
17,"6864229656027923200",90.03134,-40.22957,98.6106509692564,4.16712432591596,2.72137000570617,1.44575432020979,300.53616,-22.211168,16.586799621582,16.0634994506836,15.8375997543335,15.7245998382568,15.6702995300293,16.082575,16.503416,15.466573,2.13367150477169,-0.997181269747648,1,1,-999,"False",94064.6816216226,-38820.9911891891,1,90031.34,-40229.57,NA,"P",0.398368761061947,-0.178006946902655
18,"6852218934603938560",180.68959,-55.01526,188.87934446952,4.23609958808474,2.8460364555653,1.39006313251944,300.94394,-22.269716,18.2338008880615,17.4687995910645,16.8542003631592,16.4549999237061,16.2574005126953,17.894943,18.069809,16.41514,-3.68306646710588,-0.890314406058721,1,1,-999,"False",186222.961621623,-52052.8391891888,1,180689.59,-55015.26,NA,"P",0.799511460176991,-0.243430353982301
19,"6852161210243003776",75.39094,-198.84253,212.654991878593,0.345752035501755,1.93319947740631,4.69573786527503,300.94824,-21.638544,18.1411991119385,17.8780994415283,17.7991008758545,17.8610000610352,17.7978000640869,17.96841,18.177094,17.502693,-0.460575620716564,-6.06877557485955,1,NA,NA,"",187194.761621623,90592.0328108111,0,182954.36,94840.5,NA,"P",0.809532566371681,0.419648230088496
20,"6865764471180436352",182.95436,94.8405,206.075273342678,1.05255073255666,3.61983857738177,3.71589746235448,300.46313,-22.873894,18.0484008789063,17.8917999267578,17.8628997802734,17.8638000488281,17.832799911499,17.877398,18.051043,17.493366,-0.559299853816446,-2.65722930297068,1,NA,NA,"",77559.9016216188,-188597.067189189,0,75390.94,-198842.53,NA,"P",0.333588230088496,-0.879834203539823
NA,"Sky-A1-1",-226.46104,82.44066,NA,NA,NA,NA,299.1047218,-21.692585146,NA,NA,NA,NA,NA,NA,NA,NA,NA,NA,NA,NA,NA,"",NA,NA,NA,-226461.04,82440.66,1,"S",-1.00204,0.364781681415929
NA,"Sky-A1-2",-220.38782,92.46733,NA,NA,NA,NA,299.1316996,-21.650771247,NA,NA,NA,NA,NA,NA,NA,NA,NA,NA,NA,NA,NA,"",NA,NA,NA,-220387.82,92467.33,2,"S",-0.975167345132743,0.409147477876106
NA,"Sky-A1-3",-217.48859,103.8257,NA,NA,NA,NA,299.1455568,-21.603744779,NA,NA,NA,NA,NA,NA,NA,NA,NA,NA,NA,NA,NA,"",NA,NA,NA,-217488.59,103825.7,1,"S",-0.96233889380531,0.459405752212389
NA,"Sky-A1-4",-212.24121,114.16975,NA,NA,NA,NA,299.169357,-21.560791099,NA,NA,NA,NA,NA,NA,NA,NA,NA,NA,NA,NA,NA,"",NA,NA,NA,-212241.21,114169.75,1,"S",-0.939120398230089,0.505175884955752
NA,"Sky-A1-5",-206.50222,124.24934,NA,NA,NA,NA,299.1953388,-21.518947595,NA,NA,NA,NA,NA,NA,NA,NA,NA,NA,NA,NA,NA,"",NA,NA,NA,-206502.22,124249.34,1,"S",-0.913726637168142,0.549775840707965
NA,"Sky-A1-6",-200.2849,134.04112,NA,NA,NA,NA,299.2234407,-21.478310385,NA,NA,NA,NA,NA,NA,NA,NA,NA,NA,NA,NA,NA,"",NA,NA,NA,-200284.9,134041.12,1,"S",-0.886216371681416,0.593102300884956
NA,"Sky-A1-7",-190.39021,141.14024,NA,NA,NA,NA,299.2669965,-21.448331855,NA,NA,NA,NA,NA,NA,NA,NA,NA,NA,NA,NA,NA,"",NA,NA,NA,-190390.21,141140.24,3,"S",-0.842434557522124,0.624514336283186
NA,"Sky-A2-1",-3.01251,240.9813,NA,NA,NA,NA,300.1069283,-21.035467376,NA,NA,NA,NA,NA,NA,NA,NA,NA,NA,NA,NA,NA,"",NA,NA,NA,-3012.51,240981.3,1,"S",-0.0133296902654867,1.0662889380531
NA,"Sky-A2-2",8.5856,240.84715,NA,NA,NA,NA,300.158698,-21.036051044,NA,NA,NA,NA,NA,NA,NA,NA,NA,NA,NA,NA,NA,"",NA,NA,NA,8585.6,240847.15,1,"S",0.0379893805309735,1.0656953539823
NA,"Sky-A2-3",20.16382,240.15512,NA,NA,NA,NA,300.2103781,-21.038943853,NA,NA,NA,NA,NA,NA,NA,NA,NA,NA,NA,NA,NA,"",NA,NA,NA,20163.82,240155.12,1,"S",0.0892204424778761,1.06263327433628
NA,"Sky-A2-4",31.16926,234.94143,NA,NA,NA,NA,300.2596622,-21.05959545,NA,NA,NA,NA,NA,NA,NA,NA,NA,NA,NA,NA,NA,"",NA,NA,NA,31169.26,234941.43,3,"S",0.137917079646018,1.03956384955752
NA,"Sky-A2-5",43.15344,237.10513,NA,NA,NA,NA,300.3130002,-21.051624855,NA,NA,NA,NA,NA,NA,NA,NA,NA,NA,NA,NA,NA,"",NA,NA,NA,43153.44,237105.13,1,"S",0.190944424778761,1.04913774336283
NA,"Sky-A2-6",54.05917,232.80594,NA,NA,NA,NA,300.3618304,-21.068971873,NA,NA,NA,NA,NA,NA,NA,NA,NA,NA,NA,NA,NA,"",NA,NA,NA,54059.17,232805.94,2,"S",0.239199867256637,1.03011477876106
NA,"Sky-A2-7",65.19784,229.9353,NA,NA,NA,NA,300.4115969,-21.080889262,NA,NA,NA,NA,NA,NA,NA,NA,NA,NA,NA,NA,NA,"",NA,NA,NA,65197.84,229935.3,2,"S",0.288486017699115,1.01741283185841
NA,"Sky-A3-1",231.67752,66.38214,NA,NA,NA,NA,301.1586724,-21.760042534,NA,NA,NA,NA,NA,NA,NA,NA,NA,NA,NA,NA,NA,"",NA,NA,NA,231677.52,66382.14,1,"S",1.0251217699115,0.293726283185841
NA,"Sky-A3-2",232.65609,54.7005,NA,NA,NA,NA,301.1639398,-21.808521399,NA,NA,NA,NA,NA,NA,NA,NA,NA,NA,NA,NA,NA,"",NA,NA,NA,232656.09,54700.5,2,"S",1.02945172566372,0.242037610619469
NA,"Sky-A3-3",236.98531,43.80666,NA,NA,NA,NA,301.1830641,-21.853884831,NA,NA,NA,NA,NA,NA,NA,NA,NA,NA,NA,NA,NA,"",NA,NA,NA,236985.31,43806.66,1,"S",1.04860756637168,0.193834778761062
NA,"Sky-A3-4",238.81857,32.35357,NA,NA,NA,NA,301.1915952,-21.901511533,NA,NA,NA,NA,NA,NA,NA,NA,NA,NA,NA,NA,NA,"",NA,NA,NA,238818.57,32353.57,1,"S",1.05671933628319,0.143157389380531
NA,"Sky-A3-5",240.09865,20.82553,NA,NA,NA,NA,301.1976519,-21.949462522,NA,NA,NA,NA,NA,NA,NA,NA,NA,NA,NA,NA,NA,"",NA,NA,NA,240098.65,20825.53,1,"S",1.06238340707965,0.0921483628318584
NA,"Sky-A3-6",240.82258,9.24926,NA,NA,NA,NA,301.2012181,-21.99762702,NA,NA,NA,NA,NA,NA,NA,NA,NA,NA,NA,NA,NA,"",NA,NA,NA,240822.58,9249.26,1,"S",1.06558663716814,0.0409259292035398
NA,"Sky-A3-7",240.98869,2.34844,NA,NA,NA,NA,301.2021537,-22.026344945,NA,NA,NA,NA,NA,NA,NA,NA,NA,NA,NA,NA,NA,"",NA,NA,NA,240988.69,2348.44,1,"S",1.06632163716814,0.0103913274336283
NA,"Sky-A4-1",208.46721,-116.88637,NA,NA,NA,NA,301.0595207,-22.523633271,NA,NA,NA,NA,NA,NA,NA,NA,NA,NA,NA,NA,NA,"",NA,NA,NA,208467.21,-116886.37,2,"S",0.922421283185841,-0.517196327433628
NA,"Sky-A4-2",208.53582,-130.49449,NA,NA,NA,NA,301.0583092,-22.579217353,NA,NA,NA,NA,NA,NA,NA,NA,NA,NA,NA,NA,NA,"",NA,NA,NA,208535.82,-130494.49,0,"S",0.922724867256637,-0.577409247787611
NA,"Sky-A4-3",197.90977,-137.52377,NA,NA,NA,NA,301.0119174,-22.609477855,NA,NA,NA,NA,NA,NA,NA,NA,NA,NA,NA,NA,NA,"",NA,NA,NA,197909.77,-137523.77,1,"S",0.875706946902655,-0.608512256637168
NA,"Sky-A4-4",191.06371,-146.88677,NA,NA,NA,NA,300.9812691,-22.648587601,NA,NA,NA,NA,NA,NA,NA,NA,NA,NA,NA,NA,NA,"",NA,NA,NA,191063.71,-146886.77,1,"S",0.845414646017699,-0.649941460176991
NA,"Sky-A4-5",183.77509,-155.90952,NA,NA,NA,NA,300.9486016,-22.686285473,NA,NA,NA,NA,NA,NA,NA,NA,NA,NA,NA,NA,NA,"",NA,NA,NA,183775.09,-155909.52,1,"S",0.813164115044248,-0.689865132743363
NA,"Sky-A4-6",176.06079,-164.57115,NA,NA,NA,NA,300.9139898,-22.722483291,NA,NA,NA,NA,NA,NA,NA,NA,NA,NA,NA,NA,NA,"",NA,NA,NA,176060.79,-164571.15,1,"S",0.779030044247788,-0.72819092920354
NA,"Sky-A4-7",166.5449,-171.41703,NA,NA,NA,NA,300.8716156,-22.751551015,NA,NA,NA,NA,NA,NA,NA,NA,NA,NA,NA,NA,NA,"",NA,NA,NA,166544.9,-171417.03,2,"S",0.736924336283186,-0.758482433628319
NA,"Sky-A5-1",-148.4702,-189.83588,NA,NA,NA,NA,299.4490004,-22.828066035,NA,NA,NA,NA,NA,NA,NA,NA,NA,NA,NA,NA,NA,"",NA,NA,NA,-148470.2,-189835.88,1,"S",-0.656947787610619,-0.839981769911504
NA,"Sky-A5-2",-157.43205,-182.47249,NA,NA,NA,NA,299.4086736,-22.797255856,NA,NA,NA,NA,NA,NA,NA,NA,NA,NA,NA,NA,NA,"",NA,NA,NA,-157432.05,-182472.49,1,"S",-0.696601991150442,-0.807400398230088
NA,"Sky-A5-3",-166.02924,-174.68645,NA,NA,NA,NA,299.3700188,-22.764683105,NA,NA,NA,NA,NA,NA,NA,NA,NA,NA,NA,NA,NA,"",NA,NA,NA,-166029.24,-174686.45,1,"S",-0.734642654867257,-0.77294889380531
NA,"Sky-A5-4",-171.34978,-163.73226,NA,NA,NA,NA,299.345393,-22.719732303,NA,NA,NA,NA,NA,NA,NA,NA,NA,NA,NA,NA,NA,"",NA,NA,NA,-171349.78,-163732.26,3,"S",-0.758184867256637,-0.724479026548673
NA,"Sky-A5-5",-182.05086,-157.91943,NA,NA,NA,NA,299.2980801,-22.694559453,NA,NA,NA,NA,NA,NA,NA,NA,NA,NA,NA,NA,NA,"",NA,NA,NA,-182050.86,-157919.43,1,"S",-0.805534778761062,-0.698758539823009
NA,"Sky-A5-6",-187.86598,-147.7409,NA,NA,NA,NA,299.2716188,-22.652402153,NA,NA,NA,NA,NA,NA,NA,NA,NA,NA,NA,NA,NA,"",NA,NA,NA,-187865.98,-147740.9,2,"S",-0.831265398230088,-0.653720796460177
NA,"Sky-A5-7",-196.38671,-139.6901,NA,NA,NA,NA,299.2338498,-22.618352789,NA,NA,NA,NA,NA,NA,NA,NA,NA,NA,NA,NA,NA,"",NA,NA,NA,-196386.71,-139690.1,1,"S",-0.868967743362832,-0.61809778761062
NA,"Sky-H1-1",-179.66666,157.60993,NA,NA,NA,NA,299.3158793,-21.380244284,NA,NA,NA,NA,NA,NA,NA,NA,NA,NA,NA,NA,NA,"",NA,NA,NA,-179666.66,157609.93,2,"S",-0.794985221238938,0.69738907079646
NA,"Sky-H1-2",-176.9093,170.93595,NA,NA,NA,NA,299.3300639,-21.326138046,NA,NA,NA,NA,NA,NA,NA,NA,NA,NA,NA,NA,NA,"",NA,NA,NA,-176909.3,170935.95,0,"S",-0.782784513274336,0.756353761061947
NA,"Sky-H1-3",-165.05567,175.60663,NA,NA,NA,NA,299.3820913,-21.305939511,NA,NA,NA,NA,NA,NA,NA,NA,NA,NA,NA,NA,NA,"",NA,NA,NA,-165055.67,175606.63,1,"S",-0.73033482300885,0.777020486725664
NA,"Sky-H1-4",-156.41534,183.34477,NA,NA,NA,NA,299.4208965,-21.273874657,NA,NA,NA,NA,NA,NA,NA,NA,NA,NA,NA,NA,NA,"",NA,NA,NA,-156415.34,183344.77,1,"S",-0.692103274336283,0.811260044247788
NA,"Sky-H1-5",-147.4127,190.65822,NA,NA,NA,NA,299.4612967,-21.243577474,NA,NA,NA,NA,NA,NA,NA,NA,NA,NA,NA,NA,NA,"",NA,NA,NA,-147412.7,190658.22,1,"S",-0.652268584070796,0.843620442477876
NA,"Sky-H1-6",-138.06861,197.53006,NA,NA,NA,NA,299.5031989,-21.215117096,NA,NA,NA,NA,NA,NA,NA,NA,NA,NA,NA,NA,NA,"",NA,NA,NA,-138068.61,197530.06,1,"S",-0.610923053097345,0.874026814159292
NA,"Sky-H1-7",-128.4047,203.94434,NA,NA,NA,NA,299.5465066,-21.188558629,NA,NA,NA,NA,NA,NA,NA,NA,NA,NA,NA,NA,NA,"",NA,NA,NA,-128404.7,203944.34,1,"S",-0.568162389380531,0.902408584070796
NA,"Sky-H1-8",-118.44464,209.88551,NA,NA,NA,NA,299.5911146,-21.163965545,NA,NA,NA,NA,NA,NA,NA,NA,NA,NA,NA,NA,NA,"",NA,NA,NA,-118444.64,209885.51,1,"S",-0.524091327433628,0.928696946902655
NA,"Sky-H2-1",-100.81652,218.89973,NA,NA,NA,NA,299.6700082,-21.12666537,NA,NA,NA,NA,NA,NA,NA,NA,NA,NA,NA,NA,NA,"",NA,NA,NA,-100816.52,218899.73,1,"S",-0.446090796460177,0.968582876106195
NA,"Sky-H2-2",-90.16757,223.49692,NA,NA,NA,NA,299.7176368,-21.107650119,NA,NA,NA,NA,NA,NA,NA,NA,NA,NA,NA,NA,NA,"",NA,NA,NA,-90167.57,223496.92,1,"S",-0.398971548672566,0.988924424778761
NA,"Sky-H2-3",-78.65156,225.68769,NA,NA,NA,NA,299.7689069,-21.098144672,NA,NA,NA,NA,NA,NA,NA,NA,NA,NA,NA,NA,NA,"",NA,NA,NA,-78651.56,225687.69,2,"S",-0.348015752212389,0.998618097345133
NA,"Sky-H2-4",-68.26826,231.12877,NA,NA,NA,NA,299.8155263,-21.076098428,NA,NA,NA,NA,NA,NA,NA,NA,NA,NA,NA,NA,NA,"",NA,NA,NA,-68268.26,231128.77,1,"S",-0.302071946902655,1.02269367256637
NA,"Sky-H2-5",-56.59499,232.20251,NA,NA,NA,NA,299.8675245,-21.071205832,NA,NA,NA,NA,NA,NA,NA,NA,NA,NA,NA,NA,NA,"",NA,NA,NA,-56594.99,232202.51,2,"S",-0.250420309734513,1.02744473451327
NA,"Sky-H2-6",-45.73679,236.62039,NA,NA,NA,NA,299.9161785,-21.053415883,NA,NA,NA,NA,NA,NA,NA,NA,NA,NA,NA,NA,NA,"",NA,NA,NA,-45736.79,236620.39,1,"S",-0.20237517699115,1.04699287610619
NA,"Sky-H2-7",-34.29902,238.54693,NA,NA,NA,NA,299.967255,-21.045468113,NA,NA,NA,NA,NA,NA,NA,NA,NA,NA,NA,NA,NA,"",NA,NA,NA,-34299.02,238546.93,1,"S",-0.151765575221239,1.05551738938053
NA,"Sky-H2-8",-22.59418,237.92962,NA,NA,NA,NA,300.0194509,-21.047564295,NA,NA,NA,NA,NA,NA,NA,NA,NA,NA,NA,NA,NA,"",NA,NA,NA,-22594.18,237929.62,2,"S",-0.0999742477876106,1.05278592920354
NA,"Sky-H3-1",181.54934,152.34447,NA,NA,NA,NA,300.9331817,-21.402526659,NA,NA,NA,NA,NA,NA,NA,NA,NA,NA,NA,NA,NA,"",NA,NA,NA,181549.34,152344.47,3,"S",0.803315663716814,0.674090575221239
NA,"Sky-H3-2",191.8534,145.85382,NA,NA,NA,NA,300.9785086,-21.430050311,NA,NA,NA,NA,NA,NA,NA,NA,NA,NA,NA,NA,NA,"",NA,NA,NA,191853.4,145853.82,1,"S",0.848908849557522,0.645370884955752
NA,"Sky-H3-3",198.64884,136.45402,NA,NA,NA,NA,301.0091063,-21.46905413,NA,NA,NA,NA,NA,NA,NA,NA,NA,NA,NA,NA,NA,"",NA,NA,NA,198648.84,136454.02,1,"S",0.878977168141593,0.603778849557522
NA,"Sky-H3-4",203.28293,125.68632,NA,NA,NA,NA,301.0305787,-21.513504894,NA,NA,NA,NA,NA,NA,NA,NA,NA,NA,NA,NA,NA,"",NA,NA,NA,203282.93,125686.32,2,"S",0.899481991150442,0.556134159292035
NA,"Sky-H3-5",209.09479,115.75996,NA,NA,NA,NA,301.0568298,-21.55473265,NA,NA,NA,NA,NA,NA,NA,NA,NA,NA,NA,NA,NA,"",NA,NA,NA,209094.79,115759.96,2,"S",0.925198185840708,0.512212212389381
NA,"Sky-H3-6",214.42233,105.56546,NA,NA,NA,NA,301.0809315,-21.597082611,NA,NA,NA,NA,NA,NA,NA,NA,NA,NA,NA,NA,NA,"",NA,NA,NA,214422.33,105565.46,2,"S",0.948771371681416,0.467103805309734
NA,"Sky-H3-7",221.08806,95.92253,NA,NA,NA,NA,301.1104834,-21.637318268,NA,NA,NA,NA,NA,NA,NA,NA,NA,NA,NA,NA,NA,"",NA,NA,NA,221088.06,95922.53,1,"S",0.978265752212389,0.424435973451327
NA,"Sky-H3-8",225.44672,85.17533,NA,NA,NA,NA,301.1302731,-21.681958059,NA,NA,NA,NA,NA,NA,NA,NA,NA,NA,NA,NA,NA,"",NA,NA,NA,225446.72,85175.33,1,"S",0.99755185840708,0.376881991150442
NA,"Sky-H4-1",239.9828,-22.12059,NA,NA,NA,NA,301.1983109,-22.128211327,NA,NA,NA,NA,NA,NA,NA,NA,NA,NA,NA,NA,NA,"",NA,NA,NA,239982.8,-22120.59,1,"S",1.06187079646018,-0.0978787168141593
NA,"Sky-H4-2",243.59146,-34.33949,NA,NA,NA,NA,301.2133222,-22.178766246,NA,NA,NA,NA,NA,NA,NA,NA,NA,NA,NA,NA,NA,"",NA,NA,NA,243591.46,-34339.49,0,"S",1.07783831858407,-0.151944646017699
NA,"Sky-H4-3",234.7807,-44.71042,NA,NA,NA,NA,301.1761361,-22.222464314,NA,NA,NA,NA,NA,NA,NA,NA,NA,NA,NA,NA,NA,"",NA,NA,NA,234780.7,-44710.42,2,"S",1.03885265486726,-0.197833716814159
NA,"Sky-H4-4",239.16304,-57.59376,NA,NA,NA,NA,301.1940897,-22.275522948,NA,NA,NA,NA,NA,NA,NA,NA,NA,NA,NA,NA,NA,"",NA,NA,NA,239163.04,-57593.76,0,"S",1.05824353982301,-0.254839646017699
NA,"Sky-H4-5",227.47662,-66.50856,NA,NA,NA,NA,301.1444192,-22.313568655,NA,NA,NA,NA,NA,NA,NA,NA,NA,NA,NA,NA,NA,"",NA,NA,NA,227476.62,-66508.56,3,"S",1.00653371681416,-0.294285663716814
NA,"Sky-H4-6",227.79409,-78.68236,NA,NA,NA,NA,301.1450391,-22.363914949,NA,NA,NA,NA,NA,NA,NA,NA,NA,NA,NA,NA,NA,"",NA,NA,NA,227794.09,-78682.36,1,"S",1.00793845132743,-0.34815203539823
NA,"Sky-H4-7",221.88761,-88.80815,NA,NA,NA,NA,301.1192779,-22.406405253,NA,NA,NA,NA,NA,NA,NA,NA,NA,NA,NA,NA,NA,"",NA,NA,NA,221887.61,-88808.15,2,"S",0.981803584070796,-0.392956415929204
NA,"Sky-H4-8",219.17732,-100.21161,NA,NA,NA,NA,301.1068152,-22.45371945,NA,NA,NA,NA,NA,NA,NA,NA,NA,NA,NA,NA,NA,"",NA,NA,NA,219177.32,-100211.61,1,"S",0.969811150442478,-0.443414203539823
NA,"Sky-H5-1",41.48761,-235.37157,NA,NA,NA,NA,300.3072159,-23.019307111,NA,NA,NA,NA,NA,NA,NA,NA,NA,NA,NA,NA,NA,"",NA,NA,NA,41487.61,-235371.57,2,"S",0.183573495575221,-1.04146712389381
NA,"Sky-H5-2",30.36687,-239.07931,NA,NA,NA,NA,300.256839,-23.034236227,NA,NA,NA,NA,NA,NA,NA,NA,NA,NA,NA,NA,NA,"",NA,NA,NA,30366.87,-239079.31,1,"S",0.134366681415929,-1.05787305309735
NA,"Sky-H5-3",18.67234,-238.26948,NA,NA,NA,NA,300.2040037,-23.031453893,NA,NA,NA,NA,NA,NA,NA,NA,NA,NA,NA,NA,NA,"",NA,NA,NA,18672.34,-238269.48,2,"S",0.0826209734513274,-1.05428973451327
NA,"Sky-H5-4",7.2467,-240.89115,NA,NA,NA,NA,300.1522885,-23.041828338,NA,NA,NA,NA,NA,NA,NA,NA,NA,NA,NA,NA,NA,"",NA,NA,NA,7246.7,-240891.15,1,"S",0.0320650442477876,-1.06589004424779
NA,"Sky-H5-5",-4.35197,-240.96083,NA,NA,NA,NA,300.0998344,-23.042121445,NA,NA,NA,NA,NA,NA,NA,NA,NA,NA,NA,NA,NA,"",NA,NA,NA,-4351.97,-240960.83,1,"S",-0.0192565044247788,-1.06619836283186
NA,"Sky-H5-6",-15.94057,-240.47237,NA,NA,NA,NA,300.0474262,-23.04007635,NA,NA,NA,NA,NA,NA,NA,NA,NA,NA,NA,NA,NA,"",NA,NA,NA,-15940.57,-240472.37,1,"S",-0.0705334955752212,-1.06403703539823
NA,"Sky-H5-7",-27.26407,-237.43982,NA,NA,NA,NA,299.9961613,-23.027980425,NA,NA,NA,NA,NA,NA,NA,NA,NA,NA,NA,NA,NA,"",NA,NA,NA,-27264.07,-237439.82,2,"S",-0.120637477876106,-1.05061867256637
NA,"Sky-H5-8",-38.97879,-237.82707,NA,NA,NA,NA,299.9432494,-23.028996896,NA,NA,NA,NA,NA,NA,NA,NA,NA,NA,NA,NA,NA,"",NA,NA,NA,-38978.79,-237827.07,1,"S",-0.172472522123894,-1.05233216814159
NA,"Sky-H6-1",-57.40043,-229.94388,NA,NA,NA,NA,299.8597195,-22.997150156,NA,NA,NA,NA,NA,NA,NA,NA,NA,NA,NA,NA,NA,"",NA,NA,NA,-57400.43,-229943.88,3,"S",-0.253984203539823,-1.01745079646018
NA,"Sky-H6-2",-68.97471,-228.8307,NA,NA,NA,NA,299.8075095,-22.991902347,NA,NA,NA,NA,NA,NA,NA,NA,NA,NA,NA,NA,NA,"",NA,NA,NA,-68974.71,-228830.7,2,"S",-0.305197831858407,-1.01252522123894
NA,"Sky-H6-3",-80.57354,-227.13205,NA,NA,NA,NA,299.7552571,-22.984202061,NA,NA,NA,NA,NA,NA,NA,NA,NA,NA,NA,NA,NA,"",NA,NA,NA,-80573.54,-227132.05,1,"S",-0.356520088495575,-1.00500907079646
NA,"Sky-H6-4",-93.30489,-227.61853,NA,NA,NA,NA,299.698282,-22.984756624,NA,NA,NA,NA,NA,NA,NA,NA,NA,NA,NA,NA,NA,"",NA,NA,NA,-93304.89,-227618.53,0,"S",-0.412853495575221,-1.00716163716814
NA,"Sky-H6-5",-101.18493,-216.52393,NA,NA,NA,NA,299.6619592,-22.940337019,NA,NA,NA,NA,NA,NA,NA,NA,NA,NA,NA,NA,NA,"",NA,NA,NA,-101184.93,-216523.93,2,"S",-0.44772092920354,-0.958070486725664
NA,"Sky-H6-6",-110.55268,-209.63565,NA,NA,NA,NA,299.6194223,-22.912017263,NA,NA,NA,NA,NA,NA,NA,NA,NA,NA,NA,NA,NA,"",NA,NA,NA,-110552.68,-209635.65,3,"S",-0.489171150442478,-0.927591371681416
NA,"Sky-H6-7",-120.5111,-204.0737,NA,NA,NA,NA,299.5744582,-22.888707764,NA,NA,NA,NA,NA,NA,NA,NA,NA,NA,NA,NA,NA,"",NA,NA,NA,-120511.1,-204073.7,3,"S",-0.533234955752212,-0.902980973451327
NA,"Sky-H6-8",-132.38652,-201.3824,NA,NA,NA,NA,299.5214444,-22.87639019,NA,NA,NA,NA,NA,NA,NA,NA,NA,NA,NA,NA,NA,"",NA,NA,NA,-132386.52,-201382.4,1,"S",-0.585781061946903,-0.891072566371681
NA,"Sky-H7-1",-207.18967,-123.09956,NA,NA,NA,NA,299.185568,-22.549026949,NA,NA,NA,NA,NA,NA,NA,NA,NA,NA,NA,NA,NA,"",NA,NA,NA,-207189.67,-123099.56,1,"S",-0.916768451327434,-0.544688318584071
NA,"Sky-H7-2",-212.87255,-112.98823,NA,NA,NA,NA,299.1602256,-22.506789476,NA,NA,NA,NA,NA,NA,NA,NA,NA,NA,NA,NA,NA,"",NA,NA,NA,-212872.55,-112988.23,1,"S",-0.941913938053097,-0.499947920353982
NA,"Sky-H7-3",-216.25259,-101.76355,NA,NA,NA,NA,299.1447689,-22.460205096,NA,NA,NA,NA,NA,NA,NA,NA,NA,NA,NA,NA,NA,"",NA,NA,NA,-216252.59,-101763.55,2,"S",-0.956869867256637,-0.450281194690266
NA,"Sky-H7-4",-222.74704,-92.00444,NA,NA,NA,NA,299.1163235,-22.419169405,NA,NA,NA,NA,NA,NA,NA,NA,NA,NA,NA,NA,NA,"",NA,NA,NA,-222747.04,-92004.44,1,"S",-0.985606371681416,-0.407099292035398
NA,"Sky-H7-5",-226.91579,-81.18059,NA,NA,NA,NA,299.0978624,-22.373991439,NA,NA,NA,NA,NA,NA,NA,NA,NA,NA,NA,NA,NA,"",NA,NA,NA,-226915.79,-81180.59,1,"S",-1.00405216814159,-0.359206150442478
NA,"Sky-H7-6",-228.64545,-69.58635,NA,NA,NA,NA,299.0898503,-22.325828728,NA,NA,NA,NA,NA,NA,NA,NA,NA,NA,NA,NA,NA,"",NA,NA,NA,-228645.45,-69586.35,2,"S",-1.01170553097345,-0.307904203539823
NA,"Sky-H7-7",-233.66801,-58.99428,NA,NA,NA,NA,299.0681251,-22.281426278,NA,NA,NA,NA,NA,NA,NA,NA,NA,NA,NA,NA,NA,"",NA,NA,NA,-233668.01,-58994.28,1,"S",-1.03392924778761,-0.261036637168142
NA,"Sky-H7-8",-236.23556,-47.68464,NA,NA,NA,NA,299.056915,-22.234260684,NA,NA,NA,NA,NA,NA,NA,NA,NA,NA,NA,NA,NA,"",NA,NA,NA,-236235.56,-47684.64,1,"S",-1.04529008849558,-0.210993982300885
