#OBSTEMP,8
#CONFIGTEMP,19
#EQUINOX,J2000.0
#CENTRE,20 00 44.57,-21 59 56.0 #Field centre
#UTTIME,12 00 00.00 #Target observing time
#UTDATE,2021 07 10 #Target observing date
#PLATEID,a test_plateID
#LABEL,300_m20_comissioning Tile 018
#TILING_DATE,2021 06 07 # Date the tile was created/configured
#PROXIMITY,220 # tiling proximity value in arcseconds
"probe","ID","x","y","rads","angs","azAngs","angs_azAng","RA","DEC","g_mag","r_mag","i_mag","z_mag","y_mag","GAIA_g_mag","GAIA_bp_mag","GAIA_rp_mag","pmRA","pmDEC","priority","remaining_observations","Tile_number","COMPLETED","MagnetX_noDC","MagnetY_noDC","type","MagnetX","MagnetY","Position","fibre_type","fraction_plate_radius_X","fraction_plate_radius_Y"
1,"6864206806801952128",52.74131,-51.52558,73.7328364763794,1.27724289491633,2.36785375145334,5.19257445064258,300.4299,-22.219654,17.2588005065918,16.5499992370605,16.2563991546631,16.1163997650146,16.0245990753174,16.59014,17.127714,15.88475,2.58001076343457,1.62697789177602,1,1,-999,"False",55181.8550000007,-49893.9070000007,1,52741.31,-51525.58,NA,"P",0.233368628318584,-0.227989292035398
2,"6864297928828644480",38.28752,27.99902,47.4328926875728,3.63665952664631,3.77300700303672,6.14683783078918,300.3631,-21.87852,16.2282009124756,15.4883003234863,15.1335000991821,14.9659996032715,14.8409004211426,15.511115,16.103802,14.771446,0.8590831609,-6.28400268833016,1,1,-999,"False",40085.0550000006,27202.3769999994,1,38287.52,27999.02,NA,"P",0.169413805309734,0.123889469026549
3,"6864264011467771904",-52.2455,-36.97607,64.0064217316896,-0.807544065360394,0.615899685951738,4.85974155586745,299.94357,-22.157312,18.2968006134033,17.8661003112793,17.656400680542,17.5797996520996,17.5235996246338,17.870213,18.20094,17.257822,2.62439625931528,-7.49070788126401,1,1,-999,"False",-54728.7249999886,-35804.6150000004,1,-52245.5,-36976.07,NA,"P",-0.231174778761062,-0.16361092920354
4,"6864514635698895616",-64.63505,134.59206,149.307442224244,0.163250018543648,-1.12309001073517,1.28634002927882,299.89053,-21.425892,17.9416999816895,17.4333992004395,17.206600189209,17.1016006469727,17.0401000976563,17.449419,17.836237,16.843721,2.89710026809328,-9.11768490495468,1,1,-999,"False",-66715.7650000037,129496.305,1,-64635.05,134592.06,NA,"P",-0.285995796460177,0.595540088495575
5,"6852177874716258432",57.21856,-150.72942,161.224444988997,0.88363382650261,1.933603458749,5.23321567493319,300.44852,-22.638268,15.0834999084473,14.6290998458862,14.4590997695923,14.3996000289917,14.3563003540039,14.646848,15.017964,14.104827,1.18849990352501,-4.16324140348972,1,1,-999,"False",59389.9750000132,-144500.671,1,57218.56,-150729.42,NA,"P",0.253179469026549,-0.666944336283186
6,"6864478003919122944",-144.03808,43.3501,150.420077317147,-0.93240309931857,-0.292339838400998,5.64312204626201,299.52582,-21.813002,18.6011009216309,17.9638004302979,17.6772994995117,17.5412006378174,17.4459991455078,17.995207,18.470226,17.301384,0.118267698580402,-1.04268659880633,1,1,-999,"False",-149140.224999991,42009.4450000004,1,-144038.08,43350.1,NA,"P",-0.637336637168141,0.191814601769911
7,"6864533842792763904",-70.26702,164.92799,179.272686110072,0.392446931463658,-1.16803947934934,1.56048641081299,299.86685,-21.30056,17.2138004302979,16.6431999206543,16.4025993347168,16.294900894165,16.217399597168,16.674122,17.130844,16.0436,2.08477347475672,-3.36932168021903,1,1,-999,"False",-72067.4449999938,157821.337,1,-70267.02,164927.99,NA,"P",-0.310916017699115,0.729769867256637
8,"6864169453468152320",-125.9657,-75.2877,146.750111917436,-1.2159979428265,0.538714915830006,4.52847244852308,299.60645,-22.317896,16.6711006164551,16.1569004058838,15.9287004470825,15.8339996337891,15.7646999359131,16.165354,16.580029,15.5600815,0.0141887423626932,-7.95225477475223,1,1,-999,"False",-130917.844999995,-72096.5989999997,1,-125965.7,-75287.7,NA,"P",-0.557370353982301,-0.333131415929204
9,"6864308683426769024",28.67182,62.38841,68.6613935515476,3.43577459284801,4.28160548583874,5.43735441418886,300.31827,-21.731228,18.452600479126,17.8973999023438,17.6411991119385,17.5216999053955,17.4683990478516,17.925436,18.339365,17.260008,-8.86207671779335,-4.63642778583835,1,1,-999,"False",29953.4750000156,60490.3689999994,1,28671.82,62388.41,NA,"P",0.126866460176991,0.276054911504425
10,"6852196669493301504",153.48673,-126.79517,199.085889558808,0.57379897801711,2.45113928663341,4.40584499856329,300.88547,-22.531624,16.2984008789063,15.6157999038696,15.3437995910645,15.2208995819092,15.1330003738403,15.658562,16.185217,14.9746065,-0.441900288910047,-9.63901284291023,1,1,-999,"False",158140.675000006,-120399.127,1,153486.73,-126795.17,NA,"P",0.67914482300885,-0.561040575221239
11,"6864326683631628160",-3.51146,104.93019,104.988928581864,-0.041959636389084,-1.5373440852019,1.49538444881282,300.16977,-21.549921,18.0174007415771,17.3672008514404,17.0825004577637,16.9342994689941,16.8456993103027,17.40006,17.90598,16.709785,-1.51791182326958,-5.72644734190688,1,1,-999,"False",-3607.52499998728,101465.751,1,-3511.46,104930.19,NA,"P",-0.0155374336283186,0.464292876106195
12,"6865835733278118656",83.10213,167.94548,187.381024287326,2.7280088147989,4.25289707232027,4.75829704965822,300.5628,-21.289156,16.968599319458,16.3374996185303,16.0533008575439,15.9027996063232,15.8304004669189,16.354614,16.867973,15.6903305,-5.79339195643491,-7.97747953528776,1,1,-999,"False",85217.2550000022,160398.641,1,83102.13,167945.48,NA,"P",0.367708539823009,0.743121592920354
13,"6865809826035173888",93.23038,98.10348,135.33734349046,3.28592612412228,3.95245440573362,5.61665702556824,300.61313,-21.580452,17.3864002227783,16.619499206543,16.255500793457,16.0730991363525,15.9440002441406,16.6346,17.241627,15.879732,1.51933408016122,-3.84245640552051,1,1,-999,"False",96591.8349999963,94565.7450000003,1,93230.38,98103.48,NA,"P",0.412523805309735,0.434086194690265
14,"6852212436315426304",157.17,-76.79413,174.927834556016,4.51199139506489,2.68710210763448,1.82488928743041,300.90472,-22.322502,18.982400894165,17.9300994873047,17.4134998321533,17.148099899292,16.9885005950928,17.91747,18.642174,17.01322,-2.9972969164322,-4.32240970794828,1,1,-999,"False",162491.175000006,-73137.5550000002,1,157170,-76794.13,NA,"P",0.695442477876106,-0.33979703539823
15,"6864194093698712832",-1.25185,-127.1368,127.142963008821,1.52082062208128,1.56095016466553,6.24305576459534,300.17972,-22.541035,15.6031999588013,14.8577995300293,14.5136995315552,14.3458995819092,14.2356996536255,14.867362,15.45565,14.138232,0.819490461258941,-7.6899649122908,1,1,-999,"False",-1358.8249999865,-122526.013,1,-1251.85,-127136.8,NA,"P",-0.0055391592920354,-0.562552212389381
16,"6864093587167459456",-23.05592,-181.03644,182.498679597744,-1.32665135470663,1.44412310760793,3.51241084486503,300.07974,-22.763823,17.0946998596191,16.6632995605469,16.4806995391846,16.4046993255615,16.3672008514404,16.67819,17.046951,16.123857,4.20031081733107,0.885745547125283,1,1,-999,"False",-23954.3049999902,-172876.101000001,1,-23055.92,-181036.44,NA,"P",-0.102017345132743,-0.801046194690266
17,"6864116956087242112",-64.74156,-118.18234,134.75360877954,1.89310459790457,1.06963545166787,0.823469146236706,299.88696,-22.501993,17.559700012207,17.0739994049072,16.8672008514404,16.7921009063721,16.7318000793457,17.099531,17.495447,16.512093,3.188131215737,-3.61280639774711,1,1,-999,"False",-67522.5849999964,-113702.521,1,-64741.56,-118182.34,NA,"P",-0.286467079646018,-0.522930707964602
18,"6865828032399651328",74.1211,139.46172,157.935141151577,2.92732154743837,4.22387575450822,4.98663110010973,300.5242,-21.406221,18.574499130249,17.8967990875244,17.600700378418,17.4528007507324,17.3556003570557,17.925726,18.457602,17.214973,0.956476965652776,5.01376249860963,1,1,-999,"False",76493.6550000081,133941.951,1,74121.1,139461.72,NA,"P",0.327969469026549,0.617087256637168
19,"6864310298334603264",23.74334,81.84223,85.2167636426572,-0.141028942230868,4.43002907304786,1.71212729190086,300.29532,-21.648296,15.5544996261597,15.0318002700806,14.8083000183105,14.7204999923706,14.6429996490479,15.05476,15.48263,14.455651,-0.58256619057401,1.42253164007216,1,1,-999,"False",24766.7750000072,79233.0010000001,1,23743.34,81842.23,NA,"P",0.105059026548673,0.362133761061947
20,"6866032683298378368",25.08228,215.53542,216.9899491787,2.77924337200133,4.59653810928606,4.46589056989486,300.29898,-21.094112,16.7052001953125,16.6669006347656,16.7318000793457,16.7404003143311,16.6958999633789,16.619564,16.738045,16.358246,-2.01692746931873,-5.15361143318335,1,NA,NA,"",25593.935,204478.585,0,25082.28,215535.42,NA,"P",0.110983539823009,0.953696548672566
21,"6864154923597746688",-131.31467,-146.37557,196.645239072889,2.59650720283995,0.839581408717529,1.75692579412242,299.58575,-22.614677,17.4190998077393,17.1592998504639,17.0697994232178,17.0541000366211,17.050500869751,17.154934,17.396856,16.71251,0.972661397824596,-0.998344933764498,1,NA,NA,"",-135596.044999989,-139169.105,0,-131314.67,-146375.57,NA,"P",-0.581038362831858,-0.647679513274336
NA,"Sky-A1-1",-226.46104,82.44066,NA,NA,NA,NA,299.1707945,-21.652082464,NA,NA,NA,NA,NA,NA,NA,NA,NA,NA,NA,NA,NA,"",NA,NA,NA,-226461.04,82440.66,1,"S",-1.00204,0.364781681415929
NA,"Sky-A1-2",-222.23219,93.24117,NA,NA,NA,NA,299.1900612,-21.607206883,NA,NA,NA,NA,NA,NA,NA,NA,NA,NA,NA,NA,NA,"",NA,NA,NA,-222232.19,93241.17,1,"S",-0.983328274336283,0.412571548672566
NA,"Sky-A1-3",-217.48859,103.8257,NA,NA,NA,NA,299.2116168,-21.563241569,NA,NA,NA,NA,NA,NA,NA,NA,NA,NA,NA,NA,NA,"",NA,NA,NA,-217488.59,103825.7,1,"S",-0.96233889380531,0.459405752212389
NA,"Sky-A1-4",-212.24121,114.16975,NA,NA,NA,NA,299.2354099,-21.520287592,NA,NA,NA,NA,NA,NA,NA,NA,NA,NA,NA,NA,NA,"",NA,NA,NA,-212241.21,114169.75,1,"S",-0.939120398230089,0.505175884955752
NA,"Sky-A1-5",-206.50222,124.24934,NA,NA,NA,NA,299.2613838,-21.478443773,NA,NA,NA,NA,NA,NA,NA,NA,NA,NA,NA,NA,NA,"",NA,NA,NA,-206502.22,124249.34,1,"S",-0.913726637168142,0.549775840707965
NA,"Sky-A1-6",-198.62268,132.92867,NA,NA,NA,NA,299.2964039,-21.442177658,NA,NA,NA,NA,NA,NA,NA,NA,NA,NA,NA,NA,NA,"",NA,NA,NA,-198622.68,132928.67,2,"S",-0.878861415929204,0.588179955752212
NA,"Sky-A1-7",-193.60365,143.52243,NA,NA,NA,NA,299.3196246,-21.398468156,NA,NA,NA,NA,NA,NA,NA,NA,NA,NA,NA,NA,NA,"",NA,NA,NA,-193603.65,143522.43,1,"S",-0.856653318584071,0.635055
NA,"Sky-A2-1",-2.96251,236.98148,NA,NA,NA,NA,300.1729209,-21.010549161,NA,NA,NA,NA,NA,NA,NA,NA,NA,NA,NA,NA,NA,"",NA,NA,NA,-2962.51,236981.48,3,"S",-0.0131084513274336,1.04859061946903
NA,"Sky-A2-2",8.5856,240.84715,NA,NA,NA,NA,300.2244759,-20.995541624,NA,NA,NA,NA,NA,NA,NA,NA,NA,NA,NA,NA,NA,"",NA,NA,NA,8585.6,240847.15,1,"S",0.0379893805309735,1.0656953539823
NA,"Sky-A2-3",20.16382,240.15512,NA,NA,NA,NA,300.276142,-20.998434462,NA,NA,NA,NA,NA,NA,NA,NA,NA,NA,NA,NA,NA,"",NA,NA,NA,20163.82,240155.12,1,"S",0.0892204424778761,1.06263327433628
NA,"Sky-A2-4",31.69534,238.90682,NA,NA,NA,NA,300.3276012,-21.003629756,NA,NA,NA,NA,NA,NA,NA,NA,NA,NA,NA,NA,NA,"",NA,NA,NA,31695.34,238906.82,1,"S",0.140244867256637,1.05710982300885
NA,"Sky-A2-5",43.15344,237.10513,NA,NA,NA,NA,300.3787363,-21.01111562,NA,NA,NA,NA,NA,NA,NA,NA,NA,NA,NA,NA,NA,"",NA,NA,NA,43153.44,237105.13,1,"S",0.190944424778761,1.04913774336283
NA,"Sky-A2-6",54.05917,232.80594,NA,NA,NA,NA,300.4275532,-21.028462759,NA,NA,NA,NA,NA,NA,NA,NA,NA,NA,NA,NA,NA,"",NA,NA,NA,54059.17,232805.94,2,"S",0.239199867256637,1.03011477876106
NA,"Sky-A2-7",65.74346,231.85957,NA,NA,NA,NA,300.4795705,-21.032885181,NA,NA,NA,NA,NA,NA,NA,NA,NA,NA,NA,NA,NA,"",NA,NA,NA,65743.46,231859.57,1,"S",0.290900265486726,1.02592730088496
NA,"Sky-A3-1",231.67752,66.38214,NA,NA,NA,NA,301.2241683,-21.719539657,NA,NA,NA,NA,NA,NA,NA,NA,NA,NA,NA,NA,NA,"",NA,NA,NA,231677.52,66382.14,1,"S",1.0251217699115,0.293726283185841
NA,"Sky-A3-2",234.60313,55.15828,NA,NA,NA,NA,301.2375722,-21.766189547,NA,NA,NA,NA,NA,NA,NA,NA,NA,NA,NA,NA,NA,"",NA,NA,NA,234603.13,55158.28,1,"S",1.03806694690265,0.244063185840708
NA,"Sky-A3-3",236.98531,43.80666,NA,NA,NA,NA,301.2485517,-21.813382285,NA,NA,NA,NA,NA,NA,NA,NA,NA,NA,NA,NA,NA,"",NA,NA,NA,236985.31,43806.66,1,"S",1.04860756637168,0.193834778761062
NA,"Sky-A3-4",238.81857,32.35357,NA,NA,NA,NA,301.2570796,-21.861009107,NA,NA,NA,NA,NA,NA,NA,NA,NA,NA,NA,NA,NA,"",NA,NA,NA,238818.57,32353.57,1,"S",1.05671933628319,0.143157389380531
NA,"Sky-A3-5",240.09865,20.82553,NA,NA,NA,NA,301.2631339,-21.908960185,NA,NA,NA,NA,NA,NA,NA,NA,NA,NA,NA,NA,NA,"",NA,NA,NA,240098.65,20825.53,1,"S",1.06238340707965,0.0921483628318584
NA,"Sky-A3-6",240.82258,9.24926,NA,NA,NA,NA,301.2666982,-21.957124741,NA,NA,NA,NA,NA,NA,NA,NA,NA,NA,NA,NA,NA,"",NA,NA,NA,240822.58,9249.26,1,"S",1.06558663716814,0.0409259292035398
NA,"Sky-A3-7",240.98869,2.34844,NA,NA,NA,NA,301.2676331,-21.985842684,NA,NA,NA,NA,NA,NA,NA,NA,NA,NA,NA,NA,NA,"",NA,NA,NA,240988.69,2348.44,1,"S",1.06632163716814,0.0103913274336283
NA,"Sky-A4-1",214.57294,-120.30982,NA,NA,NA,NA,301.1507256,-22.496251423,NA,NA,NA,NA,NA,NA,NA,NA,NA,NA,NA,NA,NA,"",NA,NA,NA,214572.94,-120309.82,0,"S",0.949437787610619,-0.532344336283186
NA,"Sky-A4-2",200.90646,-125.7203,NA,NA,NA,NA,301.0916715,-22.520370691,NA,NA,NA,NA,NA,NA,NA,NA,NA,NA,NA,NA,NA,"",NA,NA,NA,200906.46,-125720.3,3,"S",0.888966637168142,-0.556284513274336
NA,"Sky-A4-3",197.90977,-137.52377,NA,NA,NA,NA,301.0774433,-22.568973455,NA,NA,NA,NA,NA,NA,NA,NA,NA,NA,NA,NA,NA,"",NA,NA,NA,197909.77,-137523.77,1,"S",0.875706946902655,-0.608512256637168
NA,"Sky-A4-4",189.47801,-145.66771,NA,NA,NA,NA,301.0401049,-22.603381874,NA,NA,NA,NA,NA,NA,NA,NA,NA,NA,NA,NA,NA,"",NA,NA,NA,189478.01,-145667.71,2,"S",0.838398274336283,-0.644547389380531
NA,"Sky-A4-5",182.24989,-154.61558,NA,NA,NA,NA,301.007699,-22.640786232,NA,NA,NA,NA,NA,NA,NA,NA,NA,NA,NA,NA,NA,"",NA,NA,NA,182249.89,-154615.58,2,"S",0.806415442477876,-0.684139734513274
NA,"Sky-A4-6",176.06079,-164.57115,NA,NA,NA,NA,300.9795431,-22.681977921,NA,NA,NA,NA,NA,NA,NA,NA,NA,NA,NA,NA,NA,"",NA,NA,NA,176060.79,-164571.15,1,"S",0.779030044247788,-0.72819092920354
NA,"Sky-A4-7",166.5449,-171.41703,NA,NA,NA,NA,300.937181,-22.711045258,NA,NA,NA,NA,NA,NA,NA,NA,NA,NA,NA,NA,NA,"",NA,NA,NA,166544.9,-171417.03,2,"S",0.736924336283186,-0.758482433628319
NA,"Sky-A5-1",-151.55041,-193.77428,NA,NA,NA,NA,299.501962,-22.802758811,NA,NA,NA,NA,NA,NA,NA,NA,NA,NA,NA,NA,NA,"",NA,NA,NA,-151550.41,-193774.28,0,"S",-0.67057703539823,-0.857408318584071
NA,"Sky-A5-2",-157.43205,-182.47249,NA,NA,NA,NA,299.4746718,-22.756750087,NA,NA,NA,NA,NA,NA,NA,NA,NA,NA,NA,NA,NA,"",NA,NA,NA,-157432.05,-182472.49,1,"S",-0.696601991150442,-0.807400398230088
NA,"Sky-A5-3",-164.65131,-173.23667,NA,NA,NA,NA,299.4418685,-22.718570068,NA,NA,NA,NA,NA,NA,NA,NA,NA,NA,NA,NA,NA,"",NA,NA,NA,-164651.31,-173236.67,2,"S",-0.728545619469027,-0.766533938053097
NA,"Sky-A5-4",-174.24185,-166.49577,NA,NA,NA,NA,299.3991456,-22.689919096,NA,NA,NA,NA,NA,NA,NA,NA,NA,NA,NA,NA,NA,"",NA,NA,NA,-174241.85,-166495.77,1,"S",-0.770981637168142,-0.736706946902655
NA,"Sky-A5-5",-180.53997,-156.60881,NA,NA,NA,NA,299.3705077,-22.648992818,NA,NA,NA,NA,NA,NA,NA,NA,NA,NA,NA,NA,NA,"",NA,NA,NA,-180539.97,-156608.81,2,"S",-0.798849424778761,-0.692959336283186
NA,"Sky-A5-6",-187.86598,-147.7409,NA,NA,NA,NA,299.3376559,-22.611897704,NA,NA,NA,NA,NA,NA,NA,NA,NA,NA,NA,NA,NA,"",NA,NA,NA,-187865.98,-147740.9,2,"S",-0.831265398230088,-0.653720796460177
NA,"Sky-A5-7",-196.38671,-139.6901,NA,NA,NA,NA,299.2998975,-22.577848747,NA,NA,NA,NA,NA,NA,NA,NA,NA,NA,NA,NA,NA,"",NA,NA,NA,-196386.71,-139690.1,1,"S",-0.868967743362832,-0.61809778761062
NA,"Sky-H1-1",-179.66666,157.60993,NA,NA,NA,NA,299.3818893,-21.339739121,NA,NA,NA,NA,NA,NA,NA,NA,NA,NA,NA,NA,NA,"",NA,NA,NA,-179666.66,157609.93,2,"S",-0.794985221238938,0.69738907079646
NA,"Sky-H1-2",-173.31368,167.46173,NA,NA,NA,NA,299.4109724,-21.299193249,NA,NA,NA,NA,NA,NA,NA,NA,NA,NA,NA,NA,NA,"",NA,NA,NA,-173313.68,167461.73,1,"S",-0.766874690265487,0.74098110619469
NA,"Sky-H1-3",-165.05567,175.60663,NA,NA,NA,NA,299.4480823,-21.265433687,NA,NA,NA,NA,NA,NA,NA,NA,NA,NA,NA,NA,NA,"",NA,NA,NA,-165055.67,175606.63,1,"S",-0.73033482300885,0.777020486725664
NA,"Sky-H1-4",-153.81915,180.30161,NA,NA,NA,NA,299.4976747,-21.245280319,NA,NA,NA,NA,NA,NA,NA,NA,NA,NA,NA,NA,NA,"",NA,NA,NA,-153819.15,180301.61,3,"S",-0.680615707964602,0.797794734513274
NA,"Sky-H1-5",-147.4127,190.65822,NA,NA,NA,NA,299.5272655,-21.203070937,NA,NA,NA,NA,NA,NA,NA,NA,NA,NA,NA,NA,NA,"",NA,NA,NA,-147412.7,190658.22,1,"S",-0.652268584070796,0.843620442477876
NA,"Sky-H1-6",-138.06861,197.53006,NA,NA,NA,NA,299.5691559,-21.174610213,NA,NA,NA,NA,NA,NA,NA,NA,NA,NA,NA,NA,NA,"",NA,NA,NA,-138068.61,197530.06,1,"S",-0.610923053097345,0.874026814159292
NA,"Sky-H1-7",-128.4047,203.94434,NA,NA,NA,NA,299.6124515,-21.148051412,NA,NA,NA,NA,NA,NA,NA,NA,NA,NA,NA,NA,NA,"",NA,NA,NA,-128404.7,203944.34,1,"S",-0.568162389380531,0.902408584070796
NA,"Sky-H1-8",-118.44464,209.88551,NA,NA,NA,NA,299.6570472,-21.123458008,NA,NA,NA,NA,NA,NA,NA,NA,NA,NA,NA,NA,NA,"",NA,NA,NA,-118444.64,209885.51,1,"S",-0.524091327433628,0.928696946902655
NA,"Sky-H2-1",-100.81652,218.89973,NA,NA,NA,NA,299.7359191,-21.086157331,NA,NA,NA,NA,NA,NA,NA,NA,NA,NA,NA,NA,NA,"",NA,NA,NA,-100816.52,218899.73,1,"S",-0.446090796460177,0.968582876106195
NA,"Sky-H2-2",-90.16757,223.49692,NA,NA,NA,NA,299.7835347,-21.067141814,NA,NA,NA,NA,NA,NA,NA,NA,NA,NA,NA,NA,NA,"",NA,NA,NA,-90167.57,223496.92,1,"S",-0.398971548672566,0.988924424778761
NA,"Sky-H2-3",-78.65156,225.68769,NA,NA,NA,NA,299.8347907,-21.057636114,NA,NA,NA,NA,NA,NA,NA,NA,NA,NA,NA,NA,NA,"",NA,NA,NA,-78651.56,225687.69,2,"S",-0.348015752212389,0.998618097345133
NA,"Sky-H2-4",-68.26826,231.12877,NA,NA,NA,NA,299.8813974,-21.035589665,NA,NA,NA,NA,NA,NA,NA,NA,NA,NA,NA,NA,NA,"",NA,NA,NA,-68268.26,231128.77,1,"S",-0.302071946902655,1.02269367256637
NA,"Sky-H2-5",-57.06862,234.14576,NA,NA,NA,NA,299.9314213,-21.023124764,NA,NA,NA,NA,NA,NA,NA,NA,NA,NA,NA,NA,NA,"",NA,NA,NA,-57068.62,234145.76,1,"S",-0.252516017699115,1.03604318584071
NA,"Sky-H2-6",-45.73679,236.62039,NA,NA,NA,NA,299.9820222,-21.012906775,NA,NA,NA,NA,NA,NA,NA,NA,NA,NA,NA,NA,NA,"",NA,NA,NA,-45736.79,236620.39,1,"S",-0.20237517699115,1.04699287610619
NA,"Sky-H2-7",-34.29902,238.54693,NA,NA,NA,NA,300.0330848,-21.004958878,NA,NA,NA,NA,NA,NA,NA,NA,NA,NA,NA,NA,NA,"",NA,NA,NA,-34299.02,238546.93,1,"S",-0.151765575221239,1.05551738938053
NA,"Sky-H2-8",-22.78326,239.92079,NA,NA,NA,NA,300.0844865,-20.999299609,NA,NA,NA,NA,NA,NA,NA,NA,NA,NA,NA,NA,NA,"",NA,NA,NA,-22783.26,239920.79,1,"S",-0.100810884955752,1.0615964159292
NA,"Sky-H3-1",184.61356,154.91577,NA,NA,NA,NA,301.0115057,-21.351949302,NA,NA,NA,NA,NA,NA,NA,NA,NA,NA,NA,NA,NA,"",NA,NA,NA,184613.56,154915.77,1,"S",0.816874159292035,0.685468008849557
NA,"Sky-H3-2",191.8534,145.85382,NA,NA,NA,NA,301.0440594,-21.389545301,NA,NA,NA,NA,NA,NA,NA,NA,NA,NA,NA,NA,NA,"",NA,NA,NA,191853.4,145853.82,1,"S",0.848908849557522,0.645370884955752
NA,"Sky-H3-3",197.0002,135.32155,NA,NA,NA,NA,301.0677837,-21.432989165,NA,NA,NA,NA,NA,NA,NA,NA,NA,NA,NA,NA,NA,"",NA,NA,NA,197000.2,135321.55,2,"S",0.871682300884956,0.598767920353982
NA,"Sky-H3-4",203.28293,125.68632,NA,NA,NA,NA,301.096114,-21.473000456,NA,NA,NA,NA,NA,NA,NA,NA,NA,NA,NA,NA,NA,"",NA,NA,NA,203282.93,125686.32,2,"S",0.899481991150442,0.556134159292035
NA,"Sky-H3-5",210.84465,116.72873,NA,NA,NA,NA,301.1296498,-21.510421464,NA,NA,NA,NA,NA,NA,NA,NA,NA,NA,NA,NA,NA,"",NA,NA,NA,210844.65,116728.73,1,"S",0.93294092920354,0.516498805309734
NA,"Sky-H3-6",214.42233,105.56546,NA,NA,NA,NA,301.1464516,-21.55657876,NA,NA,NA,NA,NA,NA,NA,NA,NA,NA,NA,NA,NA,"",NA,NA,NA,214422.33,105565.46,2,"S",0.948771371681416,0.467103805309734
NA,"Sky-H3-7",221.08806,95.92253,NA,NA,NA,NA,301.1759947,-21.596814773,NA,NA,NA,NA,NA,NA,NA,NA,NA,NA,NA,NA,NA,"",NA,NA,NA,221088.06,95922.53,1,"S",0.978265752212389,0.424435973451327
NA,"Sky-H3-8",225.44672,85.17533,NA,NA,NA,NA,301.1957782,-21.641454814,NA,NA,NA,NA,NA,NA,NA,NA,NA,NA,NA,NA,NA,"",NA,NA,NA,225446.72,85175.33,1,"S",0.99755185840708,0.376881991150442
NA,"Sky-H4-1",239.9828,-22.12059,NA,NA,NA,NA,301.2637897,-22.087709039,NA,NA,NA,NA,NA,NA,NA,NA,NA,NA,NA,NA,NA,"",NA,NA,NA,239982.8,-22120.59,1,"S",1.06187079646018,-0.0978787168141593
NA,"Sky-H4-2",238.64054,-33.64155,NA,NA,NA,NA,301.258077,-22.135692358,NA,NA,NA,NA,NA,NA,NA,NA,NA,NA,NA,NA,NA,"",NA,NA,NA,238640.54,-33641.55,1,"S",1.05593159292035,-0.148856415929204
NA,"Sky-H4-3",236.74552,-45.08459,NA,NA,NA,NA,301.249875,-22.183364475,NA,NA,NA,NA,NA,NA,NA,NA,NA,NA,NA,NA,NA,"",NA,NA,NA,236745.52,-45084.59,1,"S",1.04754654867257,-0.199489336283186
NA,"Sky-H4-4",234.30213,-56.42319,NA,NA,NA,NA,301.2392006,-22.230614724,NA,NA,NA,NA,NA,NA,NA,NA,NA,NA,NA,NA,NA,"",NA,NA,NA,234302.13,-56423.19,1,"S",1.03673508849558,-0.249660132743363
NA,"Sky-H4-5",231.31601,-67.6311,NA,NA,NA,NA,301.226076,-22.27733344,NA,NA,NA,NA,NA,NA,NA,NA,NA,NA,NA,NA,NA,"",NA,NA,NA,231316.01,-67631.1,1,"S",1.02352216814159,-0.299252654867257
NA,"Sky-H4-6",227.79409,-78.68236,NA,NA,NA,NA,301.2105296,-22.323412035,NA,NA,NA,NA,NA,NA,NA,NA,NA,NA,NA,NA,NA,"",NA,NA,NA,227794.09,-78682.36,1,"S",1.00793845132743,-0.34815203539823
NA,"Sky-H4-7",223.74453,-89.55136,NA,NA,NA,NA,301.1925954,-22.368743265,NA,NA,NA,NA,NA,NA,NA,NA,NA,NA,NA,NA,NA,"",NA,NA,NA,223744.53,-89551.36,1,"S",0.990020044247788,-0.396244955752212
NA,"Sky-H4-8",219.17732,-100.21161,NA,NA,NA,NA,301.1723155,-22.413216091,NA,NA,NA,NA,NA,NA,NA,NA,NA,NA,NA,NA,NA,"",NA,NA,NA,219177.32,-100211.61,1,"S",0.969811150442478,-0.443414203539823
NA,"Sky-H5-1",41.83481,-237.34134,NA,NA,NA,NA,300.3744191,-22.986446496,NA,NA,NA,NA,NA,NA,NA,NA,NA,NA,NA,NA,NA,"",NA,NA,NA,41834.81,-237341.34,1,"S",0.185109778761062,-1.05018292035398
NA,"Sky-H5-2",30.36687,-239.07931,NA,NA,NA,NA,300.3225853,-22.993727308,NA,NA,NA,NA,NA,NA,NA,NA,NA,NA,NA,NA,NA,"",NA,NA,NA,30366.87,-239079.31,1,"S",0.134366681415929,-1.05787305309735
NA,"Sky-H5-3",18.8286,-240.26349,NA,NA,NA,NA,300.2704267,-22.998688842,NA,NA,NA,NA,NA,NA,NA,NA,NA,NA,NA,NA,NA,"",NA,NA,NA,18828.6,-240263.49,1,"S",0.083312389380531,-1.06311278761062
NA,"Sky-H5-4",7.12642,-236.89283,NA,NA,NA,NA,300.2175612,-22.985775798,NA,NA,NA,NA,NA,NA,NA,NA,NA,NA,NA,NA,NA,"",NA,NA,NA,7126.42,-236892.83,3,"S",0.0315328318584071,-1.04819836283186
NA,"Sky-H5-5",-4.35197,-240.96083,NA,NA,NA,NA,300.1656278,-23.001612451,NA,NA,NA,NA,NA,NA,NA,NA,NA,NA,NA,NA,NA,"",NA,NA,NA,-4351.97,-240960.83,1,"S",-0.0192565044247788,-1.06619836283186
NA,"Sky-H5-6",-15.94057,-240.47237,NA,NA,NA,NA,300.1132353,-22.999567397,NA,NA,NA,NA,NA,NA,NA,NA,NA,NA,NA,NA,NA,"",NA,NA,NA,-15940.57,-240472.37,1,"S",-0.0705334955752212,-1.06403703539823
NA,"Sky-H5-7",-27.49224,-239.4269,NA,NA,NA,NA,300.0610127,-22.995188892,NA,NA,NA,NA,NA,NA,NA,NA,NA,NA,NA,NA,NA,"",NA,NA,NA,-27492.24,-239426.9,1,"S",-0.121647079646018,-1.0594110619469
NA,"Sky-H5-8",-38.33182,-233.87961,NA,NA,NA,NA,300.0118484,-22.973143548,NA,NA,NA,NA,NA,NA,NA,NA,NA,NA,NA,NA,NA,"",NA,NA,NA,-38331.82,-233879.61,3,"S",-0.16960982300885,-1.03486553097345
NA,"Sky-H6-1",-58.36925,-233.82492,NA,NA,NA,NA,299.9214577,-22.971725172,NA,NA,NA,NA,NA,NA,NA,NA,NA,NA,NA,NA,NA,"",NA,NA,NA,-58369.25,-233824.92,1,"S",-0.258271017699115,-1.03462353982301
NA,"Sky-H6-2",-68.97471,-228.8307,NA,NA,NA,NA,299.8733903,-22.951394009,NA,NA,NA,NA,NA,NA,NA,NA,NA,NA,NA,NA,NA,"",NA,NA,NA,-68974.71,-228830.7,2,"S",-0.305197831858407,-1.01252522123894
NA,"Sky-H6-3",-80.57354,-227.13205,NA,NA,NA,NA,299.8211535,-22.943693952,NA,NA,NA,NA,NA,NA,NA,NA,NA,NA,NA,NA,NA,"",NA,NA,NA,-80573.54,-227132.05,1,"S",-0.356520088495575,-1.00500907079646
NA,"Sky-H6-4",-91.4085,-222.99226,NA,NA,NA,NA,299.7722317,-22.92635725,NA,NA,NA,NA,NA,NA,NA,NA,NA,NA,NA,NA,NA,"",NA,NA,NA,-91408.5,-222992.26,1,"S",-0.404462389380531,-0.986691415929204
NA,"Sky-H6-5",-102.03172,-218.33596,NA,NA,NA,NA,299.7242846,-22.906859202,NA,NA,NA,NA,NA,NA,NA,NA,NA,NA,NA,NA,NA,"",NA,NA,NA,-102031.72,-218335.96,1,"S",-0.45146778761062,-0.966088318584071
NA,"Sky-H6-6",-112.41861,-213.17391,NA,NA,NA,NA,299.6774247,-22.885245585,NA,NA,NA,NA,NA,NA,NA,NA,NA,NA,NA,NA,NA,"",NA,NA,NA,-112418.61,-213173.91,1,"S",-0.497427477876106,-0.943247389380531
NA,"Sky-H6-7",-120.5111,-204.0737,NA,NA,NA,NA,299.6404079,-22.848200692,NA,NA,NA,NA,NA,NA,NA,NA,NA,NA,NA,NA,NA,"",NA,NA,NA,-120511.1,-204073.7,3,"S",-0.533234955752212,-0.902980973451327
NA,"Sky-H6-8",-131.28781,-199.71107,NA,NA,NA,NA,299.5920741,-22.829406331,NA,NA,NA,NA,NA,NA,NA,NA,NA,NA,NA,NA,NA,"",NA,NA,NA,-131287.81,-199711.07,2,"S",-0.580919513274336,-0.883677300884956
NA,"Sky-H7-1",-203.75073,-121.05635,NA,NA,NA,NA,299.2661763,-22.500656001,NA,NA,NA,NA,NA,NA,NA,NA,NA,NA,NA,NA,NA,"",NA,NA,NA,-203750.73,-121056.35,3,"S",-0.901551902654867,-0.535647566371681
NA,"Sky-H7-2",-212.87255,-112.98823,NA,NA,NA,NA,299.2262935,-22.466286266,NA,NA,NA,NA,NA,NA,NA,NA,NA,NA,NA,NA,NA,"",NA,NA,NA,-212872.55,-112988.23,1,"S",-0.941913938053097,-0.499947920353982
NA,"Sky-H7-3",-222.58634,-104.74407,NA,NA,NA,NA,299.1841652,-22.43109955,NA,NA,NA,NA,NA,NA,NA,NA,NA,NA,NA,NA,NA,"",NA,NA,NA,-222586.34,-104744.07,0,"S",-0.984895309734513,-0.463469336283186
NA,"Sky-H7-4",-220.8984,-91.24087,NA,NA,NA,NA,299.1902025,-22.37574608,NA,NA,NA,NA,NA,NA,NA,NA,NA,NA,NA,NA,NA,"",NA,NA,NA,-220898.4,-91240.87,2,"S",-0.977426548672566,-0.403720663716814
NA,"Sky-H7-5",-226.91579,-81.18059,NA,NA,NA,NA,299.1639467,-22.333488979,NA,NA,NA,NA,NA,NA,NA,NA,NA,NA,NA,NA,NA,"",NA,NA,NA,-226915.79,-81180.59,1,"S",-1.00405216814159,-0.359206150442478
NA,"Sky-H7-6",-235.34217,-71.62444,NA,NA,NA,NA,299.1277826,-22.293050191,NA,NA,NA,NA,NA,NA,NA,NA,NA,NA,NA,NA,NA,"",NA,NA,NA,-235342.17,-71624.44,0,"S",-1.04133703539823,-0.316922300884956
NA,"Sky-H7-7",-233.66801,-58.99428,NA,NA,NA,NA,299.1342166,-22.240924187,NA,NA,NA,NA,NA,NA,NA,NA,NA,NA,NA,NA,NA,"",NA,NA,NA,-233668.01,-58994.28,1,"S",-1.03392924778761,-0.261036637168142
NA,"Sky-H7-8",-236.23556,-47.68464,NA,NA,NA,NA,299.1230091,-22.193758732,NA,NA,NA,NA,NA,NA,NA,NA,NA,NA,NA,NA,NA,"",NA,NA,NA,-236235.56,-47684.64,1,"S",-1.04529008849558,-0.210993982300885
