#OBSTEMP,8
#CONFIGTEMP,19
#EQUINOX,J2000.0
#CENTRE,20 00 33.70,-22 02 46.4 #Field centre
#UTTIME,12 00 00.00 #Target observing time
#UTDATE,2021 07 10 #Target observing date
#PLATEID,a test_plateID
#LABEL,300_m20_comissioning Tile 002
#TILING_DATE,2021 06 07 # Date the tile was created/configured
#PROXIMITY,220 # tiling proximity value in arcseconds
"ID","RA","DEC","g_mag","r_mag","i_mag","z_mag","y_mag","GAIA_g_mag","GAIA_bp_mag","GAIA_rp_mag","pmRA","pmDEC","priority","remaining_observations","Tile_number","COMPLETED","MagnetX_noDC","MagnetY_noDC","type","MagnetX","MagnetY","Position","fibre_type","x","y","grads","gangs","gazAngs","gangs_gazAng"
"6864235050507494528",300.73398,-22.083553,NA,11.1969995498657,NA,NA,NA,NA,NA,NA,11.8207138893405,-47.3446832355894,NA,NA,NA,NA,134149.056210521,-8438.09301052591,2,129001.69,-8972.23,NA,"G",-196.23969,-40.0449,200.283823478847,4.37379279081807,0.201297460192536,4.17249533062553
"6865825906392800384",300.3992,-21.50024,NA,11.7093000411987,NA,NA,NA,NA,NA,NA,1.18179553357165,-5.20155589946197,NA,NA,NA,NA,58488.7762105288,123390.644989474,2,56492.37,128188.81,NA,"G",-4.71362,110.88674,110.986879050327,3.15213561211319,-1.5283134838723,4.68044909598549
"6864536076175760128",299.93243,-21.221102,NA,12.2386999130249,NA,NA,NA,NA,NA,NA,1.45566444745194,-12.0459181073714,NA,NA,NA,NA,-47001.2437894833,186475.832989474,2,-46081.5,195763.73,NA,"G",119.1634,31.51403,123.260090809641,3.95815949932413,3.40013435563427,0.558025143689859
"6864317097262996096",299.99063,-21.762323,NA,12.3168001174927,NA,NA,NA,NA,NA,NA,0.857401274660125,-2.78388136381946,NA,NA,NA,NA,-33848.0437894834,64159.8869894733,2,-32459.09,66176.92,NA,"G",48.57757,-106.61433,117.159701554988,1.1843591621128,1.99832914520834,5.46921532408405
"6865743889697129344",300.8598,-21.82489,NA,12.3591995239258,NA,NA,NA,NA,NA,NA,-8.93701048879623,-5.31345667673726,NA,NA,NA,NA,162584.376210529,50019.7449894738,2,157446.42,51866.12,NA,"G",-120.03957,-122.13897,171.252522195867,2.42832681538872,0.794066757293511,1.63426005809521
"6864102765514781824",299.6684,-22.763258,NA,12.4708003997803,NA,NA,NA,NA,NA,NA,0.667362018119078,0.219642849785303,NA,NA,NA,NA,-106672.023789468,-162051.423010526,2,-103240.31,-170401.58,NA,"G",-6.03304,129.48393,129.624402408985,0.0866821459325959,-1.52423703592091,1.6109191818535
