#OBSTEMP,8
#CONFIGTEMP,19
#EQUINOX,J2000.0
#CENTRE,20 00 44.57,-21 59 56.0 #Field centre
#UTTIME,12 00 00.00 #Target observing time
#UTDATE,2021 07 10 #Target observing date
#PLATEID,a test_plateID
#LABEL,300_m20_comissioning Tile 018
#TILING_DATE,2021 06 07 # Date the tile was created/configured
#PROXIMITY,220 # tiling proximity value in arcseconds
"ID","RA","DEC","g_mag","r_mag","i_mag","z_mag","y_mag","GAIA_g_mag","GAIA_bp_mag","GAIA_rp_mag","pmRA","pmDEC","priority","remaining_observations","Tile_number","COMPLETED","MagnetX_noDC","MagnetY_noDC","type","MagnetX","MagnetY","Position","fibre_type","x","y","grads","gangs","gazAngs","gangs_gazAng"
"6864235050507494528",300.73398,-22.083553,NA,11.1969995498657,NA,NA,NA,NA,NA,NA,11.8207138893405,-47.3446832355894,NA,NA,NA,NA,123903.935000001,-19135.0809999999,2,119013.07,-20016,NA,"G",-118.93145,-12.12093,119.547508310158,5.37385140062023,0.101564590644653,5.27228680997558
"6865825906392800384",300.3992,-21.50024,NA,11.7093000411987,NA,NA,NA,NA,NA,NA,1.18179553357165,-5.20155589946197,NA,NA,NA,NA,48243.6550000081,112693.657,2,46495.3,116841.87,NA,"G",-27.6107,126.70037,129.673954642507,3.080324247018,-1.3562296904464,4.4365539374644
"6864317097262996096",299.99063,-21.762323,NA,12.3168001174927,NA,NA,NA,NA,NA,NA,0.857401274660125,-2.78388136381946,NA,NA,NA,NA,-44093.1650000042,53462.8989999993,2,-42256.11,55105.77,NA,"G",84.98852,-7.33848,85.3047584868558,3.96853520358163,3.05545957135462,0.913075632227011
"6865743889697129344",300.8598,-21.82489,NA,12.3591995239258,NA,NA,NA,NA,NA,NA,-8.93701048879623,-5.31345667673726,NA,NA,NA,NA,152339.255000008,39322.7569999998,2,147187.27,40653.27,NA,"G",-84.10549,-48.05838,96.8676485539135,2.01233188297277,0.519129084185458,1.49320279878731
"6864102765514781824",299.6684,-22.763258,NA,12.4708003997803,NA,NA,NA,NA,NA,NA,0.667362018119078,0.219642849785303,NA,NA,NA,NA,-116917.144999989,-172748.411,2,-113579.46,-182348.58,NA,"G",-145.01859,97.21522,174.588632061874,2.93486221059203,-0.590557824732359,3.52542003532439
"6864253432967543680",300.68863,-21.910965,NA,13.5031995773315,NA,NA,NA,NA,NA,NA,4.98119987526924,-5.37968384761146,NA,NA,NA,NA,113654.835000004,19869.8069999996,2,109138.76,20421.19,NA,"G",119.01307,-20.016,120.684510550546,4.18928738622245,2.974968785539,1.21431860068345
