#OBSTEMP,8
#CONFIGTEMP,19
#EQUINOX,J2000.0
#CENTRE,20 00 35.59,-22 02 10.9 #Field centre
#UTTIME,12 00 00.00 #Target observing time
#UTDATE,2021 07 10 #Target observing date
#PLATEID,a test_plateID
#LABEL,300_m20_comissioning Tile 010
#TILING_DATE,2021 06 07 # Date the tile was created/configured
#PROXIMITY,220 # tiling proximity value in arcseconds
"ID","RA","DEC","g_mag","r_mag","i_mag","z_mag","y_mag","GAIA_g_mag","GAIA_bp_mag","GAIA_rp_mag","pmRA","pmDEC","priority","remaining_observations","Tile_number","COMPLETED","MagnetX_noDC","MagnetY_noDC","type","MagnetX","MagnetY","Position","fibre_type","x","y","grads","gangs","gazAngs","gangs_gazAng"
"6864235050507494528",300.73398,-22.083553,NA,11.1969995498657,NA,NA,NA,NA,NA,NA,11.8207138893405,-47.3446832355894,NA,NA,NA,NA,132367.295999996,-10666.632175,2,127261.5,-11276.46,NA,"G",-198.07528,-42.41816,202.566327026147,4.6972468704401,0.21096520891777,4.48628166152233
"6865825906392800384",300.3992,-21.50024,NA,11.7093000411987,NA,NA,NA,NA,NA,NA,1.18179553357165,-5.20155589946197,NA,NA,NA,NA,56707.0160000041,121162.105825,2,54747.04,125820.92,NA,"G",-88.11463,106.39426,138.144585782377,6.31210356589588,-0.879101328064046,0.908019586780336
"6864536076175760128",299.93243,-21.221102,NA,12.2386999130249,NA,NA,NA,NA,NA,NA,1.45566444745194,-12.0459181073714,NA,NA,NA,NA,-48783.0040000081,184247.293825,2,-47803.31,193335.26,NA,"G",80.11987,117.86892,142.521141837916,2.80604402665359,4.11539216286089,4.97383717097228
"6864317097262996096",299.99063,-21.762323,NA,12.3168001174927,NA,NA,NA,NA,NA,NA,0.857401274660125,-2.78388136381946,NA,NA,NA,NA,-35629.8040000082,61931.3478249992,2,-34161.67,63868.24,NA,"G",89.90714,-39.37015,98.1493888620917,1.1218628068379,2.72884826519109,4.6761998488264
"6865743889697129344",300.8598,-21.82489,NA,12.3591995239258,NA,NA,NA,NA,NA,NA,-8.93701048879623,-5.31345667673726,NA,NA,NA,NA,160802.616000004,47791.2058249996,2,155652.67,49526.54,NA,"G",-108.4354,-18.25302,109.960941757882,2.05185639362491,0.166767417181902,1.88508897644301
"6864317994916096000",299.99158,-21.70063,NA,13.5815000534058,NA,NA,NA,NA,NA,NA,-1.70875700504565,0.771386990478433,NA,NA,NA,NA,-35415.1039999979,75873.9658249996,2,-34015.92,78344.47,NA,"G",-6.42554,108.54943,108.739442327136,3.03052107736577,-1.51167072192297,4.54219179928875
