#OBSTEMP,8
#CONFIGTEMP,19
#EQUINOX,J2000.0
#CENTRE,20 00 19.61,-21 59 56.0 #Field centre
#UTTIME,12 00 00.00 #Target observing time
#UTDATE,2021 07 10 #Target observing date
#PLATEID,a test_plateID
#LABEL,300_m20_comissioning Tile 014
#TILING_DATE,2021 06 07 # Date the tile was created/configured
#PROXIMITY,220 # tiling proximity value in arcseconds
"ID","RA","DEC","g_mag","r_mag","i_mag","z_mag","y_mag","GAIA_g_mag","GAIA_bp_mag","GAIA_rp_mag","pmRA","pmDEC","priority","remaining_observations","Tile_number","COMPLETED","MagnetX_noDC","MagnetY_noDC","type","MagnetX","MagnetY","Position","fibre_type","x","y","grads","gangs","gazAngs","gangs_gazAng"
"6864235050507494528",300.73398,-22.083553,NA,11.1969995498657,NA,NA,NA,NA,NA,NA,11.8207138893405,-47.3446832355894,NA,NA,NA,NA,147413.271111116,-19135.0809999999,2,142068.16,-20165.86,NA,"G",-188.07556,-74.94832,202.459050032682,3.37002365198087,0.379213565721934,2.99081008625893
"6865825906392800384",300.3992,-21.50024,NA,11.7093000411987,NA,NA,NA,NA,NA,NA,1.18179553357165,-5.20155589946197,NA,NA,NA,NA,71752.9911111237,112693.657,2,69279.01,116984.06,NA,"G",-20.84112,213.49303,214.507869649193,2.91475911735552,-1.47348498386808,4.3882441012236
"6864102765514781824",299.6684,-22.763258,NA,12.4708003997803,NA,NA,NA,NA,NA,NA,0.667362018119078,0.219642849785303,NA,NA,NA,NA,-93407.8088888736,-172748.411,2,-90473.03,-181761.59,NA,"G",-11.69516,-201.31536,201.654781593086,5.24206649117937,1.5127678187636,3.72929867241577
"6864297275993255168",300.32556,-21.936121,NA,13.1969995498657,NA,NA,NA,NA,NA,NA,-0.518102247488317,-2.85894154964932,NA,NA,NA,NA,55110.3511111211,14184.5509999998,2,52660.93,14588.13,NA,"G",-156.4574,144.18593,212.763954712082,3.19623826257863,-0.744603438924057,3.94084170150268
"6865815667190729088",300.62823,-21.435041,NA,13.5923004150391,NA,NA,NA,NA,NA,NA,-5.50283737975369,-4.38825110546776,NA,NA,NA,NA,123513.771111116,127428.630999999,2,120186.57,133102.4,NA,"G",-183.00718,-51.10801,190.00962243453,3.46362186134935,0.272329592354883,3.19129226899447
"6864369740682301312",299.2787,-22.126495,NA,13.5972003936768,NA,NA,NA,NA,NA,NA,0.0843640266603263,-5.3544862231248,NA,NA,NA,NA,-181480.008888875,-28839.9730000007,2,-175772.33,-30671.25,NA,"G",25.60253,98.54948,101.820869917082,2.88801527364134,4.45821420712991,4.71298637369102
