#OBSTEMP,8
#CONFIGTEMP,19
#EQUINOX,J2000.0
#CENTRE,19 59 22.77,-22 02 14.3 #Field centre
#UTTIME,12 00 00.00 #Target observing time
#UTDATE,2021 07 10 #Target observing date
#PLATEID,a test_plateID
#LABEL,300_m20_comissioning Tile 011
#TILING_DATE,2021 06 07 # Date the tile was created/configured
#PROXIMITY,220 # tiling proximity value in arcseconds
"ID","RA","DEC","g_mag","r_mag","i_mag","z_mag","y_mag","GAIA_g_mag","GAIA_bp_mag","GAIA_rp_mag","pmRA","pmDEC","priority","remaining_observations","Tile_number","COMPLETED","MagnetX_noDC","MagnetY_noDC","type","MagnetX","MagnetY","Position","fibre_type","x","y","grads","gangs","gazAngs","gangs_gazAng"
"6864397331552485504",299.0445,-21.900139,NA,10.7496004104614,NA,NA,NA,NA,NA,NA,19.2359437314273,-21.3549588838021,NA,NA,NA,NA,-180880.258974346,31002.0715384609,2,-175470.88,31906.44,NA,"G",-152.93122,-145.50241,211.089813507181,2.39509478647353,0.760510632586013,1.63458415388752
"6864235050507494528",300.73398,-22.083553,NA,11.1969995498657,NA,NA,NA,NA,NA,NA,11.8207138893405,-47.3446832355894,NA,NA,NA,NA,200942.221025642,-10449.4924615381,2,195407.33,-11481.62,NA,"G",-4.26901,202.14482,202.189892673231,0.328761582221543,-1.54968089322262,1.87844247544416
"6865825906392800384",300.3992,-21.50024,NA,11.7093000411987,NA,NA,NA,NA,NA,NA,1.18179553357165,-5.20155589946197,NA,NA,NA,NA,125281.94102565,121379.245538462,2,121770.49,126680.23,NA,"G",182.19902,72.13882,195.960435394374,1.22119044462731,3.51858910890725,3.98578664289964
"6864536076175760128",299.93243,-21.221102,NA,12.2386999130249,NA,NA,NA,NA,NA,NA,1.45566444745194,-12.0459181073714,NA,NA,NA,NA,19791.9210256376,184464.433538462,2,19275.19,193501.55,NA,"G",179.91583,-95.83531,203.848258583155,4.36221343851234,2.65215387627825,1.71005956223409
"6864253432967543680",300.68863,-21.910965,NA,13.5031995773315,NA,NA,NA,NA,NA,NA,4.98119987526924,-5.37968384761146,NA,NA,NA,NA,190693.121025646,28555.3955384613,2,185385.58,29468.18,NA,"G",142.46417,-143.5285,202.228756723763,0.524754994182962,2.35247297842611,4.45546732293644
"6864252196016854016",300.53958,-21.967226,NA,13.546799659729,NA,NA,NA,NA,NA,NA,-2.38602879434139,-2.04056246922849,NA,NA,NA,NA,157007.821025648,15840.4095384615,2,151558.14,16188.41,NA,"G",-156.97963,-51.80062,165.3055004146,4.94328124643674,0.318732291612406,4.62454895482434
