#OBSTEMP,8
#CONFIGTEMP,19
#EQUINOX,J2000.0
#CENTRE,20 01 03.08,-21 54 38.6 #Field centre
#UTTIME,12 00 00.00 #Target observing time
#UTDATE,2021 07 10 #Target observing date
#PLATEID,a test_plateID
#LABEL,300_m20_comissioning Tile 016
#TILING_DATE,2021 06 07 # Date the tile was created/configured
#PROXIMITY,220 # tiling proximity value in arcseconds
"ID","RA","DEC","g_mag","r_mag","i_mag","z_mag","y_mag","GAIA_g_mag","GAIA_bp_mag","GAIA_rp_mag","pmRA","pmDEC","priority","remaining_observations","Tile_number","COMPLETED","MagnetX_noDC","MagnetY_noDC","type","MagnetX","MagnetY","Position","fibre_type","x","y","grads","gangs","gazAngs","gangs_gazAng"
"6864235050507494528",300.73398,-22.083553,NA,11.1969995498657,NA,NA,NA,NA,NA,NA,11.8207138893405,-47.3446832355894,NA,NA,NA,NA,106479.368235298,-39060.8429411765,2,102144.76,-40564,NA,"G",-101.09078,-68.92135,122.349901049535,2.14263657634068,0.598390653712952,1.54424592262772
"6865825906392800384",300.3992,-21.50024,NA,11.7093000411987,NA,NA,NA,NA,NA,NA,1.18179553357165,-5.20155589946197,NA,NA,NA,NA,30819.0882353059,92767.8950588236,2,29597.75,95883.64,NA,"G",-113.0834,76.80521,136.700020624373,5.87036342826081,-0.596623143672486,0.183801264753713
"6864317097262996096",299.99063,-21.762323,NA,12.3168001174927,NA,NA,NA,NA,NA,NA,0.857401274660125,-2.78388136381946,NA,NA,NA,NA,-61517.7317647063,33537.1370588227,2,-58933.19,34520.61,NA,"G",65.12113,-68.64413,94.6191215132216,1.17841084296177,2.32986339521394,5.13173275492742
"6865743889697129344",300.8598,-21.82489,NA,12.3591995239258,NA,NA,NA,NA,NA,NA,-8.93701048879623,-5.31345667673726,NA,NA,NA,NA,134914.688235306,19396.9950588231,2,129996.45,19920.5,NA,"G",-33.45762,-135.2479,139.324824745895,2.26572335481076,1.32828510043027,0.937438254380493
"6866031274549070080",300.4495,-21.081312,NA,12.4778003692627,NA,NA,NA,NA,NA,NA,-56.0445073523467,-95.5853751903487,NA,NA,NA,NA,42186.8882353043,187445.623058823,2,41255.32,196832.88,NA,"G",-13.71784,77.83376,79.0333684591717,3.30794728664327,-1.39634255042225,4.70428983706552
"6864297275993255168",300.32556,-21.936121,NA,13.1969995498657,NA,NA,NA,NA,NA,NA,-0.518102247488317,-2.85894154964932,NA,NA,NA,NA,14176.4482353033,-5741.21094117687,2,13474.17,-5881.3,NA,"G",21.72272,213.73226,214.833320341389,2.61681416630337,4.6111015860751,4.28889788740786
