#OBSTEMP,8
#CONFIGTEMP,19
#EQUINOX,J2000.0
#CENTRE,23 25 40.52,-21 49 03.2 #Field centre
#UTTIME,14 00 00.00 #Target observing time
#UTDATE,2021 07 10 #Target observing date
#PLATEID,a test_plateID
#LABEL,350_m20_comissioning_within_half_radius Tile 000
#TILING_DATE,2021 06 16 # Date the tile was created/configured
#PROXIMITY,220 # tiling proximity value in arcseconds
probe,ID,RA,DEC,g_mag,r_mag,i_mag,z_mag,y_mag,GAIA_g_mag,GAIA_bp_mag,GAIA_rp_mag,Mstar,Re,z,GAL_MU_E_R,pmRA,pmDEC,priority,MagnetX_noDC,MagnetY_noDC,type,MagnetX,MagnetY,SkyFibrePosition,fibre_type,x,y,grads,gangs,gazAngs,gangs_gazAng
22,2388422384069044352,352.26358,-21.933252,NA,11.9975996017456,NA,NA,NA,NA,NA,NA,NA,NA,NA,NA,18.614339052815,-47.9581933914058,NA,190911.378367345,-26146.7471428573,2,185548.21,-27894.16,NA,G,-148.85588,130.52693,197.978161588089,3.40742031800646,-0.719886897506671,4.12730721551313
23,2385369315156805120,351.04855,-22.436876,NA,12.1532001495361,NA,NA,NA,NA,NA,NA,NA,NA,NA,NA,32.480798058487,-46.2295130411374,NA,-83685.4016326576,-139965.771142858,2,-80625.06,-146192.08,NA,G,61.68741,27.0073,67.3404099022133,3.71202039638633,3.55426237845007,0.157758017936259
24,2388387401559966208,351.9347,-22.224596,NA,12.2288999557495,NA,NA,NA,NA,NA,NA,NA,NA,NA,NA,19.4450324037153,23.23215179311,NA,116584.498367352,-91990.491142857,2,112280.98,-95874.99,NA,G,185.39183,-59.4008,194.675590846384,1.02144835564409,2.8315207542291,4.47311290859458
25,2391484867549772416,351.30966,-21.532448,NA,13.5687999725342,NA,NA,NA,NA,NA,NA,NA,NA,NA,NA,-8.38442056224042,-4.93830797926288,NA,-24674.5416326506,64434.9568571429,2,-23701.93,66452.28,NA,G,185.54821,-27.89416,187.633212402042,4.63625102210546,2.99237630669718,1.64387471540828
26,2382386202671995136,351.76245,-22.23974,NA,13.5881996154785,NA,NA,NA,NA,NA,NA,NA,NA,NA,NA,13.2533050498432,-1.75581177175285,NA,77655.9983673478,-95413.0351428577,2,74572.23,-99030.83,NA,G,-0.16034,141.88516,141.885250597591,0.146643511802424,-1.56966625842308,1.71630977022551
27,2382360810825301248,351.27005,-22.613468,NA,13.6129999160767,NA,NA,NA,NA,NA,NA,NA,NA,NA,NA,7.24831914610582,-8.27290517333645,NA,-33626.4016326465,-179875.563142858,2,-32451.29,-188714.93,NA,G,112.28098,-95.87499,147.644953104603,0.85887779812653,2.43484774744179,4.70721535786433
