#OBSTEMP,8
#CONFIGTEMP,19
#EQUINOX,J2000.0
#CENTRE,23 26 04.64,-21 55 20.6 #Field centre
#UTTIME,14 00 00.00 #Target observing time
#UTDATE,2021 07 10 #Target observing date
#PLATEID,a test_plateID
#LABEL,350_m20_comissioning_within_half_radius Tile 001
#TILING_DATE,2021 06 16 # Date the tile was created/configured
#PROXIMITY,220 # tiling proximity value in arcseconds
probe,ID,RA,DEC,g_mag,r_mag,i_mag,z_mag,y_mag,GAIA_g_mag,GAIA_bp_mag,GAIA_rp_mag,Mstar,Re,z,GAL_MU_E_R,pmRA,pmDEC,priority,MagnetX_noDC,MagnetY_noDC,type,MagnetX,MagnetY,SkyFibrePosition,fibre_type,x,y,grads,gangs,gazAngs,gangs_gazAng
22,2391490189013813120,351.2506,-21.421366,NA,11.9776000976563,NA,NA,NA,NA,NA,NA,NA,NA,NA,NA,78.0714533562508,38.6414672538206,NA,-60730.0281632561,113229.934244898,2,-58702.0,117429.54,NA,G,115.39056,125.47809,170.46915382896,2.98749110200582,3.9688461544666,5.30183025471881
23,2388422384069044352,352.26358,-21.933252,NA,11.9975996017456,NA,NA,NA,NA,NA,NA,NA,NA,NA,NA,18.614339052815,-47.9581933914058,NA,168203.451836737,-2456.30175510162,2,162655.61,-2939.57,NA,G,160.94875,-124.07898,203.224244135396,0.564510908490124,2.4848351889205,4.36286102674921
24,2385369315156805120,351.04855,-22.436876,NA,12.1532001495361,NA,NA,NA,NA,NA,NA,NA,NA,NA,NA,32.480798058487,-46.2295130411374,NA,-106393.328163266,-116275.325755102,2,-102375.57,-121338.86,NA,G,-102.37557,-121.33886,158.757287325415,5.09146214081954,0.869961624088277,4.22150051673126
25,2388387401559966208,351.9347,-22.224596,NA,12.2288999557495,NA,NA,NA,NA,NA,NA,NA,NA,NA,NA,19.4450324037153,23.23215179311,NA,93876.5718367441,-68300.0457551013,2,90014.83,-70856.8,NA,G,-61.56883,187.44534,197.297937939768,0.506619588952287,-1.25343559627432,1.76005518522661
26,2388322255496023296,352.2521,-22.44297,NA,12.3859996795654,NA,NA,NA,NA,NA,NA,NA,NA,NA,NA,72.5003253270166,6.21505551121076,NA,165608.971836736,-117652.569755101,2,160948.75,-124078.98,NA,G,135.65359,98.55028,167.672460970687,5.97468956098046,3.76987344225944,2.20481611872102
27,2388389875461128448,352.00018,-22.126026,NA,13.2312002182007,NA,NA,NA,NA,NA,NA,NA,NA,NA,NA,21.5866191413468,-8.62277343828654,NA,108675.051836739,-46023.2257551016,2,104257.65,-47822.4,NA,G,-175.3141,60.33404,185.40558255223,2.1201899771448,-0.331452193632694,2.45164217077749
