#OBSTEMP,8
#CONFIGTEMP,19
#EQUINOX,J2000.0
#CENTRE,23 25 40.52,-22 01 22.3 #Field centre
#UTTIME,14 00 00.00 #Target observing time
#UTDATE,2021 07 10 #Target observing date
#PLATEID,a test_plateID
#LABEL,350_m20_comissioning_within_half_radius Tile 002
#TILING_DATE,2021 06 16 # Date the tile was created/configured
#PROXIMITY,220 # tiling proximity value in arcseconds
probe,ID,RA,DEC,g_mag,r_mag,i_mag,z_mag,y_mag,GAIA_g_mag,GAIA_bp_mag,GAIA_rp_mag,Mstar,Re,z,GAL_MU_E_R,pmRA,pmDEC,priority,MagnetX_noDC,MagnetY_noDC,type,MagnetX,MagnetY,SkyFibrePosition,fibre_type,x,y,grads,gangs,gazAngs,gangs_gazAng
22,2391490189013813120,351.2506,-21.421366,NA,11.9776000976563,NA,NA,NA,NA,NA,NA,NA,NA,NA,NA,78.0714533562508,38.6414672538206,NA,-38022.1016326479,135936.181918368,2,-36870.95,141336.47,NA,G,-170.0318,-86.80631,190.908743820329,4.8402616488975,0.472035963223491,4.36822568567401
23,2388422384069044352,352.26358,-21.933252,NA,11.9975996017456,NA,NA,NA,NA,NA,NA,NA,NA,NA,NA,18.614339052815,-47.9581933914058,NA,190911.378367345,20249.9459183675,2,185463.2,20724.0,NA,G,-159.25323,40.18396,164.244762189589,5.09962011241593,-0.247167993401392,5.34678810581733
24,2385369315156805120,351.04855,-22.436876,NA,12.1532001495361,NA,NA,NA,NA,NA,NA,NA,NA,NA,NA,32.480798058487,-46.2295130411374,NA,-83685.4016326576,-93569.0780816329,2,-80148.67,-97159.72,NA,G,138.36505,150.10172,204.145569161961,0.110600940671644,3.96765477353606,2.42613147431517
25,2388387401559966208,351.9347,-22.224596,NA,12.2288999557495,NA,NA,NA,NA,NA,NA,NA,NA,NA,NA,19.4450324037153,23.23215179311,NA,116584.498367352,-45593.7980816322,2,111867.09,-47445.16,NA,G,126.25961,-24.42326,128.600096214504,1.25146866078628,2.95051571538015,4.58413825258571
26,2391515688235129856,351.24127,-21.131506,NA,12.7425003051758,NA,NA,NA,NA,NA,NA,NA,NA,NA,NA,66.4100599596042,-47.161839242907,NA,-40130.6816326556,201444.541918367,2,-39541.71,212222.99,NA,G,-198.01904,21.9926,199.236579616499,4.71799710983245,-0.110609753204335,4.82860686303678
27,2388389875461128448,352.00018,-22.126026,NA,13.2312002182007,NA,NA,NA,NA,NA,NA,NA,NA,NA,NA,21.5866191413468,-8.62277343828654,NA,131382.978367348,-23316.9780816325,2,126259.61,-24423.26,NA,G,158.69576,122.93815,200.743948769073,0.0280334533391557,3.80070166104513,2.51051709947361
