#OBSTEMP,8
#CONFIGTEMP,19
#EQUINOX,J2000.0
#CENTRE,23 25 40.52,-21 49 03.2 #Field centre
#UTTIME,14 00 00.00 #Target observing time
#UTDATE,2021 07 10 #Target observing date
#PLATEID,a test_plateID
#LABEL,350_m20_comissioning_within_half_radius Tile 000
#TILING_DATE,2021 06 16 # Date the tile was created/configured
#PROXIMITY,220 # tiling proximity value in arcseconds
probe,ID,x,y,rads,angs,azAngs,angs_azAng,RA,DEC,g_mag,r_mag,i_mag,z_mag,y_mag,GAIA_g_mag,GAIA_bp_mag,GAIA_rp_mag,Mstar,Re,z,GAL_MU_E_R,pmRA,pmDEC,priority,MagnetX_noDC,MagnetY_noDC,type,MagnetX,MagnetY,SkyFibrePosition,fibre_type,fraction_plate_radius_X,fraction_plate_radius_Y,grads,gangs,gazAngs,gangs_gazAng,Magnet,Label,order,Pickup_option,Index,Hexabundle,probe_orientation,rectMag_inputOrientation,Magnet_C,Label_C,order_C,Pickup_option_C,offset_P,offset_Q
1.0,2385372888569606528,-103.59300787794997,-140.81553309193734,174.817475201029,2.38926696868984,0.936327664380173,1.45293930430967,350.94382,-22.412846,17.4106998443604,16.1828002929688,15.2448997497559,14.8198003768921,14.5677995681763,16.070051,17.022104,14.807999,-99.0,1.0,0.0,19.0,6.18236578722813,-6.51591433724456,1.0,-107354.381632649,-134534.991142857,1.0,-103623.0,-140795.68,NA,P,-0.458508849557522,-0.622989734513274,NA,NA,NA,NA,rectangular_magnet,R01,1.0,I,1.0,A,133.10508656405614,1.45293930430967,circular_magnet,Yel,1.0,TL,0.03546368063999998,0.006
2.0,2385473871840769024,-128.89723962221564,19.703369850473393,130.365414192582,-1.07920257803368,-0.151466134179696,5.3554488633256,350.82703,-21.732557,15.7902002334595,15.1358003616333,14.8573999404907,14.7601003646851,14.6609001159668,15.216007,15.68926,14.505576,-99.0,1.0,0.0,19.0,2.00121527302489,-2.53493900759066,1.0,-133748.921632657,19210.3228571426,1.0,-128872.85,19670.53,NA,P,-0.570233849557522,0.0870377433628319,NA,NA,NA,NA,rectangular_magnet,R02,1.0,I,2.0,B,-28.1662470390321,5.3554488633256,circular_magnet,Gre,1.0,TR,0.04046368063999998,0.006
3.0,2385393092095785216,-123.05309684910121,-75.61824456772597,144.416861722323,-0.419305136085909,0.551090455030505,5.31278971606317,350.8533,-22.138266,16.7178993225098,16.0359001159668,15.7412996292114,15.6014995574951,15.4750995635986,16.079668,16.643047,15.383336,-99.0,1.0,0.0,19.0,-1.42046601503011,-2.39622930555416,1.0,-127811.901632655,-72479.9111428578,1.0,-123036.53,-75619.06,NA,P,-0.544409424778761,-0.334597610619469,NA,NA,NA,NA,rectangular_magnet,R03,1.0,I,3.0,C,-65.97558537411868,5.31278971606317,circular_magnet,Gre,1.0,TR,0.015463680639999975,0.006
4.0,2391466927471348992,97.27061989132602,95.0438333002779,135.946258268871,3.37168570051178,3.91558193667513,5.73928907101624,351.86417,-21.41214,17.7870998382568,16.5807991027832,15.7194995880127,15.3275003433228,15.1028995513916,16.359152,17.433142,15.32635,-99.0,1.0,0.0,19.0,-5.10260264893373,-15.0546628726433,1.0,100644.718367348,91624.5648571424,1.0,97218.96,95025.57,NA,P,0.430172389380531,0.420467123893805,NA,NA,NA,NA,rectangular_magnet,R04,1.0,I,4.0,D,76.81663951606458,5.73928907101624,circular_magnet,Gre,1.0,TR,0.05446368063999998,0.006
5.0,2385472531810967808,-109.33009504460556,5.553045332681438,109.475658487949,1.78037240382848,-0.0506937960442908,1.83106619987277,350.91513,-21.79302,16.3374004364014,15.2440996170044,14.7459001541138,14.5214004516602,14.388500213623,15.247929,16.04249,14.38949,-99.0,1.0,0.0,19.0,-12.128365011462,-7.94149793144965,1.0,-113838.321632658,5545.6848571429,1.0,-109335.02,5547.36,NA,P,-0.483783274336283,0.0245458407079646,NA,NA,NA,NA,rectangular_magnet,R05,1.0,I,5.0,I,167.99217529906707,1.83106619987277,circular_magnet,Gre,1.0,TL,-0.004536319360000025,0.006
6.0,2385419510439004800,-80.11474783977752,-35.24589722466478,87.5331185550121,-1.30553828304304,0.414912589502368,4.56273443463418,351.0487,-21.968216,17.4251003265381,16.3493003845215,15.7901000976563,15.5130996704102,15.3259000778198,16.317001,17.157938,15.412575,-99.0,1.0,0.0,19.0,2.57216773041731,-2.94273657037384,1.0,-83651.5016326532,-34048.6111428578,1.0,-80106.07,-35285.47,NA,P,-0.354451637168142,-0.156130398230089,NA,NA,NA,NA,rectangular_magnet,R06,1.0,I,6.0,J,-15.198166388878008,4.56273443463418,circular_magnet,Blu,1.0,TR,0.04046368063999998,-0.002
7.0,2382347822844187520,-10.439349347857274,-201.07487415302015,201.337236878835,-1.30516064628794,1.51888524647341,3.45913941441824,351.37067,-22.66407,16.2789993286133,15.3976001739502,15.0173997879028,14.9383001327515,14.7840003967285,15.501406,16.087507,14.629296,-99.0,1.0,0.0,19.0,-1.71409835284371,-10.3799131371112,1.0,-10886.2816326483,-191311.615142857,1.0,-10446.94,-201066.02,NA,P,-0.0462253982300885,-0.889672654867257,NA,NA,NA,NA,rectangular_magnet,R07,1.0,I,7.0,K,-15.219803381134454,3.45913941441824,circular_magnet,Mag,1.0,TR,-0.010536319360000025,-0.005
8.0,2391521769908812288,12.702029144217539,130.91271357218164,131.51879724525,3.13730354192005,4.61588390248207,4.80460494661757,351.47717,-21.259356,17.6539001464844,16.7796001434326,16.3715000152588,16.1830005645752,16.0410003662109,16.836075,17.446432,16.005428,-99.0,1.0,0.0,19.0,4.18436928113351,9.13952827276091,1.0,13182.7183673478,126153.748857142,1.0,12672.54,130906.84,NA,P,0.056073185840708,0.579233805309734,NA,NA,NA,NA,rectangular_magnet,R08,1.0,I,8.0,L,90.24574799653624,4.80460494661757,circular_magnet,Gre,1.0,RO,0.029463680639999976,0.006
9.0,2391490532611409408,-44.672872604113614,100.50319654038485,109.977313128674,-0.267129080120502,-1.15269674437514,0.885567664254634,351.21393,-21.387608,18.5914001464844,17.3782005310059,16.0702991485596,15.4919004440308,15.188099861145,16.802711,18.239256,15.609897,-99.0,1.0,0.0,19.0,11.7229696040554,2.66474876689532,1.0,-46309.5216326514,97168.7968571425,1.0,-44653.48,100504.11,NA,P,-0.197581769911504,0.444708451327434,NA,NA,NA,NA,rectangular_magnet,R09,1.0,I,9.0,M,-74.69463112388317,0.885567664254634,circular_magnet,Gre,1.0,TL,0.018463680639999976,0.006
10.0,2391431571300204928,7.69825525087977,20.7234755010043,22.0845367494657,3.59785870375243,4.35730843801938,5.52373557291263,351.45453,-21.728308,17.8351001739502,16.9043998718262,16.5090007781982,16.3432006835938,16.2369995117188,16.945047,17.637146,16.144535,-99.0,1.0,0.0,19.0,-1.34281239330553,-0.871643568203797,1.0,8066.07836734236,20170.5968571429,1.0,7678.04,20706.87,NA,P,0.0339736283185841,0.0916233185840708,NA,NA,NA,NA,rectangular_magnet,R10,1.0,I,10.0,N,63.85788099057686,5.52373557291263,circular_magnet,Blu,1.0,TR,0.025463680639999976,0.006
11.0,2391446655225626496,106.06107787721305,30.470792158541528,110.32859217832,3.88564747823161,3.4211887453009,0.464458732930707,351.90698,-21.686728,19.1798000335693,17.9612007141113,17.1573009490967,16.7987003326416,16.613899230957,17.799397,18.85617,16.789232,-99.0,1.0,0.0,19.0,1.90593878876114,-16.4431052153964,1.0,110319.778367342,29567.6768571429,1.0,106044.2,30447.1,NA,P,0.469222123893805,0.134721681415929,NA,NA,NA,NA,rectangular_magnet,R11,1.0,I,11.0,O,47.36879882167732,0.464458732930707,circular_magnet,Gre,1.0,TL,0.028463680639999975,0.006
12.0,2385372510612470784,-56.95905021078324,-116.15128834042297,129.349683403439,-0.0921940814761779,1.11514850066801,5.0758427250354,351.15613,-22.312557,18.6513004302979,17.6777000427246,17.24880027771,17.0445003509521,16.9067001342773,17.709171,18.442476,16.89696,-99.0,1.0,0.0,19.0,6.96038779986331,-5.46504917429325,1.0,-59372.3216326482,-111869.677142858,1.0,-56919.57,-116152.93,NA,P,-0.251856504424779,-0.513951017699115,NA,NA,NA,NA,rectangular_magnet,R12,1.0,I,12.0,P,-84.71766823532977,5.0758427250354,circular_magnet,Gre,1.0,TR,0.03946368063999998,0.002
13.0,2385399311208401024,-61.005462101956496,-101.16097464530219,118.168377633476,4.52445391256562,1.02829337233023,3.49616054023539,351.137,-22.249456,17.0393009185791,16.2742004394531,15.9330997467041,15.7693004608154,15.6746997833252,16.31236,16.915264,15.574285,-99.0,1.0,0.0,19.0,-1.50595606402,-2.58940990407395,1.0,-63695.7016326523,-97608.8511428571,1.0,-61008.11,-101201.66,NA,P,-0.269947389380531,-0.447794955752212,NA,NA,NA,NA,rectangular_magnet,R13,1.0,I,13.0,Q,10.767886208537677,3.49616054023539,circular_magnet,Gre,1.0,TL,0.04046368063999998,0.005
14.0,2391500844828117632,-99.28136627658404,84.79117571602258,130.545193898944,-0.402147841606666,-0.706911826122027,0.304763984515361,350.96402,-21.455286,17.9361000061035,17.1481990814209,16.7936992645264,16.6644992828369,16.5270004272461,17.239416,17.787073,16.412716,-99.0,1.0,0.0,19.0,11.919097201094,10.631248482458,1.0,-102789.181632651,81873.5688571424,1.0,-99262.81,84787.63,NA,P,-0.439215973451327,0.375166504424779,NA,NA,NA,NA,rectangular_magnet,R14,1.0,I,14.0,R,-66.95862593564252,0.304763984515361,circular_magnet,Gre,1.0,TR,0.018463680639999976,0.004
15.0,2388415885783750784,128.6058464854848,-4.156256237155145,128.652928286338,4.19217535124127,3.10894243459368,1.0832329166476,352.00974,-21.834473,17.044900894165,16.3425998687744,16.0177001953125,15.875599861145,15.7716999053955,16.374111,16.94925,15.656526,-99.0,1.0,0.0,19.0,-1.78384491269441,-2.97251786699437,1.0,133543.538367353,-3822.69314285725,1.0,128584.36,-4199.8,NA,P,0.568957345132743,-0.018583185840708,NA,NA,NA,NA,rectangular_magnet,R15,1.0,I,15.0,S,29.80604539510142,1.0832329166476,circular_magnet,Gre,1.0,TL,0.04846368063999998,0.003
16.0,2382367644117819264,-38.921039356586014,-145.67493077570504,150.781141099323,-0.309671067153875,1.31004682852487,4.66346741150084,351.23962,-22.436808,19.0431003570557,17.7985000610352,17.0144004821777,16.6569995880127,16.4778003692627,17.651564,18.694336,16.646235,-99.0,1.0,0.0,19.0,3.95572950702948,0.196714289774075,1.0,-40503.581632652,-139950.403142857,1.0,-38872.1,-145684.29,NA,P,-0.172000442477876,-0.644620752212389,NA,NA,NA,NA,rectangular_magnet,R16,1.0,I,16.0,T,-72.25715481477073,4.66346741150084,circular_magnet,Yel,1.0,TR,0.04946368063999998,0.006
17.0,2385395875234558848,-32.414196171058244,-100.7467247098666,105.843117127119,3.89445808737228,1.25952706436655,2.63493102300573,351.26874,-22.248404,19.076000213623,17.8568000793457,16.8048992156982,16.3283996582031,16.0848999023438,17.497562,18.71048,16.386368,-99.0,1.0,0.0,19.0,10.2107366446585,-0.354418929543777,1.0,-33922.461632657,-97371.0991428576,1.0,-32416.27,-100756.89,NA,P,-0.14343482300885,-0.445826946902655,NA,NA,NA,NA,rectangular_magnet,R17,1.0,I,17.0,E,46.863988102977714,2.63493102300573,circular_magnet,Gre,1.0,TR,0.008463680639999974,0.006
18.0,2382393379561914112,0.7401319280166967,-113.81901046428236,113.84983902159,4.00234776395091,1.57715140710401,2.42519635684689,351.4219,-22.303957,18.5946998596191,17.5627002716064,17.0769996643066,16.8561000823975,16.698299407959,17.573055,18.339071,16.722095,-99.0,1.0,0.0,19.0,3.75729343770935,-12.6831280428079,1.0,691.698367346135,-109926.077142858,1.0,723.52,-113847.54,NA,P,0.0032014159292035,-0.50375017699115,NA,NA,NA,NA,rectangular_magnet,R18,1.0,I,18.0,F,40.682364981990986,2.42519635684689,circular_magnet,Gre,1.0,TR,0.03246368063999998,0.006
19.0,2391445521354317056,25.141894321470275,78.04054295007042,81.9723238199931,3.07866587114746,4.4011012658458,4.96074991248125,351.5347,-21.483143,18.6562995910645,17.5384998321533,16.9393997192383,16.6609992980957,16.4862995147705,17.494541,18.377533,16.569965,-99.0,1.0,0.0,19.0,7.18608886185487,-23.2597732510308,1.0,26184.4983673445,75577.8868571429,1.0,25106.87,78032.73,NA,P,0.111092345132743,0.345277566371681,NA,NA,NA,NA,rectangular_magnet,R19,1.0,I,19.0,G,93.60543905228349,4.96074991248125,circular_magnet,Blu,1.0,TR,0.03446368063999998,0.01
20.0,2388338958624288768,132.87659036083576,-118.43539301693372,178.02055074138,4.44726259432538,2.41341128867201,2.03385130565337,351.79593,-22.550415,16.9395999908447,16.4517993927002,16.255500793457,16.1798992156982,16.1285991668701,16.482887,16.89087,15.902657,NA,NA,NA,NA,4.36572026770231,-14.8190454374409,1.0,85222.4783673472,-165625.585142858,0.0,82656.38,-173898.07,NA,P,0.365736194690265,-0.769460486725664,NA,NA,NA,NA,rectangular_magnet,R20,1.0,I,20.0,H,15.190622958754489,2.03385130565337,circular_magnet,Yel,1.0,TL,0.03946368063999998,0.006
21.0,2382329779686091648,82.64734377437925,-173.91085845902313,192.542504150199,0.56243276444751,2.01450173202316,4.83111633960394,352.02628,-22.317602,17.5953998565674,17.1177005767822,16.9146003723145,16.8446998596191,16.7737998962402,17.144869,17.554037,16.575857,NA,NA,NA,NA,-2.57126231918759,-5.06702819989379,1.0,137281.578367344,-113009.847142858,0.0,132872.04,-118475.05,NA,P,0.587929380530973,-0.524225884955752,NA,NA,NA,NA,rectangular_magnet,R21,1.0,I,21.0,U,-122.225023662718,4.83111633960394,circular_magnet,Yel,1.0,TR,0.014463680639999974,0.006
22.0,2388422384069044352,-148.83674647031998,130.53835793194762,NA,NA,NA,NA,352.26358,-21.933252,NA,11.9975996017456,NA,NA,NA,NA,NA,NA,NA,NA,NA,NA,18.614339052815,-47.9581933914058,NA,190911.378367345,-26146.7471428573,2.0,185548.21,-27894.16,NA,G,NA,NA,197.978161588089,3.40742031800646,-0.719886897506671,4.12730721551313,rectangular_magnet,R22,1.0,I,22.0,GS1,74.76919675110514,4.12730721551313,circular_magnet,Mag,1.0,TR,0.021463680639999975,0.006
23.0,2385369315156805120,61.70981041565304,27.028800167829736,NA,NA,NA,NA,351.04855,-22.436876,NA,12.1532001495361,NA,NA,NA,NA,NA,NA,NA,NA,NA,NA,32.480798058487,-46.2295130411374,NA,-83685.4016326576,-139965.771142858,2.0,-80625.06,-146192.08,NA,G,NA,NA,67.3404099022133,3.71202039638633,3.55426237845007,0.157758017936259,rectangular_magnet,R23,1.0,I,23.0,GS2,57.31689782058436,0.157758017936259,circular_magnet,Blu,1.0,TR,0.030463680639999977,0.006
24.0,2388387401559966208,185.37843049508214,-59.43417852472012,NA,NA,NA,NA,351.9347,-22.224596,NA,12.2288999557495,NA,NA,NA,NA,NA,NA,NA,NA,NA,NA,19.4450324037153,23.23215179311,NA,116584.498367352,-91990.491142857,2.0,112280.98,-95874.99,NA,G,NA,NA,194.675590846384,1.02144835564409,2.8315207542291,4.47311290859458,rectangular_magnet,R24,1.0,I,24.0,GS3,-148.5246797689844,4.47311290859458,circular_magnet,Yel,1.0,TR,0.03546368063999998,0.006
25.0,2391484867549772416,185.56381032852414,-27.886861805708588,NA,NA,NA,NA,351.30966,-21.532448,NA,13.5687999725342,NA,NA,NA,NA,NA,NA,NA,NA,NA,NA,-8.38442056224042,-4.93830797926288,NA,-24674.5416326506,64434.9568571429,2.0,-23701.93,66452.28,NA,G,NA,NA,187.633212402042,4.63625102210546,2.99237630669718,1.64387471540828,rectangular_magnet,R25,1.0,I,25.0,GS4,4.362383670142833,1.64387471540828,circular_magnet,Yel,1.0,TL,0.008463680639999974,-0.015
26.0,2382386202671995136,-0.18105596378110658,141.89220866715598,NA,NA,NA,NA,351.76245,-22.23974,NA,13.5881996154785,NA,NA,NA,NA,NA,NA,NA,NA,NA,NA,13.2533050498432,-1.75581177175285,NA,77655.9983673478,-95413.0351428577,2.0,74572.23,-99030.83,NA,G,NA,NA,141.885250597591,0.146643511802424,-1.56966625842308,1.71630977022551,rectangular_magnet,R26,1.0,I,26.0,GS5,-98.40205431925592,1.71630977022551,circular_magnet,Gre,1.0,RI,0.019463680639999974,-0.01
27.0,2382360810825301248,112.25255536726985,-95.9171162782345,NA,NA,NA,NA,351.27005,-22.613468,NA,13.6129999160767,NA,NA,NA,NA,NA,NA,NA,NA,NA,NA,7.24831914610582,-8.27290517333645,NA,-33626.4016326465,-179875.563142858,2.0,-32451.29,-188714.93,NA,G,NA,NA,147.644953104603,0.85887779812653,2.43484774744179,4.70721535786433,rectangular_magnet,R27,1.0,I,27.0,GS6,-139.21007295013953,4.70721535786433,circular_magnet,Gre,1.0,TR,0.05046368063999998,0.006
NA,Sky-A1-1,-226.46104,82.44066,NA,NA,NA,NA,350.4048784,-21.470917611,NA,NA,NA,NA,NA,NA,NA,NA,NA,NA,NA,NA,NA,NA,NA,NA,NA,NA,-226461.04,82440.66,1.0,S,-1.00204,0.364781681415929,NA,NA,NA,NA,NA,NA,NA,NA,NA,NA,NA,NA,NA,NA,NA,NA,NA,NA
NA,Sky-A1-2,-222.23219,93.24117,NA,NA,NA,NA,350.4241312,-21.426035078,NA,NA,NA,NA,NA,NA,NA,NA,NA,NA,NA,NA,NA,NA,NA,NA,NA,NA,-222232.19,93241.17,1.0,S,-0.983328274336283,0.412571548672566,NA,NA,NA,NA,NA,NA,NA,NA,NA,NA,NA,NA,NA,NA,NA,NA,NA,NA
NA,Sky-A1-3,-217.48859,103.8257,NA,NA,NA,NA,350.4456709,-21.382062405,NA,NA,NA,NA,NA,NA,NA,NA,NA,NA,NA,NA,NA,NA,NA,NA,NA,NA,-217488.59,103825.7,1.0,S,-0.96233889380531,0.459405752212389,NA,NA,NA,NA,NA,NA,NA,NA,NA,NA,NA,NA,NA,NA,NA,NA,NA,NA
NA,Sky-A1-4,-212.24121,114.16975,NA,NA,NA,NA,350.4694461,-21.339100687,NA,NA,NA,NA,NA,NA,NA,NA,NA,NA,NA,NA,NA,NA,NA,NA,NA,NA,-212241.21,114169.75,1.0,S,-0.939120398230089,0.505175884955752,NA,NA,NA,NA,NA,NA,NA,NA,NA,NA,NA,NA,NA,NA,NA,NA,NA,NA
NA,Sky-A1-5,-206.50222,124.24934,NA,NA,NA,NA,350.4954003,-21.297248767,NA,NA,NA,NA,NA,NA,NA,NA,NA,NA,NA,NA,NA,NA,NA,NA,NA,NA,-206502.22,124249.34,1.0,S,-0.913726637168142,0.549775840707965,NA,NA,NA,NA,NA,NA,NA,NA,NA,NA,NA,NA,NA,NA,NA,NA,NA,NA
NA,Sky-A1-6,-200.2849,134.04112,NA,NA,NA,NA,350.5234722,-21.256602791,NA,NA,NA,NA,NA,NA,NA,NA,NA,NA,NA,NA,NA,NA,NA,NA,NA,NA,-200284.9,134041.12,1.0,S,-0.886216371681416,0.593102300884956,NA,NA,NA,NA,NA,NA,NA,NA,NA,NA,NA,NA,NA,NA,NA,NA,NA,NA
NA,Sky-A1-7,-193.60365,143.52243,NA,NA,NA,NA,350.553596,-21.217255973,NA,NA,NA,NA,NA,NA,NA,NA,NA,NA,NA,NA,NA,NA,NA,NA,NA,NA,-193603.65,143522.43,1.0,S,-0.856653318584071,0.635055,NA,NA,NA,NA,NA,NA,NA,NA,NA,NA,NA,NA,NA,NA,NA,NA,NA,NA
NA,Sky-A2-1,-3.01251,240.9813,NA,NA,NA,NA,351.4059966,-20.813560392,NA,NA,NA,NA,NA,NA,NA,NA,NA,NA,NA,NA,NA,NA,NA,NA,NA,NA,-3012.51,240981.3,1.0,S,-0.0133296902654867,1.0662889380531,NA,NA,NA,NA,NA,NA,NA,NA,NA,NA,NA,NA,NA,NA,NA,NA,NA,NA
NA,Sky-A2-2,8.5856,240.84715,NA,NA,NA,NA,351.4577081,-20.814135524,NA,NA,NA,NA,NA,NA,NA,NA,NA,NA,NA,NA,NA,NA,NA,NA,NA,NA,8585.6,240847.15,1.0,S,0.0379893805309735,1.0656953539823,NA,NA,NA,NA,NA,NA,NA,NA,NA,NA,NA,NA,NA,NA,NA,NA,NA,NA
NA,Sky-A2-3,20.16382,240.15512,NA,NA,NA,NA,351.5093298,-20.817020131,NA,NA,NA,NA,NA,NA,NA,NA,NA,NA,NA,NA,NA,NA,NA,NA,NA,NA,20163.82,240155.12,1.0,S,0.0892204424778761,1.06263327433628,NA,NA,NA,NA,NA,NA,NA,NA,NA,NA,NA,NA,NA,NA,NA,NA,NA,NA
NA,Sky-A2-4,31.69534,238.90682,NA,NA,NA,NA,351.5607443,-20.822207516,NA,NA,NA,NA,NA,NA,NA,NA,NA,NA,NA,NA,NA,NA,NA,NA,NA,NA,31695.34,238906.82,1.0,S,0.140244867256637,1.05710982300885,NA,NA,NA,NA,NA,NA,NA,NA,NA,NA,NA,NA,NA,NA,NA,NA,NA,NA
NA,Sky-A2-5,43.15344,237.10513,NA,NA,NA,NA,351.6118347,-20.829685807,NA,NA,NA,NA,NA,NA,NA,NA,NA,NA,NA,NA,NA,NA,NA,NA,NA,NA,43153.44,237105.13,1.0,S,0.190944424778761,1.04913774336283,NA,NA,NA,NA,NA,NA,NA,NA,NA,NA,NA,NA,NA,NA,NA,NA,NA,NA
NA,Sky-A2-6,54.51158,234.75423,NA,NA,NA,NA,351.6624848,-20.839437846,NA,NA,NA,NA,NA,NA,NA,NA,NA,NA,NA,NA,NA,NA,NA,NA,NA,NA,54511.58,234754.23,1.0,S,0.241201681415929,1.03873553097345,NA,NA,NA,NA,NA,NA,NA,NA,NA,NA,NA,NA,NA,NA,NA,NA,NA,NA
NA,Sky-A2-7,65.19784,229.9353,NA,NA,NA,NA,351.7103155,-20.858937352,NA,NA,NA,NA,NA,NA,NA,NA,NA,NA,NA,NA,NA,NA,NA,NA,NA,NA,65197.84,229935.3,2.0,S,0.288486017699115,1.01741283185841,NA,NA,NA,NA,NA,NA,NA,NA,NA,NA,NA,NA,NA,NA,NA,NA,NA,NA
NA,Sky-A3-1,229.75476,65.83122,NA,NA,NA,NA,352.4483647,-21.540238579,NA,NA,NA,NA,NA,NA,NA,NA,NA,NA,NA,NA,NA,NA,NA,NA,NA,NA,229754.76,65831.22,2.0,S,1.01661398230089,0.291288584070796,NA,NA,NA,NA,NA,NA,NA,NA,NA,NA,NA,NA,NA,NA,NA,NA,NA,NA
NA,Sky-A3-2,234.60313,55.15828,NA,NA,NA,NA,352.469772,-21.584699448,NA,NA,NA,NA,NA,NA,NA,NA,NA,NA,NA,NA,NA,NA,NA,NA,NA,NA,234603.13,55158.28,1.0,S,1.03806694690265,0.244063185840708,NA,NA,NA,NA,NA,NA,NA,NA,NA,NA,NA,NA,NA,NA,NA,NA,NA,NA
NA,Sky-A3-3,236.98531,43.80666,NA,NA,NA,NA,352.4807308,-21.631894589,NA,NA,NA,NA,NA,NA,NA,NA,NA,NA,NA,NA,NA,NA,NA,NA,NA,NA,236985.31,43806.66,1.0,S,1.04860756637168,0.193834778761062,NA,NA,NA,NA,NA,NA,NA,NA,NA,NA,NA,NA,NA,NA,NA,NA,NA,NA
NA,Sky-A3-4,238.81857,32.35357,NA,NA,NA,NA,352.4892401,-21.679524139,NA,NA,NA,NA,NA,NA,NA,NA,NA,NA,NA,NA,NA,NA,NA,NA,NA,NA,238818.57,32353.57,1.0,S,1.05671933628319,0.143157389380531,NA,NA,NA,NA,NA,NA,NA,NA,NA,NA,NA,NA,NA,NA,NA,NA,NA,NA
NA,Sky-A3-5,240.09865,20.82553,NA,NA,NA,NA,352.4952778,-21.727478255,NA,NA,NA,NA,NA,NA,NA,NA,NA,NA,NA,NA,NA,NA,NA,NA,NA,NA,240098.65,20825.53,1.0,S,1.06238340707965,0.0921483628318584,NA,NA,NA,NA,NA,NA,NA,NA,NA,NA,NA,NA,NA,NA,NA,NA,NA,NA
NA,Sky-A3-6,240.82258,9.24926,NA,NA,NA,NA,352.4988277,-21.775646149,NA,NA,NA,NA,NA,NA,NA,NA,NA,NA,NA,NA,NA,NA,NA,NA,NA,NA,240822.58,9249.26,1.0,S,1.06558663716814,0.0409259292035398,NA,NA,NA,NA,NA,NA,NA,NA,NA,NA,NA,NA,NA,NA,NA,NA,NA,NA
NA,Sky-A3-7,240.98869,2.34844,NA,NA,NA,NA,352.4997551,-21.804366218,NA,NA,NA,NA,NA,NA,NA,NA,NA,NA,NA,NA,NA,NA,NA,NA,NA,NA,240988.69,2348.44,1.0,S,1.06632163716814,0.0103913274336283,NA,NA,NA,NA,NA,NA,NA,NA,NA,NA,NA,NA,NA,NA,NA,NA,NA,NA
NA,Sky-A4-1,208.46721,-116.88637,NA,NA,NA,NA,352.3571749,-22.3017075,NA,NA,NA,NA,NA,NA,NA,NA,NA,NA,NA,NA,NA,NA,NA,NA,NA,NA,208467.21,-116886.37,2.0,S,0.922421283185841,-0.517196327433628,NA,NA,NA,NA,NA,NA,NA,NA,NA,NA,NA,NA,NA,NA,NA,NA,NA,NA
NA,Sky-A4-2,204.2974,-127.84223,NA,NA,NA,NA,352.3381436,-22.347127526,NA,NA,NA,NA,NA,NA,NA,NA,NA,NA,NA,NA,NA,NA,NA,NA,NA,NA,204297.4,-127842.23,1.0,S,0.903970796460177,-0.565673584070796,NA,NA,NA,NA,NA,NA,NA,NA,NA,NA,NA,NA,NA,NA,NA,NA,NA,NA
NA,Sky-A4-3,197.90977,-137.52377,NA,NA,NA,NA,352.3096107,-22.387563631,NA,NA,NA,NA,NA,NA,NA,NA,NA,NA,NA,NA,NA,NA,NA,NA,NA,NA,197909.77,-137523.77,1.0,S,0.875706946902655,-0.608512256637168,NA,NA,NA,NA,NA,NA,NA,NA,NA,NA,NA,NA,NA,NA,NA,NA,NA,NA
NA,Sky-A4-4,191.06371,-146.88677,NA,NA,NA,NA,352.2789917,-22.426679641,NA,NA,NA,NA,NA,NA,NA,NA,NA,NA,NA,NA,NA,NA,NA,NA,NA,NA,191063.71,-146886.77,1.0,S,0.845414646017699,-0.649941460176991,NA,NA,NA,NA,NA,NA,NA,NA,NA,NA,NA,NA,NA,NA,NA,NA,NA,NA
NA,Sky-A4-5,183.77509,-155.90952,NA,NA,NA,NA,352.2463565,-22.464383928,NA,NA,NA,NA,NA,NA,NA,NA,NA,NA,NA,NA,NA,NA,NA,NA,NA,NA,183775.09,-155909.52,1.0,S,0.813164115044248,-0.689865132743363,NA,NA,NA,NA,NA,NA,NA,NA,NA,NA,NA,NA,NA,NA,NA,NA,NA,NA
NA,Sky-A4-6,176.06079,-164.57115,NA,NA,NA,NA,352.21178,-22.50058831,NA,NA,NA,NA,NA,NA,NA,NA,NA,NA,NA,NA,NA,NA,NA,NA,NA,NA,176060.79,-164571.15,1.0,S,0.779030044247788,-0.72819092920354,NA,NA,NA,NA,NA,NA,NA,NA,NA,NA,NA,NA,NA,NA,NA,NA,NA,NA
NA,Sky-A4-7,167.93867,-172.85157,NA,NA,NA,NA,352.1753419,-22.535207816,NA,NA,NA,NA,NA,NA,NA,NA,NA,NA,NA,NA,NA,NA,NA,NA,NA,NA,167938.67,-172851.57,1.0,S,0.743091460176991,-0.764829955752212,NA,NA,NA,NA,NA,NA,NA,NA,NA,NA,NA,NA,NA,NA,NA,NA,NA,NA
NA,Sky-A5-1,-148.4702,-189.83588,NA,NA,NA,NA,350.7486383,-22.606402593,NA,NA,NA,NA,NA,NA,NA,NA,NA,NA,NA,NA,NA,NA,NA,NA,NA,NA,-148470.2,-189835.88,1.0,S,-0.656947787610619,-0.839981769911504,NA,NA,NA,NA,NA,NA,NA,NA,NA,NA,NA,NA,NA,NA,NA,NA,NA,NA
NA,Sky-A5-2,-157.43205,-182.47249,NA,NA,NA,NA,350.7083662,-22.575598249,NA,NA,NA,NA,NA,NA,NA,NA,NA,NA,NA,NA,NA,NA,NA,NA,NA,NA,-157432.05,-182472.49,1.0,S,-0.696601991150442,-0.807400398230088,NA,NA,NA,NA,NA,NA,NA,NA,NA,NA,NA,NA,NA,NA,NA,NA,NA,NA
NA,Sky-A5-3,-166.02924,-174.68645,NA,NA,NA,NA,350.6697639,-22.543030987,NA,NA,NA,NA,NA,NA,NA,NA,NA,NA,NA,NA,NA,NA,NA,NA,NA,NA,-166029.24,-174686.45,1.0,S,-0.734642654867257,-0.77294889380531,NA,NA,NA,NA,NA,NA,NA,NA,NA,NA,NA,NA,NA,NA,NA,NA,NA,NA
NA,Sky-A5-4,-174.24185,-166.49577,NA,NA,NA,NA,350.6329212,-22.508777165,NA,NA,NA,NA,NA,NA,NA,NA,NA,NA,NA,NA,NA,NA,NA,NA,NA,NA,-174241.85,-166495.77,1.0,S,-0.770981637168142,-0.736706946902655,NA,NA,NA,NA,NA,NA,NA,NA,NA,NA,NA,NA,NA,NA,NA,NA,NA,NA
NA,Sky-A5-5,-180.53997,-156.60881,NA,NA,NA,NA,350.6043153,-22.467853721,NA,NA,NA,NA,NA,NA,NA,NA,NA,NA,NA,NA,NA,NA,NA,NA,NA,NA,-180539.97,-156608.81,2.0,S,-0.798849424778761,-0.692959336283186,NA,NA,NA,NA,NA,NA,NA,NA,NA,NA,NA,NA,NA,NA,NA,NA,NA,NA
NA,Sky-A5-6,-189.43818,-148.97731,NA,NA,NA,NA,350.5648511,-22.435535194,NA,NA,NA,NA,NA,NA,NA,NA,NA,NA,NA,NA,NA,NA,NA,NA,NA,NA,-189438.18,-148977.31,1.0,S,-0.83822203539823,-0.659191637168142,NA,NA,NA,NA,NA,NA,NA,NA,NA,NA,NA,NA,NA,NA,NA,NA,NA,NA
NA,Sky-A5-7,-196.38671,-139.6901,NA,NA,NA,NA,350.5337809,-22.396718709,NA,NA,NA,NA,NA,NA,NA,NA,NA,NA,NA,NA,NA,NA,NA,NA,NA,NA,-196386.71,-139690.1,1.0,S,-0.868967743362832,-0.61809778761062,NA,NA,NA,NA,NA,NA,NA,NA,NA,NA,NA,NA,NA,NA,NA,NA,NA,NA
NA,Sky-H1-1,-181.17025,158.92893,NA,NA,NA,NA,350.6095602,-21.153342221,NA,NA,NA,NA,NA,NA,NA,NA,NA,NA,NA,NA,NA,NA,NA,NA,NA,NA,-181170.25,158928.93,1.0,S,-0.801638274336283,0.703225353982301,NA,NA,NA,NA,NA,NA,NA,NA,NA,NA,NA,NA,NA,NA,NA,NA,NA,NA
NA,Sky-H1-2,-171.8753,166.07192,NA,NA,NA,NA,350.6508485,-21.123397672,NA,NA,NA,NA,NA,NA,NA,NA,NA,NA,NA,NA,NA,NA,NA,NA,NA,NA,-171875.3,166071.92,2.0,S,-0.76051017699115,0.734831504424779,NA,NA,NA,NA,NA,NA,NA,NA,NA,NA,NA,NA,NA,NA,NA,NA,NA,NA
NA,Sky-H1-3,-163.68583,174.14922,NA,NA,NA,NA,350.6876414,-21.089889275,NA,NA,NA,NA,NA,NA,NA,NA,NA,NA,NA,NA,NA,NA,NA,NA,NA,NA,-163685.83,174149.22,2.0,S,-0.724273584070796,0.770571769911504,NA,NA,NA,NA,NA,NA,NA,NA,NA,NA,NA,NA,NA,NA,NA,NA,NA,NA
NA,Sky-H1-4,-156.41534,183.34477,NA,NA,NA,NA,350.7207159,-21.052111878,NA,NA,NA,NA,NA,NA,NA,NA,NA,NA,NA,NA,NA,NA,NA,NA,NA,NA,-156415.34,183344.77,1.0,S,-0.692103274336283,0.811260044247788,NA,NA,NA,NA,NA,NA,NA,NA,NA,NA,NA,NA,NA,NA,NA,NA,NA,NA
NA,Sky-H1-5,-147.4127,190.65822,NA,NA,NA,NA,350.7610726,-21.021804406,NA,NA,NA,NA,NA,NA,NA,NA,NA,NA,NA,NA,NA,NA,NA,NA,NA,NA,-147412.7,190658.22,1.0,S,-0.652268584070796,0.843620442477876,NA,NA,NA,NA,NA,NA,NA,NA,NA,NA,NA,NA,NA,NA,NA,NA,NA,NA
NA,Sky-H1-6,-136.92273,195.8907,NA,NA,NA,NA,350.8076817,-20.999737336,NA,NA,NA,NA,NA,NA,NA,NA,NA,NA,NA,NA,NA,NA,NA,NA,NA,NA,-136922.73,195890.7,2.0,S,-0.605852787610619,0.866773008849558,NA,NA,NA,NA,NA,NA,NA,NA,NA,NA,NA,NA,NA,NA,NA,NA,NA,NA
NA,Sky-H1-7,-128.4047,203.94434,NA,NA,NA,NA,350.8461903,-20.966764728,NA,NA,NA,NA,NA,NA,NA,NA,NA,NA,NA,NA,NA,NA,NA,NA,NA,NA,-128404.7,203944.34,1.0,S,-0.568162389380531,0.902408584070796,NA,NA,NA,NA,NA,NA,NA,NA,NA,NA,NA,NA,NA,NA,NA,NA,NA,NA
NA,Sky-H1-8,-118.44464,209.88551,NA,NA,NA,NA,350.8907499,-20.94216117,NA,NA,NA,NA,NA,NA,NA,NA,NA,NA,NA,NA,NA,NA,NA,NA,NA,NA,-118444.64,209885.51,1.0,S,-0.524091327433628,0.928696946902655,NA,NA,NA,NA,NA,NA,NA,NA,NA,NA,NA,NA,NA,NA,NA,NA,NA,NA
NA,Sky-H2-1,-100.81652,218.89973,NA,NA,NA,NA,350.9695579,-20.904843149,NA,NA,NA,NA,NA,NA,NA,NA,NA,NA,NA,NA,NA,NA,NA,NA,NA,NA,-100816.52,218899.73,1.0,S,-0.446090796460177,0.968582876106195,NA,NA,NA,NA,NA,NA,NA,NA,NA,NA,NA,NA,NA,NA,NA,NA,NA,NA
NA,Sky-H2-2,-90.16757,223.49692,NA,NA,NA,NA,351.0171347,-20.885817523,NA,NA,NA,NA,NA,NA,NA,NA,NA,NA,NA,NA,NA,NA,NA,NA,NA,NA,-90167.57,223496.92,1.0,S,-0.398971548672566,0.988924424778761,NA,NA,NA,NA,NA,NA,NA,NA,NA,NA,NA,NA,NA,NA,NA,NA,NA,NA
NA,Sky-H2-3,-79.30977,227.57641,NA,NA,NA,NA,351.0656247,-20.868938832,NA,NA,NA,NA,NA,NA,NA,NA,NA,NA,NA,NA,NA,NA,NA,NA,NA,NA,-79309.77,227576.41,1.0,S,-0.350928185840708,1.00697526548673,NA,NA,NA,NA,NA,NA,NA,NA,NA,NA,NA,NA,NA,NA,NA,NA,NA,NA
NA,Sky-H2-4,-68.26826,231.12877,NA,NA,NA,NA,351.1149172,-20.854245408,NA,NA,NA,NA,NA,NA,NA,NA,NA,NA,NA,NA,NA,NA,NA,NA,NA,NA,-68268.26,231128.77,1.0,S,-0.302071946902655,1.02269367256637,NA,NA,NA,NA,NA,NA,NA,NA,NA,NA,NA,NA,NA,NA,NA,NA,NA,NA
NA,Sky-H2-5,-57.06862,234.14576,NA,NA,NA,NA,351.1648999,-20.841770708,NA,NA,NA,NA,NA,NA,NA,NA,NA,NA,NA,NA,NA,NA,NA,NA,NA,NA,-57068.62,234145.76,1.0,S,-0.252516017699115,1.03604318584071,NA,NA,NA,NA,NA,NA,NA,NA,NA,NA,NA,NA,NA,NA,NA,NA,NA,NA
NA,Sky-H2-6,-45.73679,236.62039,NA,NA,NA,NA,351.2154588,-20.831543083,NA,NA,NA,NA,NA,NA,NA,NA,NA,NA,NA,NA,NA,NA,NA,NA,NA,NA,-45736.79,236620.39,1.0,S,-0.20237517699115,1.04699287610619,NA,NA,NA,NA,NA,NA,NA,NA,NA,NA,NA,NA,NA,NA,NA,NA,NA,NA
NA,Sky-H2-7,-34.29902,238.54693,NA,NA,NA,NA,351.2664788,-20.823585738,NA,NA,NA,NA,NA,NA,NA,NA,NA,NA,NA,NA,NA,NA,NA,NA,NA,NA,-34299.02,238546.93,1.0,S,-0.151765575221239,1.05551738938053,NA,NA,NA,NA,NA,NA,NA,NA,NA,NA,NA,NA,NA,NA,NA,NA,NA,NA
NA,Sky-H2-8,-22.78326,239.92079,NA,NA,NA,NA,351.3178374,-20.817917237,NA,NA,NA,NA,NA,NA,NA,NA,NA,NA,NA,NA,NA,NA,NA,NA,NA,NA,-22783.26,239920.79,1.0,S,-0.100810884955752,1.0615964159292,NA,NA,NA,NA,NA,NA,NA,NA,NA,NA,NA,NA,NA,NA,NA,NA,NA,NA
NA,Sky-H3-1,184.61356,154.91577,NA,NA,NA,NA,352.2439962,-21.170454714,NA,NA,NA,NA,NA,NA,NA,NA,NA,NA,NA,NA,NA,NA,NA,NA,NA,NA,184613.56,154915.77,1.0,S,0.816874159292035,0.685468008849557,NA,NA,NA,NA,NA,NA,NA,NA,NA,NA,NA,NA,NA,NA,NA,NA,NA,NA
NA,Sky-H3-2,191.8534,145.85382,NA,NA,NA,NA,352.2765136,-21.208049465,NA,NA,NA,NA,NA,NA,NA,NA,NA,NA,NA,NA,NA,NA,NA,NA,NA,NA,191853.4,145853.82,1.0,S,0.848908849557522,0.645370884955752,NA,NA,NA,NA,NA,NA,NA,NA,NA,NA,NA,NA,NA,NA,NA,NA,NA,NA
NA,Sky-H3-3,198.64884,136.45402,NA,NA,NA,NA,352.3070672,-21.24705278,NA,NA,NA,NA,NA,NA,NA,NA,NA,NA,NA,NA,NA,NA,NA,NA,NA,NA,198648.84,136454.02,1.0,S,0.878977168141593,0.603778849557522,NA,NA,NA,NA,NA,NA,NA,NA,NA,NA,NA,NA,NA,NA,NA,NA,NA,NA
NA,Sky-H3-4,204.98415,126.73816,NA,NA,NA,NA,352.335586,-21.287375204,NA,NA,NA,NA,NA,NA,NA,NA,NA,NA,NA,NA,NA,NA,NA,NA,NA,NA,204984.15,126738.16,1.0,S,0.907009513274336,0.560788318584071,NA,NA,NA,NA,NA,NA,NA,NA,NA,NA,NA,NA,NA,NA,NA,NA,NA,NA
NA,Sky-H3-5,210.84465,116.72873,NA,NA,NA,NA,352.3620029,-21.328924338,NA,NA,NA,NA,NA,NA,NA,NA,NA,NA,NA,NA,NA,NA,NA,NA,NA,NA,210844.65,116728.73,1.0,S,0.93294092920354,0.516498805309734,NA,NA,NA,NA,NA,NA,NA,NA,NA,NA,NA,NA,NA,NA,NA,NA,NA,NA
NA,Sky-H3-6,216.21677,106.44891,NA,NA,NA,NA,352.3862559,-21.371604874,NA,NA,NA,NA,NA,NA,NA,NA,NA,NA,NA,NA,NA,NA,NA,NA,NA,NA,216216.77,106448.91,1.0,S,0.956711371681416,0.471012876106195,NA,NA,NA,NA,NA,NA,NA,NA,NA,NA,NA,NA,NA,NA,NA,NA,NA,NA
NA,Sky-H3-7,221.08806,95.92253,NA,NA,NA,NA,352.4082878,-21.415318752,NA,NA,NA,NA,NA,NA,NA,NA,NA,NA,NA,NA,NA,NA,NA,NA,NA,NA,221088.06,95922.53,1.0,S,0.978265752212389,0.424435973451327,NA,NA,NA,NA,NA,NA,NA,NA,NA,NA,NA,NA,NA,NA,NA,NA,NA,NA
NA,Sky-H3-8,225.44672,85.17533,NA,NA,NA,NA,352.4280437,-21.459959908,NA,NA,NA,NA,NA,NA,NA,NA,NA,NA,NA,NA,NA,NA,NA,NA,NA,NA,225446.72,85175.33,1.0,S,0.99755185840708,0.376881991150442,NA,NA,NA,NA,NA,NA,NA,NA,NA,NA,NA,NA,NA,NA,NA,NA,NA,NA
NA,Sky-H4-1,237.99111,-21.937,NA,NA,NA,NA,352.4875413,-21.905580758,NA,NA,NA,NA,NA,NA,NA,NA,NA,NA,NA,NA,NA,NA,NA,NA,NA,NA,237991.11,-21937.0,2.0,S,1.05305800884956,-0.0970663716814159,NA,NA,NA,NA,NA,NA,NA,NA,NA,NA,NA,NA,NA,NA,NA,NA,NA,NA
NA,Sky-H4-2,238.64054,-33.64155,NA,NA,NA,NA,352.4901729,-21.954228585,NA,NA,NA,NA,NA,NA,NA,NA,NA,NA,NA,NA,NA,NA,NA,NA,NA,NA,238640.54,-33641.55,1.0,S,1.05593159292035,-0.148856415929204,NA,NA,NA,NA,NA,NA,NA,NA,NA,NA,NA,NA,NA,NA,NA,NA,NA,NA
NA,Sky-H4-3,236.74552,-45.08459,NA,NA,NA,NA,352.4819674,-22.001905311,NA,NA,NA,NA,NA,NA,NA,NA,NA,NA,NA,NA,NA,NA,NA,NA,NA,NA,236745.52,-45084.59,1.0,S,1.04754654867257,-0.199489336283186,NA,NA,NA,NA,NA,NA,NA,NA,NA,NA,NA,NA,NA,NA,NA,NA,NA,NA
NA,Sky-H4-4,234.30213,-56.42319,NA,NA,NA,NA,352.4712919,-22.049160411,NA,NA,NA,NA,NA,NA,NA,NA,NA,NA,NA,NA,NA,NA,NA,NA,NA,NA,234302.13,-56423.19,1.0,S,1.03673508849558,-0.249660132743363,NA,NA,NA,NA,NA,NA,NA,NA,NA,NA,NA,NA,NA,NA,NA,NA,NA,NA
NA,Sky-H4-5,231.31601,-67.6311,NA,NA,NA,NA,352.4581688,-22.095884208,NA,NA,NA,NA,NA,NA,NA,NA,NA,NA,NA,NA,NA,NA,NA,NA,NA,NA,231316.01,-67631.1,1.0,S,1.02352216814159,-0.299252654867257,NA,NA,NA,NA,NA,NA,NA,NA,NA,NA,NA,NA,NA,NA,NA,NA,NA,NA
NA,Sky-H4-6,227.79409,-78.68236,NA,NA,NA,NA,352.4426264,-22.141968108,NA,NA,NA,NA,NA,NA,NA,NA,NA,NA,NA,NA,NA,NA,NA,NA,NA,NA,227794.09,-78682.36,1.0,S,1.00793845132743,-0.34815203539823,NA,NA,NA,NA,NA,NA,NA,NA,NA,NA,NA,NA,NA,NA,NA,NA,NA,NA
NA,Sky-H4-7,223.74453,-89.55136,NA,NA,NA,NA,352.4246986,-22.187304855,NA,NA,NA,NA,NA,NA,NA,NA,NA,NA,NA,NA,NA,NA,NA,NA,NA,NA,223744.53,-89551.36,1.0,S,0.990020044247788,-0.396244955752212,NA,NA,NA,NA,NA,NA,NA,NA,NA,NA,NA,NA,NA,NA,NA,NA,NA,NA
NA,Sky-H4-8,219.17732,-100.21161,NA,NA,NA,NA,352.4044277,-22.231783402,NA,NA,NA,NA,NA,NA,NA,NA,NA,NA,NA,NA,NA,NA,NA,NA,NA,NA,219177.32,-100211.61,1.0,S,0.969811150442478,-0.443414203539823,NA,NA,NA,NA,NA,NA,NA,NA,NA,NA,NA,NA,NA,NA,NA,NA,NA,NA
NA,Sky-H5-1,41.83481,-237.34134,NA,NA,NA,NA,351.6071907,-22.805160078,NA,NA,NA,NA,NA,NA,NA,NA,NA,NA,NA,NA,NA,NA,NA,NA,NA,NA,41834.81,-237341.34,1.0,S,0.185109778761062,-1.05018292035398,NA,NA,NA,NA,NA,NA,NA,NA,NA,NA,NA,NA,NA,NA,NA,NA,NA,NA
NA,Sky-H5-2,30.36687,-239.07931,NA,NA,NA,NA,351.5554073,-22.812449051,NA,NA,NA,NA,NA,NA,NA,NA,NA,NA,NA,NA,NA,NA,NA,NA,NA,NA,30366.87,-239079.31,1.0,S,0.134366681415929,-1.05787305309735,NA,NA,NA,NA,NA,NA,NA,NA,NA,NA,NA,NA,NA,NA,NA,NA,NA,NA
NA,Sky-H5-3,18.67234,-238.26948,NA,NA,NA,NA,351.5026408,-22.809674399,NA,NA,NA,NA,NA,NA,NA,NA,NA,NA,NA,NA,NA,NA,NA,NA,NA,NA,18672.34,-238269.48,2.0,S,0.0826209734513274,-1.05428973451327,NA,NA,NA,NA,NA,NA,NA,NA,NA,NA,NA,NA,NA,NA,NA,NA,NA,NA
NA,Sky-H5-4,7.2467,-240.89115,NA,NA,NA,NA,351.4509911,-22.820057391,NA,NA,NA,NA,NA,NA,NA,NA,NA,NA,NA,NA,NA,NA,NA,NA,NA,NA,7246.7,-240891.15,1.0,S,0.0320650442477876,-1.06589004424779,NA,NA,NA,NA,NA,NA,NA,NA,NA,NA,NA,NA,NA,NA,NA,NA,NA,NA
NA,Sky-H5-5,-4.35197,-240.96083,NA,NA,NA,NA,351.3986049,-22.820358625,NA,NA,NA,NA,NA,NA,NA,NA,NA,NA,NA,NA,NA,NA,NA,NA,NA,NA,-4351.97,-240960.83,1.0,S,-0.0192565044247788,-1.06619836283186,NA,NA,NA,NA,NA,NA,NA,NA,NA,NA,NA,NA,NA,NA,NA,NA,NA,NA
NA,Sky-H5-6,-15.94057,-240.47237,NA,NA,NA,NA,351.3462651,-22.818321642,NA,NA,NA,NA,NA,NA,NA,NA,NA,NA,NA,NA,NA,NA,NA,NA,NA,NA,-15940.57,-240472.37,1.0,S,-0.0705334955752212,-1.06403703539823,NA,NA,NA,NA,NA,NA,NA,NA,NA,NA,NA,NA,NA,NA,NA,NA,NA,NA
NA,Sky-H5-7,-27.49224,-239.4269,NA,NA,NA,NA,351.2940952,-22.813951143,NA,NA,NA,NA,NA,NA,NA,NA,NA,NA,NA,NA,NA,NA,NA,NA,NA,NA,-27492.24,-239426.9,1.0,S,-0.121647079646018,-1.0594110619469,NA,NA,NA,NA,NA,NA,NA,NA,NA,NA,NA,NA,NA,NA,NA,NA,NA,NA
NA,Sky-H5-8,-38.97879,-237.82707,NA,NA,NA,NA,351.242225,-22.807258298,NA,NA,NA,NA,NA,NA,NA,NA,NA,NA,NA,NA,NA,NA,NA,NA,NA,NA,-38978.79,-237827.07,1.0,S,-0.172472522123894,-1.05233216814159,NA,NA,NA,NA,NA,NA,NA,NA,NA,NA,NA,NA,NA,NA,NA,NA,NA,NA
NA,Sky-H6-1,-58.36925,-233.82492,NA,NA,NA,NA,351.1546829,-22.790508622,NA,NA,NA,NA,NA,NA,NA,NA,NA,NA,NA,NA,NA,NA,NA,NA,NA,NA,-58369.25,-233824.92,1.0,S,-0.258271017699115,-1.03462353982301,NA,NA,NA,NA,NA,NA,NA,NA,NA,NA,NA,NA,NA,NA,NA,NA,NA,NA
NA,Sky-H6-2,-69.55194,-230.74573,NA,NA,NA,NA,351.1042119,-22.777619523,NA,NA,NA,NA,NA,NA,NA,NA,NA,NA,NA,NA,NA,NA,NA,NA,NA,NA,-69551.94,-230745.73,1.0,S,-0.307751946902655,-1.02099880530973,NA,NA,NA,NA,NA,NA,NA,NA,NA,NA,NA,NA,NA,NA,NA,NA,NA,NA
NA,Sky-H6-3,-80.57354,-227.13205,NA,NA,NA,NA,351.0544824,-22.762492441,NA,NA,NA,NA,NA,NA,NA,NA,NA,NA,NA,NA,NA,NA,NA,NA,NA,NA,-80573.54,-227132.05,1.0,S,-0.356520088495575,-1.00500907079646,NA,NA,NA,NA,NA,NA,NA,NA,NA,NA,NA,NA,NA,NA,NA,NA,NA,NA
NA,Sky-H6-4,-91.4085,-222.99226,NA,NA,NA,NA,351.0056116,-22.745163,NA,NA,NA,NA,NA,NA,NA,NA,NA,NA,NA,NA,NA,NA,NA,NA,NA,NA,-91408.5,-222992.26,1.0,S,-0.404462389380531,-0.986691415929204,NA,NA,NA,NA,NA,NA,NA,NA,NA,NA,NA,NA,NA,NA,NA,NA,NA,NA
NA,Sky-H6-5,-102.03172,-218.33596,NA,NA,NA,NA,350.9577146,-22.725672012,NA,NA,NA,NA,NA,NA,NA,NA,NA,NA,NA,NA,NA,NA,NA,NA,NA,NA,-102031.72,-218335.96,1.0,S,-0.45146778761062,-0.966088318584071,NA,NA,NA,NA,NA,NA,NA,NA,NA,NA,NA,NA,NA,NA,NA,NA,NA,NA
NA,Sky-H6-6,-112.41861,-213.17391,NA,NA,NA,NA,350.910904,-22.704065231,NA,NA,NA,NA,NA,NA,NA,NA,NA,NA,NA,NA,NA,NA,NA,NA,NA,NA,-112418.61,-213173.91,1.0,S,-0.497427477876106,-0.943247389380531,NA,NA,NA,NA,NA,NA,NA,NA,NA,NA,NA,NA,NA,NA,NA,NA,NA,NA
NA,Sky-H6-7,-122.54511,-207.51809,NA,NA,NA,NA,350.8652897,-22.680393574,NA,NA,NA,NA,NA,NA,NA,NA,NA,NA,NA,NA,NA,NA,NA,NA,NA,NA,-122545.11,-207518.09,1.0,S,-0.542235,-0.918221637168142,NA,NA,NA,NA,NA,NA,NA,NA,NA,NA,NA,NA,NA,NA,NA,NA,NA,NA
NA,Sky-H6-8,-132.38652,-201.3824,NA,NA,NA,NA,350.8209842,-22.654716061,NA,NA,NA,NA,NA,NA,NA,NA,NA,NA,NA,NA,NA,NA,NA,NA,NA,NA,-132386.52,-201382.4,1.0,S,-0.585781061946903,-0.891072566371681,NA,NA,NA,NA,NA,NA,NA,NA,NA,NA,NA,NA,NA,NA,NA,NA,NA,NA
NA,Sky-H7-1,-207.18967,-123.09956,NA,NA,NA,NA,350.4855655,-22.32739842,NA,NA,NA,NA,NA,NA,NA,NA,NA,NA,NA,NA,NA,NA,NA,NA,NA,NA,-207189.67,-123099.56,1.0,S,-0.916768451327434,-0.544688318584071,NA,NA,NA,NA,NA,NA,NA,NA,NA,NA,NA,NA,NA,NA,NA,NA,NA,NA
NA,Sky-H7-2,-211.10586,-112.05051,NA,NA,NA,NA,350.4677135,-22.281560232,NA,NA,NA,NA,NA,NA,NA,NA,NA,NA,NA,NA,NA,NA,NA,NA,NA,NA,-211105.86,-112050.51,2.0,S,-0.934096725663717,-0.495798716814159,NA,NA,NA,NA,NA,NA,NA,NA,NA,NA,NA,NA,NA,NA,NA,NA,NA,NA
NA,Sky-H7-3,-218.06235,-102.61518,NA,NA,NA,NA,350.4371914,-22.241846047,NA,NA,NA,NA,NA,NA,NA,NA,NA,NA,NA,NA,NA,NA,NA,NA,NA,NA,-218062.35,-102615.18,1.0,S,-0.964877654867257,-0.454049469026549,NA,NA,NA,NA,NA,NA,NA,NA,NA,NA,NA,NA,NA,NA,NA,NA,NA,NA
NA,Sky-H7-4,-222.74704,-92.00444,NA,NA,NA,NA,350.4164174,-22.197547132,NA,NA,NA,NA,NA,NA,NA,NA,NA,NA,NA,NA,NA,NA,NA,NA,NA,NA,-222747.04,-92004.44,1.0,S,-0.985606371681416,-0.407099292035398,NA,NA,NA,NA,NA,NA,NA,NA,NA,NA,NA,NA,NA,NA,NA,NA,NA,NA
NA,Sky-H7-5,-226.91579,-81.18059,NA,NA,NA,NA,350.3979824,-22.152370203,NA,NA,NA,NA,NA,NA,NA,NA,NA,NA,NA,NA,NA,NA,NA,NA,NA,NA,-226915.79,-81180.59,1.0,S,-1.00405216814159,-0.359206150442478,NA,NA,NA,NA,NA,NA,NA,NA,NA,NA,NA,NA,NA,NA,NA,NA,NA,NA
NA,Sky-H7-6,-230.55892,-70.1687,NA,NA,NA,NA,350.3819276,-22.10642062,NA,NA,NA,NA,NA,NA,NA,NA,NA,NA,NA,NA,NA,NA,NA,NA,NA,NA,-230558.92,-70168.7,1.0,S,-1.02017221238938,-0.310480973451327,NA,NA,NA,NA,NA,NA,NA,NA,NA,NA,NA,NA,NA,NA,NA,NA,NA,NA
NA,Sky-H7-7,-231.72873,-58.50467,NA,NA,NA,NA,350.3764475,-22.057952947,NA,NA,NA,NA,NA,NA,NA,NA,NA,NA,NA,NA,NA,NA,NA,NA,NA,NA,-231728.73,-58504.67,2.0,S,-1.02534836283186,-0.258870221238938,NA,NA,NA,NA,NA,NA,NA,NA,NA,NA,NA,NA,NA,NA,NA,NA,NA,NA
NA,Sky-H7-8,-236.23556,-47.68464,NA,NA,NA,NA,350.3570949,-22.012639261,NA,NA,NA,NA,NA,NA,NA,NA,NA,NA,NA,NA,NA,NA,NA,NA,NA,NA,-236235.56,-47684.64,1.0,S,-1.04529008849558,-0.210993982300885,NA,NA,NA,NA,NA,NA,NA,NA,NA,NA,NA,NA,NA,NA,NA,NA,NA,NA
