#OBSTEMP,8
#CONFIGTEMP,19
#EQUINOX,J2000.0
#CENTRE,23 26 04.64,-21 55 20.6 #Field centre
#UTTIME,14 00 00.00 #Target observing time
#UTDATE,2021 07 10 #Target observing date
#PLATEID,a test_plateID
#LABEL,350_m20_comissioning_within_half_radius Tile 001
#TILING_DATE,2021 06 16 # Date the tile was created/configured
#PROXIMITY,220 # tiling proximity value in arcseconds
probe,ID,x,y,rads,angs,azAngs,angs_azAng,RA,DEC,g_mag,r_mag,i_mag,z_mag,y_mag,GAIA_g_mag,GAIA_bp_mag,GAIA_rp_mag,Mstar,Re,z,GAL_MU_E_R,pmRA,pmDEC,priority,MagnetX_noDC,MagnetY_noDC,type,MagnetX,MagnetY,SkyFibrePosition,fibre_type,fraction_plate_radius_X,fraction_plate_radius_Y,grads,gangs,gazAngs,gangs_gazAng,Magnet,Label,order,Pickup_option,Index,Hexabundle,probe_orientation,rectMag_inputOrientation,Magnet_C,Label_C,order_C,Pickup_option_C,offset_P,offset_Q
1.0,2391432017976811136,-3.906442382941068,49.424435448098464,49.5819009610725,0.0035131487249744,-1.49264395103626,1.49615709976123,351.50153,-21.709976,17.1805000305176,16.347900390625,15.974100112915,15.7940998077393,15.6354999542236,16.370113,17.021221,15.608847,-99.0,1.0,0.0,19.0,0.222670899635792,-1.52910689091077,1.0,-4019.84816326001,48004.074244898,1.0,-3871.0,49430.56,NA,P,-0.0171283185840708,0.218719292035398,NA,NA,NA,NA,rectangular_magnet,R01,1.0,I,1.0,A,-90.20128859474272,1.49615709976123,circular_magnet,Blu,1.0,TL,0.03546368063999998,0.006
2.0,2382377062981538816,-7.31157631194406,-120.04639412180029,120.229502060002,1.63975093314898,1.50987217431409,0.12987875883489,351.4852,-22.434656,18.0662994384766,17.4050006866455,17.1063995361328,16.9820003509521,16.8729000091553,17.448277,17.96015,16.753742,-99.0,1.0,0.0,19.0,-1.46607347391638,-3.30868528417501,1.0,-7710.42816325598,-115773.605755102,1.0,-7320.35,-120006.44,NA,P,-0.0323909292035398,-0.531001946902655,NA,NA,NA,NA,rectangular_magnet,R02,1.0,I,2.0,B,176.04919207792526,0.12987875883489,circular_magnet,Gre,1.0,TR,0.04046368063999998,0.006
3.0,2385392950361860096,-148.80437361317544,-57.226886779605564,159.424708795439,-1.30182291327854,0.367241475350276,4.61412091855077,350.83667,-22.163963,18.3619003295898,17.6653003692627,17.3852005004883,17.2598991394043,17.1466999053955,17.729126,18.293762,17.050165,-99.0,1.0,0.0,19.0,4.69655956166132,-7.55273803589893,1.0,-154278.208163255,-54596.9877551015,1.0,-148794.48,-57240.2,NA,P,-0.658382654867257,-0.253275221238938,NA,NA,NA,NA,rectangular_magnet,R03,1.0,I,3.0,C,-15.411041395714278,4.61412091855077,circular_magnet,Yel,1.0,TR,0.015463680639999975,0.006
4.0,2391425283468359808,41.94556639423454,49.68360598155407,64.9711405000905,3.53221794245219,4.01154485090506,5.80385839872671,351.71304,-21.709192,18.3211994171143,17.4347991943359,16.9437007904053,16.6935005187988,16.521900177002,17.461418,18.13895,16.54098,-99.0,1.0,0.0,19.0,2.18592278196232,-8.91570734107343,1.0,43781.4118367345,48181.2582448979,1.0,41897.49,49657.32,NA,P,0.185387123893805,0.219722654867257,NA,NA,NA,NA,rectangular_magnet,R04,1.0,I,4.0,D,67.61881957710631,5.80385839872671,circular_magnet,Blu,1.0,TR,0.05446368063999998,0.006
5.0,2385396833012264192,-67.59947276586969,-70.92286389614145,97.9855594642496,1.98190580675596,0.809404220392381,1.17250158636358,351.20636,-22.225727,18.368200302124,17.6758995056152,17.3827991485596,17.255500793457,17.1389999389648,17.72497,18.280373,17.025616,-99.0,1.0,0.0,19.0,3.99229811240477,-1.48975596253324,1.0,-70728.2681632565,-68555.6517551015,1.0,-67603.16,-70929.42,NA,P,-0.299129026548673,-0.313846991150442,NA,NA,NA,NA,rectangular_magnet,R05,1.0,I,5.0,I,156.44516188041288,1.17250158636358,circular_magnet,Gre,1.0,TL,-0.004536319360000025,0.006
6.0,2388439525283766144,114.64195275134567,32.07468876124324,119.008113840025,3.92601982505889,3.41424684823877,0.511772976820125,352.04666,-21.784746,18.3202991485596,17.2343006134033,16.7299003601074,16.5072994232178,16.3808994293213,17.238873,18.056692,16.374887,-99.0,1.0,0.0,19.0,-2.04661757941003,6.40906963077848,1.0,119179.531836734,31106.0542448986,1.0,114611.9,32047.52,NA,P,0.507132300884956,0.141803185840708,NA,NA,NA,NA,rectangular_magnet,R06,1.0,I,6.0,J,45.055633739435685,0.511772976820125,circular_magnet,Gre,1.0,TR,0.04046368063999998,-0.002
7.0,2385397661941026176,-34.971390798648535,-66.1059768972493,74.7911434826243,-0.506307589357054,1.08406089593158,4.69281682189095,351.3571,-22.205688,17.9834995269775,17.1033992767334,16.7521991729736,16.5970993041992,16.4529991149902,17.158672,17.812746,16.38774,-99.0,1.0,0.0,19.0,3.17709139202217,-6.87902396594212,1.0,-36661.02816326,-64026.8377551014,1.0,-34983.03,-66105.24,NA,P,-0.154792168141593,-0.292501061946903,NA,NA,NA,NA,rectangular_magnet,R07,1.0,I,7.0,K,-60.990711994398,4.69281682189095,circular_magnet,Blu,1.0,TR,-0.010536319360000025,-0.005
8.0,2385372235734637824,-92.03330168352949,-93.65387341030646,131.306098558957,2.17846459536819,0.793896400499022,1.38456819486917,351.09473,-22.320932,17.8567008972168,16.7117004394531,16.1718997955322,15.938099861145,15.7847995758057,16.69877,17.50673,15.802766,-99.0,1.0,0.0,19.0,0.828201671977452,-16.6961837029558,1.0,-95956.6481632545,-90071.9817551015,1.0,-92055.05,-93633.11,NA,P,-0.407323230088496,-0.414305796460177,NA,NA,NA,NA,rectangular_magnet,R08,1.0,I,8.0,L,145.183172866728,1.38456819486917,circular_magnet,Gre,1.0,TL,0.029463680639999976,0.006
9.0,2388399839785347968,95.43521940387176,-30.399835655517347,100.154264556595,3.78833606854855,2.83303049651988,0.955305572028673,351.96005,-22.052013,19.0146007537842,17.8680992126465,17.1886005401611,16.8733005523682,16.6837997436523,17.79557,18.783339,16.812899,-99.0,1.0,0.0,19.0,7.58596480448788,-18.2066419990535,1.0,99605.6718367448,-29296.2877551014,1.0,95424.1,-30415.75,NA,P,0.422230530973451,-0.13458296460177,NA,NA,NA,NA,rectangular_magnet,R09,1.0,I,9.0,M,52.94433189498488,0.955305572028673,circular_magnet,Gre,1.0,TL,0.018463680639999976,0.006
10.0,2391502734613726464,-97.11603861188162,122.52130890166349,156.333775762264,0.0963215511401989,-0.900713199086468,0.997034750226667,351.07626,-21.400997,18.4682006835938,17.8246002197266,17.5625991821289,17.4379997253418,17.320499420166,17.882627,18.433983,17.190617,-99.0,1.0,0.0,19.0,-1.50845579158169,-2.64811220612623,1.0,-100130.868163263,117833.328244898,1.0,-97091.27,122529.73,NA,P,-0.429607389380531,0.542166946902655,NA,NA,NA,NA,rectangular_magnet,R10,1.0,I,10.0,N,-95.51881835648696,0.997034750226667,circular_magnet,Yel,1.0,TL,0.025463680639999976,0.006
11.0,2385362576353008384,-111.19726525192914,-140.67372658701615,179.321579529056,2.48712787416207,0.901739995988357,1.58538787817371,351.00955,-22.516466,17.513500213623,16.6364002227783,16.2766990661621,16.0918998718262,15.9696998596191,16.687567,17.34966,15.92187,-99.0,1.0,0.0,19.0,8.4055972462357,-8.04641688109536,1.0,-115207.328163263,-134262.665755102,1.0,-111223.5,-140661.16,NA,P,-0.492139380530973,-0.622394513274336,NA,NA,NA,NA,rectangular_magnet,R11,1.0,I,11.0,O,127.49806970116909,1.58538787817371,circular_magnet,Yel,1.0,TL,0.028463680639999975,0.006
12.0,2391445658793276160,7.74073809487114,106.36420057150436,106.647867731152,2.95847979145352,4.6401111199096,4.60155397872351,351.555,-21.46733,17.7523994445801,16.9874992370605,16.6895008087158,16.5729999542236,16.4766998291016,17.053204,17.638699,16.342545,-99.0,1.0,0.0,19.0,7.73060858397813,-7.83225886124042,1.0,8064.37183674097,102842.070244898,1.0,7701.57,106369.42,NA,P,0.0340777433628319,0.470661150442478,NA,NA,NA,NA,rectangular_magnet,R12,1.0,I,12.0,P,100.49159417496918,4.60155397872351,circular_magnet,Gre,1.0,TR,0.03946368063999998,0.002
13.0,2388414962365569792,110.29464158920327,12.75646680438145,111.055548411199,0.882307556444453,3.25702443311094,3.9084684305131,352.02765,-21.866978,16.8292999267578,15.7299995422363,15.2011003494263,14.9788999557495,14.8156003952026,15.714747,16.525953,14.83068,-99.0,1.0,0.0,19.0,3.97901361670977,-0.750317168477952,1.0,114883.271836738,12521.6222448984,1.0,110316.49,12790.89,NA,P,0.488126061946903,0.0565968584070796,NA,NA,NA,NA,rectangular_magnet,R13,1.0,I,13.0,Q,-140.55249921676807,3.9084684305131,circular_magnet,Gre,1.0,TL,0.04046368063999998,0.005
14.0,2391495141111578752,-41.094358525735764,115.02251275347184,122.139219535833,3.47565156912063,-1.22750612432171,4.70315769344234,351.33096,-21.431175,16.4426002502441,15.5139999389648,15.1429996490479,14.9806003570557,14.8486995697021,15.563348,16.241632,14.776414,-99.0,1.0,0.0,19.0,1.85157165037886,4.08236099916661,1.0,-42568.6681632595,111013.100244898,1.0,-41110.49,115012.68,NA,P,-0.18190482300885,0.508905663716814,NA,NA,NA,NA,rectangular_magnet,R14,1.0,I,14.0,R,70.85983403136555,4.70315769344234,circular_magnet,Gre,1.0,TR,0.018463680639999976,0.004
15.0,2385416624220969728,-86.83738626031054,-14.849797088085076,88.0656928724109,-0.736562533266307,0.169780745778961,5.37684202813432,351.11826,-21.985579,16.8649997711182,16.13330078125,15.8718996047974,15.7574996948242,15.682900428772,16.20217,16.7469,15.521031,-99.0,1.0,0.0,19.0,11.9953769879289,-6.31102877737611,1.0,-90638.8681632559,-14282.203755102,1.0,-86799.47,-14880.13,NA,P,-0.384068451327434,-0.0658412831858407,NA,NA,NA,NA,rectangular_magnet,R15,1.0,I,15.0,S,-47.798075496376384,5.37684202813432,circular_magnet,Blu,1.0,TR,0.04846368063999998,0.003
16.0,2382401866417328384,-8.794954590208818,-49.17748788168123,49.9779451381557,-0.714598615656718,1.39473773997262,4.17384895155025,351.47858,-22.133766,16.5921993255615,15.8801002502441,15.5412998199463,15.3942003250122,15.2779998779297,15.8968,16.475275,15.183487,-99.0,1.0,0.0,19.0,-2.45912476680068,-3.80778188678718,1.0,-9206.54816325555,-47772.465755102,1.0,-8753.66,-49205.37,NA,P,-0.0387330088495575,-0.217722876106195,NA,NA,NA,NA,rectangular_magnet,R16,1.0,I,16.0,T,-49.0565152769787,4.17384895155025,circular_magnet,Blu,1.0,TR,0.04946368063999998,0.006
17.0,2388386989243317760,70.31573887960374,-81.07294174164487,107.323939408369,3.86435204538434,2.28517847466926,1.57917357071508,351.84412,-22.268793,19.0543994903564,17.8243999481201,16.6938991546631,16.2122993469238,15.9499998092651,17.417103,18.71303,16.28881,-99.0,1.0,0.0,19.0,-30.7442256523771,-9.41819377793628,1.0,73405.4918367339,-78288.5677551014,1.0,70313.36,-81083.04,NA,P,0.311121061946903,-0.358774513274336,NA,NA,NA,NA,rectangular_magnet,R17,1.0,I,17.0,E,48.58893724673004,1.57917357071508,circular_magnet,Gre,1.0,TL,0.008463680639999974,0.006
18.0,2382384450325325568,49.075019538172306,-95.99889096269885,107.789061267444,1.20988154567468,2.04355246182809,5.44951439102618,351.74603,-22.33256,18.4253005981445,17.3448009490967,16.8409996032715,16.6271991729736,16.4817008972168,17.345491,18.130922,16.48271,-99.0,1.0,0.0,19.0,-12.5540788162231,-10.9403758686801,1.0,51237.1518367437,-92699.9097551019,1.0,49080.87,-95966.4,NA,P,0.217171991150443,-0.424630088495575,NA,NA,NA,NA,rectangular_magnet,R18,1.0,I,18.0,F,-159.32110627792397,5.44951439102618,circular_magnet,Gre,1.0,TR,0.03246368063999998,0.006
19.0,2391483145267518592,-81.19916856455417,68.16188171481481,105.984653683462,-0.460344114637638,-0.698500130465597,0.238156015827959,351.14578,-21.630322,18.0093002319336,17.3096008300781,17.0324001312256,16.917200088501,16.8080005645752,17.371584,17.936752,16.690166,-99.0,1.0,0.0,19.0,7.44621709413314,4.84568534219881,1.0,-84419.3481632601,66005.8782448984,1.0,-81163.85,68155.53,NA,P,-0.359132079646018,0.30157314159292,NA,NA,NA,NA,rectangular_magnet,R19,1.0,I,19.0,G,-63.6242251075768,0.238156015827959,circular_magnet,Gre,1.0,TR,0.03446368063999998,0.01
20.0,2388330020796947584,183.3807304525769,-97.35298276084535,207.641965141686,4.65381652243162,2.65338730605338,2.00042921637824,352.0263,-22.68796,18.085599899292,17.6067008972168,17.3635005950928,17.2780990600586,17.1896991729736,17.62044,18.082079,17.011377,NA,NA,NA,NA,-1.62556346732634,-3.67481060831469,1.0,114578.171836738,-173020.309755102,0.0,111503.75,-182581.03,NA,P,0.493379424778761,-0.807880663716814,NA,NA,NA,NA,rectangular_magnet,R20,1.0,I,20.0,H,3.355954636418687,2.00042921637824,circular_magnet,Mag,1.0,TL,0.03946368063999998,0.006
21.0,2382312462377593728,111.49244922019827,-182.59186930041696,213.936716764382,0.371330583406907,2.11905239221382,4.53546349837267,352.35284,-22.329788,16.7639999389648,16.3645992279053,16.2136993408203,16.1868000030518,16.1567993164063,16.39786,16.762066,15.886466,NA,NA,NA,NA,0.821084205736949,-0.274640998631973,1.0,188376.211836743,-92073.4377551019,0.0,183384.41,-97392.73,NA,P,0.811435442477876,-0.430941283185841,NA,NA,NA,NA,rectangular_magnet,R21,1.0,I,21.0,U,-111.2756752333462,4.53546349837267,circular_magnet,Mag,1.0,TR,0.014463680639999974,0.006
22.0,2391490189013813120,115.41269028663139,125.48072438801783,NA,NA,NA,NA,351.2506,-21.421366,NA,11.9776000976563,NA,NA,NA,NA,NA,NA,NA,NA,NA,NA,78.0714533562508,38.6414672538206,NA,-60730.0281632561,113229.934244898,2.0,-58702.0,117429.54,NA,G,NA,NA,170.46915382896,2.98749110200582,3.9688461544666,5.30183025471881,rectangular_magnet,R22,1.0,I,22.0,GS1,98.82936852217892,5.30183025471881,circular_magnet,Yel,1.0,TR,0.021463680639999975,0.006
23.0,2388422384069044352,160.92622276426474,-124.10034725270745,NA,NA,NA,NA,352.26358,-21.933252,NA,11.9975996017456,NA,NA,NA,NA,NA,NA,NA,NA,NA,NA,18.614339052815,-47.9581933914058,NA,168203.451836737,-2456.30175510162,2.0,162655.61,-2939.57,NA,G,NA,NA,203.224244135396,0.564510908490124,2.4848351889205,4.36286102674921,rectangular_magnet,R23,1.0,I,23.0,GS2,-122.34409254558022,4.36286102674921,circular_magnet,Mag,1.0,TR,0.030463680639999977,0.006
24.0,2385369315156805120,-102.39426772313695,-121.30813431377446,NA,NA,NA,NA,351.04855,-22.436876,NA,12.1532001495361,NA,NA,NA,NA,NA,NA,NA,NA,NA,NA,32.480798058487,-46.2295130411374,NA,-106393.328163266,-116275.325755102,2.0,-102375.57,-121338.86,NA,G,NA,NA,158.757287325415,5.09146214081954,0.869961624088277,4.22150051673126,rectangular_magnet,R24,1.0,I,24.0,GS3,-21.719292219602323,4.22150051673126,circular_magnet,Yel,1.0,TR,0.03546368063999998,0.006
25.0,2388387401559966208,-61.58350891908586,187.45434906346114,NA,NA,NA,NA,351.9347,-22.224596,NA,12.2288999557495,NA,NA,NA,NA,NA,NA,NA,NA,NA,NA,19.4450324037153,23.23215179311,NA,93876.5718367441,-68300.0457551013,2.0,90014.83,-70856.8,NA,G,NA,NA,197.297937939768,0.506619588952287,-1.25343559627432,1.76005518522661,rectangular_magnet,R25,1.0,I,25.0,GS4,-119.02716426561858,1.76005518522661,circular_magnet,Mag,1.0,TL,0.008463680639999974,-0.015
26.0,2388322255496023296,135.6380814303092,98.56571758822489,NA,NA,NA,NA,352.2521,-22.44297,NA,12.3859996795654,NA,NA,NA,NA,NA,NA,NA,NA,NA,NA,72.5003253270166,6.21505551121076,NA,165608.971836736,-117652.569755101,2.0,160948.75,-124078.98,NA,G,NA,NA,167.672460970687,5.97468956098046,3.76987344225944,2.20481611872102,rectangular_magnet,R26,1.0,I,26.0,GS5,-72.32449574505134,2.20481611872102,circular_magnet,Yel,1.0,TL,0.019463680639999974,-0.01
27.0,2388389875461128448,-175.2826323217594,60.294135510404445,NA,NA,NA,NA,352.00018,-22.126026,NA,13.2312002182007,NA,NA,NA,NA,NA,NA,NA,NA,NA,NA,21.5866191413468,-8.62277343828654,NA,108675.051836739,-46023.2257551016,2.0,104257.65,-47822.4,NA,G,NA,NA,185.40558255223,2.1201899771448,-0.331452193632694,2.45164217077749,rectangular_magnet,R27,1.0,I,27.0,GS6,148.52206254366473,2.45164217077749,circular_magnet,Yel,1.0,TR,0.05046368063999998,0.006
NA,Sky-A1-1,-226.46104,82.44066,NA,NA,NA,NA,350.5046221,-21.575727051,NA,NA,NA,NA,NA,NA,NA,NA,NA,NA,NA,NA,NA,NA,NA,NA,NA,NA,-226461.04,82440.66,1.0,S,-1.00204,0.364781681415929,NA,NA,NA,NA,NA,NA,NA,NA,NA,NA,NA,NA,NA,NA,NA,NA,NA,NA
NA,Sky-A1-2,-222.23219,93.24117,NA,NA,NA,NA,350.5238905,-21.530845124,NA,NA,NA,NA,NA,NA,NA,NA,NA,NA,NA,NA,NA,NA,NA,NA,NA,NA,-222232.19,93241.17,1.0,S,-0.983328274336283,0.412571548672566,NA,NA,NA,NA,NA,NA,NA,NA,NA,NA,NA,NA,NA,NA,NA,NA,NA,NA
NA,Sky-A1-3,-217.48859,103.8257,NA,NA,NA,NA,350.5454473,-21.486873114,NA,NA,NA,NA,NA,NA,NA,NA,NA,NA,NA,NA,NA,NA,NA,NA,NA,NA,-217488.59,103825.7,1.0,S,-0.96233889380531,0.459405752212389,NA,NA,NA,NA,NA,NA,NA,NA,NA,NA,NA,NA,NA,NA,NA,NA,NA,NA
NA,Sky-A1-4,-212.24121,114.16975,NA,NA,NA,NA,350.5692411,-21.443912109,NA,NA,NA,NA,NA,NA,NA,NA,NA,NA,NA,NA,NA,NA,NA,NA,NA,NA,-212241.21,114169.75,1.0,S,-0.939120398230089,0.505175884955752,NA,NA,NA,NA,NA,NA,NA,NA,NA,NA,NA,NA,NA,NA,NA,NA,NA,NA
NA,Sky-A1-5,-206.50222,124.24934,NA,NA,NA,NA,350.5952154,-21.402060948,NA,NA,NA,NA,NA,NA,NA,NA,NA,NA,NA,NA,NA,NA,NA,NA,NA,NA,-206502.22,124249.34,1.0,S,-0.913726637168142,0.549775840707965,NA,NA,NA,NA,NA,NA,NA,NA,NA,NA,NA,NA,NA,NA,NA,NA,NA,NA
NA,Sky-A1-6,-200.2849,134.04112,NA,NA,NA,NA,350.6233088,-21.361415768,NA,NA,NA,NA,NA,NA,NA,NA,NA,NA,NA,NA,NA,NA,NA,NA,NA,NA,-200284.9,134041.12,1.0,S,-0.886216371681416,0.593102300884956,NA,NA,NA,NA,NA,NA,NA,NA,NA,NA,NA,NA,NA,NA,NA,NA,NA,NA
NA,Sky-A1-7,-191.99688,142.3313,NA,NA,NA,NA,350.6601454,-21.32674437,NA,NA,NA,NA,NA,NA,NA,NA,NA,NA,NA,NA,NA,NA,NA,NA,NA,NA,-191996.88,142331.3,2.0,S,-0.849543716814159,0.629784513274336,NA,NA,NA,NA,NA,NA,NA,NA,NA,NA,NA,NA,NA,NA,NA,NA,NA,NA
NA,Sky-A2-1,-3.01251,240.9813,NA,NA,NA,NA,351.5064649,-20.918385448,NA,NA,NA,NA,NA,NA,NA,NA,NA,NA,NA,NA,NA,NA,NA,NA,NA,NA,-3012.51,240981.3,1.0,S,-0.0133296902654867,1.0662889380531,NA,NA,NA,NA,NA,NA,NA,NA,NA,NA,NA,NA,NA,NA,NA,NA,NA,NA
NA,Sky-A2-2,8.5856,240.84715,NA,NA,NA,NA,351.5582126,-20.918960513,NA,NA,NA,NA,NA,NA,NA,NA,NA,NA,NA,NA,NA,NA,NA,NA,NA,NA,8585.6,240847.15,1.0,S,0.0379893805309735,1.0656953539823,NA,NA,NA,NA,NA,NA,NA,NA,NA,NA,NA,NA,NA,NA,NA,NA,NA,NA
NA,Sky-A2-3,20.16382,240.15512,NA,NA,NA,NA,351.6098704,-20.921844967,NA,NA,NA,NA,NA,NA,NA,NA,NA,NA,NA,NA,NA,NA,NA,NA,NA,NA,20163.82,240155.12,1.0,S,0.0892204424778761,1.06263327433628,NA,NA,NA,NA,NA,NA,NA,NA,NA,NA,NA,NA,NA,NA,NA,NA,NA,NA
NA,Sky-A2-4,31.69534,238.90682,NA,NA,NA,NA,351.6613209,-20.927032114,NA,NA,NA,NA,NA,NA,NA,NA,NA,NA,NA,NA,NA,NA,NA,NA,NA,NA,31695.34,238906.82,1.0,S,0.140244867256637,1.05710982300885,NA,NA,NA,NA,NA,NA,NA,NA,NA,NA,NA,NA,NA,NA,NA,NA,NA,NA
NA,Sky-A2-5,43.15344,237.10513,NA,NA,NA,NA,351.7124471,-20.934510086,NA,NA,NA,NA,NA,NA,NA,NA,NA,NA,NA,NA,NA,NA,NA,NA,NA,NA,43153.44,237105.13,1.0,S,0.190944424778761,1.04913774336283,NA,NA,NA,NA,NA,NA,NA,NA,NA,NA,NA,NA,NA,NA,NA,NA,NA,NA
NA,Sky-A2-6,54.51158,234.75423,NA,NA,NA,NA,351.7631328,-20.944261726,NA,NA,NA,NA,NA,NA,NA,NA,NA,NA,NA,NA,NA,NA,NA,NA,NA,NA,54511.58,234754.23,1.0,S,0.241201681415929,1.03873553097345,NA,NA,NA,NA,NA,NA,NA,NA,NA,NA,NA,NA,NA,NA,NA,NA,NA,NA
NA,Sky-A2-7,65.19784,229.9353,NA,NA,NA,NA,351.8109973,-20.963760778,NA,NA,NA,NA,NA,NA,NA,NA,NA,NA,NA,NA,NA,NA,NA,NA,NA,NA,65197.84,229935.3,2.0,S,0.288486017699115,1.01741283185841,NA,NA,NA,NA,NA,NA,NA,NA,NA,NA,NA,NA,NA,NA,NA,NA,NA,NA
NA,Sky-A3-1,231.67752,66.38214,NA,NA,NA,NA,352.5576218,-21.642854342,NA,NA,NA,NA,NA,NA,NA,NA,NA,NA,NA,NA,NA,NA,NA,NA,NA,NA,231677.52,66382.14,1.0,S,1.0251217699115,0.293726283185841,NA,NA,NA,NA,NA,NA,NA,NA,NA,NA,NA,NA,NA,NA,NA,NA,NA,NA
NA,Sky-A3-2,234.60313,55.15828,NA,NA,NA,NA,352.5710145,-21.689505842,NA,NA,NA,NA,NA,NA,NA,NA,NA,NA,NA,NA,NA,NA,NA,NA,NA,NA,234603.13,55158.28,1.0,S,1.03806694690265,0.244063185840708,NA,NA,NA,NA,NA,NA,NA,NA,NA,NA,NA,NA,NA,NA,NA,NA,NA,NA
NA,Sky-A3-3,235.0185,43.4431,NA,NA,NA,NA,352.5737583,-21.738165751,NA,NA,NA,NA,NA,NA,NA,NA,NA,NA,NA,NA,NA,NA,NA,NA,NA,NA,235018.5,43443.1,2.0,S,1.03990486725664,0.19222610619469,NA,NA,NA,NA,NA,NA,NA,NA,NA,NA,NA,NA,NA,NA,NA,NA,NA,NA
NA,Sky-A3-4,238.81857,32.35357,NA,NA,NA,NA,352.5905006,-21.78432985,NA,NA,NA,NA,NA,NA,NA,NA,NA,NA,NA,NA,NA,NA,NA,NA,NA,NA,238818.57,32353.57,1.0,S,1.05671933628319,0.143157389380531,NA,NA,NA,NA,NA,NA,NA,NA,NA,NA,NA,NA,NA,NA,NA,NA,NA,NA
NA,Sky-A3-5,240.09865,20.82553,NA,NA,NA,NA,352.5965446,-21.832283751,NA,NA,NA,NA,NA,NA,NA,NA,NA,NA,NA,NA,NA,NA,NA,NA,NA,NA,240098.65,20825.53,1.0,S,1.06238340707965,0.0921483628318584,NA,NA,NA,NA,NA,NA,NA,NA,NA,NA,NA,NA,NA,NA,NA,NA,NA,NA
NA,Sky-A3-6,240.82258,9.24926,NA,NA,NA,NA,352.6000991,-21.880451516,NA,NA,NA,NA,NA,NA,NA,NA,NA,NA,NA,NA,NA,NA,NA,NA,NA,NA,240822.58,9249.26,1.0,S,1.06558663716814,0.0409259292035398,NA,NA,NA,NA,NA,NA,NA,NA,NA,NA,NA,NA,NA,NA,NA,NA,NA,NA
NA,Sky-A3-7,238.98865,2.32895,NA,NA,NA,NA,352.5926472,-21.90930117,NA,NA,NA,NA,NA,NA,NA,NA,NA,NA,NA,NA,NA,NA,NA,NA,NA,NA,238988.65,2328.95,2.0,S,1.05747190265487,0.0103050884955752,NA,NA,NA,NA,NA,NA,NA,NA,NA,NA,NA,NA,NA,NA,NA,NA,NA,NA
NA,Sky-A4-1,210.21182,-117.86456,NA,NA,NA,NA,352.4657168,-22.410275612,NA,NA,NA,NA,NA,NA,NA,NA,NA,NA,NA,NA,NA,NA,NA,NA,NA,NA,210211.82,-117864.56,1.0,S,0.930140796460177,-0.521524601769911,NA,NA,NA,NA,NA,NA,NA,NA,NA,NA,NA,NA,NA,NA,NA,NA,NA,NA
NA,Sky-A4-2,204.2974,-127.84223,NA,NA,NA,NA,352.4393166,-22.451938144,NA,NA,NA,NA,NA,NA,NA,NA,NA,NA,NA,NA,NA,NA,NA,NA,NA,NA,204297.4,-127842.23,1.0,S,0.903970796460177,-0.565673584070796,NA,NA,NA,NA,NA,NA,NA,NA,NA,NA,NA,NA,NA,NA,NA,NA,NA,NA
NA,Sky-A4-3,197.90977,-137.52377,NA,NA,NA,NA,352.4107635,-22.492375099,NA,NA,NA,NA,NA,NA,NA,NA,NA,NA,NA,NA,NA,NA,NA,NA,NA,NA,197909.77,-137523.77,1.0,S,0.875706946902655,-0.608512256637168,NA,NA,NA,NA,NA,NA,NA,NA,NA,NA,NA,NA,NA,NA,NA,NA,NA,NA
NA,Sky-A4-4,191.06371,-146.88677,NA,NA,NA,NA,352.3801225,-22.531491991,NA,NA,NA,NA,NA,NA,NA,NA,NA,NA,NA,NA,NA,NA,NA,NA,NA,NA,191063.71,-146886.77,1.0,S,0.845414646017699,-0.649941460176991,NA,NA,NA,NA,NA,NA,NA,NA,NA,NA,NA,NA,NA,NA,NA,NA,NA,NA
NA,Sky-A4-5,183.77509,-155.90952,NA,NA,NA,NA,352.3474637,-22.569197187,NA,NA,NA,NA,NA,NA,NA,NA,NA,NA,NA,NA,NA,NA,NA,NA,NA,NA,183775.09,-155909.52,1.0,S,0.813164115044248,-0.689865132743363,NA,NA,NA,NA,NA,NA,NA,NA,NA,NA,NA,NA,NA,NA,NA,NA,NA,NA
NA,Sky-A4-6,174.59961,-163.20532,NA,NA,NA,NA,352.3066857,-22.600127208,NA,NA,NA,NA,NA,NA,NA,NA,NA,NA,NA,NA,NA,NA,NA,NA,NA,NA,174599.61,-163205.32,2.0,S,0.772564646017699,-0.722147433628319,NA,NA,NA,NA,NA,NA,NA,NA,NA,NA,NA,NA,NA,NA,NA,NA,NA,NA
NA,Sky-A4-7,167.93867,-172.85157,NA,NA,NA,NA,352.2763971,-22.640022932,NA,NA,NA,NA,NA,NA,NA,NA,NA,NA,NA,NA,NA,NA,NA,NA,NA,NA,167938.67,-172851.57,1.0,S,0.743091460176991,-0.764829955752212,NA,NA,NA,NA,NA,NA,NA,NA,NA,NA,NA,NA,NA,NA,NA,NA,NA,NA
NA,Sky-A5-1,-148.4702,-189.83588,NA,NA,NA,NA,350.8486027,-22.711220916,NA,NA,NA,NA,NA,NA,NA,NA,NA,NA,NA,NA,NA,NA,NA,NA,NA,NA,-148470.2,-189835.88,1.0,S,-0.656947787610619,-0.839981769911504,NA,NA,NA,NA,NA,NA,NA,NA,NA,NA,NA,NA,NA,NA,NA,NA,NA,NA
NA,Sky-A5-2,-157.43205,-182.47249,NA,NA,NA,NA,350.8083006,-22.680415719,NA,NA,NA,NA,NA,NA,NA,NA,NA,NA,NA,NA,NA,NA,NA,NA,NA,NA,-157432.05,-182472.49,1.0,S,-0.696601991150442,-0.807400398230088,NA,NA,NA,NA,NA,NA,NA,NA,NA,NA,NA,NA,NA,NA,NA,NA,NA,NA
NA,Sky-A5-3,-163.27348,-171.78699,NA,NA,NA,NA,350.7813593,-22.636619264,NA,NA,NA,NA,NA,NA,NA,NA,NA,NA,NA,NA,NA,NA,NA,NA,NA,NA,-163273.48,-171786.99,3.0,S,-0.722449026548673,-0.760119424778761,NA,NA,NA,NA,NA,NA,NA,NA,NA,NA,NA,NA,NA,NA,NA,NA,NA,NA
NA,Sky-A5-4,-174.24185,-166.49577,NA,NA,NA,NA,350.7327999,-22.613592899,NA,NA,NA,NA,NA,NA,NA,NA,NA,NA,NA,NA,NA,NA,NA,NA,NA,NA,-174241.85,-166495.77,1.0,S,-0.770981637168142,-0.736706946902655,NA,NA,NA,NA,NA,NA,NA,NA,NA,NA,NA,NA,NA,NA,NA,NA,NA,NA
NA,Sky-A5-5,-182.05086,-157.91943,NA,NA,NA,NA,350.6977764,-22.57773205,NA,NA,NA,NA,NA,NA,NA,NA,NA,NA,NA,NA,NA,NA,NA,NA,NA,NA,-182050.86,-157919.43,1.0,S,-0.805534778761062,-0.698758539823009,NA,NA,NA,NA,NA,NA,NA,NA,NA,NA,NA,NA,NA,NA,NA,NA,NA,NA
NA,Sky-A5-6,-189.43818,-148.97731,NA,NA,NA,NA,350.6646803,-22.540349205,NA,NA,NA,NA,NA,NA,NA,NA,NA,NA,NA,NA,NA,NA,NA,NA,NA,NA,-189438.18,-148977.31,1.0,S,-0.83822203539823,-0.659191637168142,NA,NA,NA,NA,NA,NA,NA,NA,NA,NA,NA,NA,NA,NA,NA,NA,NA,NA
NA,Sky-A5-7,-194.75684,-138.53077,NA,NA,NA,NA,350.6404813,-22.497061354,NA,NA,NA,NA,NA,NA,NA,NA,NA,NA,NA,NA,NA,NA,NA,NA,NA,NA,-194756.84,-138530.77,2.0,S,-0.86175592920354,-0.612968008849557,NA,NA,NA,NA,NA,NA,NA,NA,NA,NA,NA,NA,NA,NA,NA,NA,NA,NA
NA,Sky-H1-1,-181.17025,158.92893,NA,NA,NA,NA,350.7094614,-21.258157478,NA,NA,NA,NA,NA,NA,NA,NA,NA,NA,NA,NA,NA,NA,NA,NA,NA,NA,-181170.25,158928.93,1.0,S,-0.801638274336283,0.703225353982301,NA,NA,NA,NA,NA,NA,NA,NA,NA,NA,NA,NA,NA,NA,NA,NA,NA,NA
NA,Sky-H1-2,-173.31368,167.46173,NA,NA,NA,NA,350.7447994,-21.222772204,NA,NA,NA,NA,NA,NA,NA,NA,NA,NA,NA,NA,NA,NA,NA,NA,NA,NA,-173313.68,167461.73,1.0,S,-0.766874690265487,0.74098110619469,NA,NA,NA,NA,NA,NA,NA,NA,NA,NA,NA,NA,NA,NA,NA,NA,NA,NA
NA,Sky-H1-3,-165.05567,175.60663,NA,NA,NA,NA,350.7819071,-21.189003879,NA,NA,NA,NA,NA,NA,NA,NA,NA,NA,NA,NA,NA,NA,NA,NA,NA,NA,-165055.67,175606.63,1.0,S,-0.73033482300885,0.777020486725664,NA,NA,NA,NA,NA,NA,NA,NA,NA,NA,NA,NA,NA,NA,NA,NA,NA,NA
NA,Sky-H1-4,-156.41534,183.34477,NA,NA,NA,NA,350.8206988,-21.156929726,NA,NA,NA,NA,NA,NA,NA,NA,NA,NA,NA,NA,NA,NA,NA,NA,NA,NA,-156415.34,183344.77,1.0,S,-0.692103274336283,0.811260044247788,NA,NA,NA,NA,NA,NA,NA,NA,NA,NA,NA,NA,NA,NA,NA,NA,NA,NA
NA,Sky-H1-5,-147.4127,190.65822,NA,NA,NA,NA,350.8610848,-21.126623096,NA,NA,NA,NA,NA,NA,NA,NA,NA,NA,NA,NA,NA,NA,NA,NA,NA,NA,-147412.7,190658.22,1.0,S,-0.652268584070796,0.843620442477876,NA,NA,NA,NA,NA,NA,NA,NA,NA,NA,NA,NA,NA,NA,NA,NA,NA,NA
NA,Sky-H1-6,-138.06861,197.53006,NA,NA,NA,NA,350.9029719,-21.09815315,NA,NA,NA,NA,NA,NA,NA,NA,NA,NA,NA,NA,NA,NA,NA,NA,NA,NA,-138068.61,197530.06,1.0,S,-0.610923053097345,0.874026814159292,NA,NA,NA,NA,NA,NA,NA,NA,NA,NA,NA,NA,NA,NA,NA,NA,NA,NA
NA,Sky-H1-7,-128.4047,203.94434,NA,NA,NA,NA,350.9462638,-21.071585023,NA,NA,NA,NA,NA,NA,NA,NA,NA,NA,NA,NA,NA,NA,NA,NA,NA,NA,-128404.7,203944.34,1.0,S,-0.568162389380531,0.902408584070796,NA,NA,NA,NA,NA,NA,NA,NA,NA,NA,NA,NA,NA,NA,NA,NA,NA,NA
NA,Sky-H1-8,-118.44464,209.88551,NA,NA,NA,NA,350.9908554,-21.046982213,NA,NA,NA,NA,NA,NA,NA,NA,NA,NA,NA,NA,NA,NA,NA,NA,NA,NA,-118444.64,209885.51,1.0,S,-0.524091327433628,0.928696946902655,NA,NA,NA,NA,NA,NA,NA,NA,NA,NA,NA,NA,NA,NA,NA,NA,NA,NA
NA,Sky-H2-1,-100.81652,218.89973,NA,NA,NA,NA,351.0697195,-21.009665358,NA,NA,NA,NA,NA,NA,NA,NA,NA,NA,NA,NA,NA,NA,NA,NA,NA,NA,-100816.52,218899.73,1.0,S,-0.446090796460177,0.968582876106195,NA,NA,NA,NA,NA,NA,NA,NA,NA,NA,NA,NA,NA,NA,NA,NA,NA,NA
NA,Sky-H2-2,-90.16757,223.49692,NA,NA,NA,NA,351.11733,-20.990640339,NA,NA,NA,NA,NA,NA,NA,NA,NA,NA,NA,NA,NA,NA,NA,NA,NA,NA,-90167.57,223496.92,1.0,S,-0.398971548672566,0.988924424778761,NA,NA,NA,NA,NA,NA,NA,NA,NA,NA,NA,NA,NA,NA,NA,NA,NA,NA
NA,Sky-H2-3,-79.30977,227.57641,NA,NA,NA,NA,351.1658542,-20.973762192,NA,NA,NA,NA,NA,NA,NA,NA,NA,NA,NA,NA,NA,NA,NA,NA,NA,NA,-79309.77,227576.41,1.0,S,-0.350928185840708,1.00697526548673,NA,NA,NA,NA,NA,NA,NA,NA,NA,NA,NA,NA,NA,NA,NA,NA,NA,NA
NA,Sky-H2-4,-68.26826,231.12877,NA,NA,NA,NA,351.2151815,-20.959069243,NA,NA,NA,NA,NA,NA,NA,NA,NA,NA,NA,NA,NA,NA,NA,NA,NA,NA,-68268.26,231128.77,1.0,S,-0.302071946902655,1.02269367256637,NA,NA,NA,NA,NA,NA,NA,NA,NA,NA,NA,NA,NA,NA,NA,NA,NA,NA
NA,Sky-H2-5,-57.06862,234.14576,NA,NA,NA,NA,351.2651993,-20.946594947,NA,NA,NA,NA,NA,NA,NA,NA,NA,NA,NA,NA,NA,NA,NA,NA,NA,NA,-57068.62,234145.76,1.0,S,-0.252516017699115,1.03604318584071,NA,NA,NA,NA,NA,NA,NA,NA,NA,NA,NA,NA,NA,NA,NA,NA,NA,NA
NA,Sky-H2-6,-44.97765,232.69295,NA,NA,NA,NA,351.3189337,-20.951683542,NA,NA,NA,NA,NA,NA,NA,NA,NA,NA,NA,NA,NA,NA,NA,NA,NA,NA,-44977.65,232692.95,3.0,S,-0.199016150442478,1.02961482300885,NA,NA,NA,NA,NA,NA,NA,NA,NA,NA,NA,NA,NA,NA,NA,NA,NA,NA
NA,Sky-H2-7,-34.29902,238.54693,NA,NA,NA,NA,351.3668495,-20.928410548,NA,NA,NA,NA,NA,NA,NA,NA,NA,NA,NA,NA,NA,NA,NA,NA,NA,NA,-34299.02,238546.93,1.0,S,-0.151765575221239,1.05551738938053,NA,NA,NA,NA,NA,NA,NA,NA,NA,NA,NA,NA,NA,NA,NA,NA,NA,NA
NA,Sky-H2-8,-22.78326,239.92079,NA,NA,NA,NA,351.418244,-20.92274221,NA,NA,NA,NA,NA,NA,NA,NA,NA,NA,NA,NA,NA,NA,NA,NA,NA,NA,-22783.26,239920.79,1.0,S,-0.100810884955752,1.0615964159292,NA,NA,NA,NA,NA,NA,NA,NA,NA,NA,NA,NA,NA,NA,NA,NA,NA,NA
NA,Sky-H3-1,184.61356,154.91577,NA,NA,NA,NA,352.3450617,-21.27526811,NA,NA,NA,NA,NA,NA,NA,NA,NA,NA,NA,NA,NA,NA,NA,NA,NA,NA,184613.56,154915.77,1.0,S,0.816874159292035,0.685468008849557,NA,NA,NA,NA,NA,NA,NA,NA,NA,NA,NA,NA,NA,NA,NA,NA,NA,NA
NA,Sky-H3-2,191.8534,145.85382,NA,NA,NA,NA,352.3776034,-21.312861955,NA,NA,NA,NA,NA,NA,NA,NA,NA,NA,NA,NA,NA,NA,NA,NA,NA,NA,191853.4,145853.82,1.0,S,0.848908849557522,0.645370884955752,NA,NA,NA,NA,NA,NA,NA,NA,NA,NA,NA,NA,NA,NA,NA,NA,NA,NA
NA,Sky-H3-3,198.64884,136.45402,NA,NA,NA,NA,352.4081802,-21.351864386,NA,NA,NA,NA,NA,NA,NA,NA,NA,NA,NA,NA,NA,NA,NA,NA,NA,NA,198648.84,136454.02,1.0,S,0.878977168141593,0.603778849557522,NA,NA,NA,NA,NA,NA,NA,NA,NA,NA,NA,NA,NA,NA,NA,NA,NA,NA
NA,Sky-H3-4,204.98415,126.73816,NA,NA,NA,NA,352.4367207,-21.392185959,NA,NA,NA,NA,NA,NA,NA,NA,NA,NA,NA,NA,NA,NA,NA,NA,NA,NA,204984.15,126738.16,1.0,S,0.907009513274336,0.560788318584071,NA,NA,NA,NA,NA,NA,NA,NA,NA,NA,NA,NA,NA,NA,NA,NA,NA,NA
NA,Sky-H3-5,210.84465,116.72873,NA,NA,NA,NA,352.463158,-21.43373428,NA,NA,NA,NA,NA,NA,NA,NA,NA,NA,NA,NA,NA,NA,NA,NA,NA,NA,210844.65,116728.73,1.0,S,0.93294092920354,0.516498805309734,NA,NA,NA,NA,NA,NA,NA,NA,NA,NA,NA,NA,NA,NA,NA,NA,NA,NA
NA,Sky-H3-6,216.21677,106.44891,NA,NA,NA,NA,352.48743,-21.476414052,NA,NA,NA,NA,NA,NA,NA,NA,NA,NA,NA,NA,NA,NA,NA,NA,NA,NA,216216.77,106448.91,1.0,S,0.956711371681416,0.471012876106195,NA,NA,NA,NA,NA,NA,NA,NA,NA,NA,NA,NA,NA,NA,NA,NA,NA,NA
NA,Sky-H3-7,221.08806,95.92253,NA,NA,NA,NA,352.5094793,-21.520127217,NA,NA,NA,NA,NA,NA,NA,NA,NA,NA,NA,NA,NA,NA,NA,NA,NA,NA,221088.06,95922.53,1.0,S,0.978265752212389,0.424435973451327,NA,NA,NA,NA,NA,NA,NA,NA,NA,NA,NA,NA,NA,NA,NA,NA,NA,NA
NA,Sky-H3-8,225.44672,85.17533,NA,NA,NA,NA,352.5292512,-21.564767721,NA,NA,NA,NA,NA,NA,NA,NA,NA,NA,NA,NA,NA,NA,NA,NA,NA,NA,225446.72,85175.33,1.0,S,0.99755185840708,0.376881991150442,NA,NA,NA,NA,NA,NA,NA,NA,NA,NA,NA,NA,NA,NA,NA,NA,NA,NA
NA,Sky-H4-1,239.9828,-22.12059,NA,NA,NA,NA,352.597166,-22.011046372,NA,NA,NA,NA,NA,NA,NA,NA,NA,NA,NA,NA,NA,NA,NA,NA,NA,NA,239982.8,-22120.59,1.0,S,1.06187079646018,-0.0978787168141593,NA,NA,NA,NA,NA,NA,NA,NA,NA,NA,NA,NA,NA,NA,NA,NA,NA,NA
NA,Sky-H4-2,238.64054,-33.64155,NA,NA,NA,NA,352.591445,-22.059034248,NA,NA,NA,NA,NA,NA,NA,NA,NA,NA,NA,NA,NA,NA,NA,NA,NA,NA,238640.54,-33641.55,1.0,S,1.05593159292035,-0.148856415929204,NA,NA,NA,NA,NA,NA,NA,NA,NA,NA,NA,NA,NA,NA,NA,NA,NA,NA
NA,Sky-H4-3,234.7807,-44.71042,NA,NA,NA,NA,352.574982,-22.105309681,NA,NA,NA,NA,NA,NA,NA,NA,NA,NA,NA,NA,NA,NA,NA,NA,NA,NA,234780.7,-44710.42,2.0,S,1.03885265486726,-0.197833716814159,NA,NA,NA,NA,NA,NA,NA,NA,NA,NA,NA,NA,NA,NA,NA,NA,NA,NA
NA,Sky-H4-4,234.30213,-56.42319,NA,NA,NA,NA,352.5725538,-22.153966727,NA,NA,NA,NA,NA,NA,NA,NA,NA,NA,NA,NA,NA,NA,NA,NA,NA,NA,234302.13,-56423.19,1.0,S,1.03673508849558,-0.249660132743363,NA,NA,NA,NA,NA,NA,NA,NA,NA,NA,NA,NA,NA,NA,NA,NA,NA,NA
NA,Sky-H4-5,231.31601,-67.6311,NA,NA,NA,NA,352.5594228,-22.200690973,NA,NA,NA,NA,NA,NA,NA,NA,NA,NA,NA,NA,NA,NA,NA,NA,NA,NA,231316.01,-67631.1,1.0,S,1.02352216814159,-0.299252654867257,NA,NA,NA,NA,NA,NA,NA,NA,NA,NA,NA,NA,NA,NA,NA,NA,NA,NA
NA,Sky-H4-6,227.79409,-78.68236,NA,NA,NA,NA,352.5438705,-22.246775397,NA,NA,NA,NA,NA,NA,NA,NA,NA,NA,NA,NA,NA,NA,NA,NA,NA,NA,227794.09,-78682.36,1.0,S,1.00793845132743,-0.34815203539823,NA,NA,NA,NA,NA,NA,NA,NA,NA,NA,NA,NA,NA,NA,NA,NA,NA,NA
NA,Sky-H4-7,223.74453,-89.55136,NA,NA,NA,NA,352.525931,-22.292112739,NA,NA,NA,NA,NA,NA,NA,NA,NA,NA,NA,NA,NA,NA,NA,NA,NA,NA,223744.53,-89551.36,1.0,S,0.990020044247788,-0.396244955752212,NA,NA,NA,NA,NA,NA,NA,NA,NA,NA,NA,NA,NA,NA,NA,NA,NA,NA
NA,Sky-H4-8,217.3583,-99.37992,NA,NA,NA,NA,352.4979836,-22.333406245,NA,NA,NA,NA,NA,NA,NA,NA,NA,NA,NA,NA,NA,NA,NA,NA,NA,NA,217358.3,-99379.92,2.0,S,0.961762389380531,-0.439734159292035,NA,NA,NA,NA,NA,NA,NA,NA,NA,NA,NA,NA,NA,NA,NA,NA,NA,NA
NA,Sky-H5-1,41.83481,-237.34134,NA,NA,NA,NA,351.7078142,-22.909984263,NA,NA,NA,NA,NA,NA,NA,NA,NA,NA,NA,NA,NA,NA,NA,NA,NA,NA,41834.81,-237341.34,1.0,S,0.185109778761062,-1.05018292035398,NA,NA,NA,NA,NA,NA,NA,NA,NA,NA,NA,NA,NA,NA,NA,NA,NA,NA
NA,Sky-H5-2,30.36687,-239.07931,NA,NA,NA,NA,351.6559908,-22.917273551,NA,NA,NA,NA,NA,NA,NA,NA,NA,NA,NA,NA,NA,NA,NA,NA,NA,NA,30366.87,-239079.31,1.0,S,0.134366681415929,-1.05787305309735,NA,NA,NA,NA,NA,NA,NA,NA,NA,NA,NA,NA,NA,NA,NA,NA,NA,NA
NA,Sky-H5-3,18.8286,-240.26349,NA,NA,NA,NA,351.6038429,-22.922243477,NA,NA,NA,NA,NA,NA,NA,NA,NA,NA,NA,NA,NA,NA,NA,NA,NA,NA,18828.6,-240263.49,1.0,S,0.083312389380531,-1.06311278761062,NA,NA,NA,NA,NA,NA,NA,NA,NA,NA,NA,NA,NA,NA,NA,NA,NA,NA
NA,Sky-H5-4,7.2467,-240.89115,NA,NA,NA,NA,351.5514938,-22.924882262,NA,NA,NA,NA,NA,NA,NA,NA,NA,NA,NA,NA,NA,NA,NA,NA,NA,NA,7246.7,-240891.15,1.0,S,0.0320650442477876,-1.06589004424779,NA,NA,NA,NA,NA,NA,NA,NA,NA,NA,NA,NA,NA,NA,NA,NA,NA,NA
NA,Sky-H5-5,-4.35197,-240.96083,NA,NA,NA,NA,351.4990671,-22.925183552,NA,NA,NA,NA,NA,NA,NA,NA,NA,NA,NA,NA,NA,NA,NA,NA,NA,NA,-4351.97,-240960.83,1.0,S,-0.0192565044247788,-1.06619836283186,NA,NA,NA,NA,NA,NA,NA,NA,NA,NA,NA,NA,NA,NA,NA,NA,NA,NA
NA,Sky-H5-6,-15.94057,-240.47237,NA,NA,NA,NA,351.4466867,-22.923146537,NA,NA,NA,NA,NA,NA,NA,NA,NA,NA,NA,NA,NA,NA,NA,NA,NA,NA,-15940.57,-240472.37,1.0,S,-0.0705334955752212,-1.06403703539823,NA,NA,NA,NA,NA,NA,NA,NA,NA,NA,NA,NA,NA,NA,NA,NA,NA,NA
NA,Sky-H5-7,-27.49224,-239.4269,NA,NA,NA,NA,351.3944765,-22.918775918,NA,NA,NA,NA,NA,NA,NA,NA,NA,NA,NA,NA,NA,NA,NA,NA,NA,NA,-27492.24,-239426.9,1.0,S,-0.121647079646018,-1.0594110619469,NA,NA,NA,NA,NA,NA,NA,NA,NA,NA,NA,NA,NA,NA,NA,NA,NA,NA
NA,Sky-H5-8,-38.97879,-237.82707,NA,NA,NA,NA,351.3425662,-22.912082868,NA,NA,NA,NA,NA,NA,NA,NA,NA,NA,NA,NA,NA,NA,NA,NA,NA,NA,-38978.79,-237827.07,1.0,S,-0.172472522123894,-1.05233216814159,NA,NA,NA,NA,NA,NA,NA,NA,NA,NA,NA,NA,NA,NA,NA,NA,NA,NA
NA,Sky-H6-1,-58.36925,-233.82492,NA,NA,NA,NA,351.2549565,-22.895332652,NA,NA,NA,NA,NA,NA,NA,NA,NA,NA,NA,NA,NA,NA,NA,NA,NA,NA,-58369.25,-233824.92,1.0,S,-0.258271017699115,-1.03462353982301,NA,NA,NA,NA,NA,NA,NA,NA,NA,NA,NA,NA,NA,NA,NA,NA,NA,NA
NA,Sky-H6-2,-69.55194,-230.74573,NA,NA,NA,NA,351.2044467,-22.88244313,NA,NA,NA,NA,NA,NA,NA,NA,NA,NA,NA,NA,NA,NA,NA,NA,NA,NA,-69551.94,-230745.73,1.0,S,-0.307751946902655,-1.02099880530973,NA,NA,NA,NA,NA,NA,NA,NA,NA,NA,NA,NA,NA,NA,NA,NA,NA,NA
NA,Sky-H6-3,-80.57354,-227.13205,NA,NA,NA,NA,351.154679,-22.867315552,NA,NA,NA,NA,NA,NA,NA,NA,NA,NA,NA,NA,NA,NA,NA,NA,NA,NA,-80573.54,-227132.05,1.0,S,-0.356520088495575,-1.00500907079646,NA,NA,NA,NA,NA,NA,NA,NA,NA,NA,NA,NA,NA,NA,NA,NA,NA,NA
NA,Sky-H6-4,-91.4085,-222.99226,NA,NA,NA,NA,351.1057708,-22.849985546,NA,NA,NA,NA,NA,NA,NA,NA,NA,NA,NA,NA,NA,NA,NA,NA,NA,NA,-91408.5,-222992.26,1.0,S,-0.404462389380531,-0.986691415929204,NA,NA,NA,NA,NA,NA,NA,NA,NA,NA,NA,NA,NA,NA,NA,NA,NA,NA
NA,Sky-H6-5,-102.03172,-218.33596,NA,NA,NA,NA,351.0578372,-22.830493931,NA,NA,NA,NA,NA,NA,NA,NA,NA,NA,NA,NA,NA,NA,NA,NA,NA,NA,-102031.72,-218335.96,1.0,S,-0.45146778761062,-0.966088318584071,NA,NA,NA,NA,NA,NA,NA,NA,NA,NA,NA,NA,NA,NA,NA,NA,NA,NA
NA,Sky-H6-6,-112.41861,-213.17391,NA,NA,NA,NA,351.0109909,-22.808886466,NA,NA,NA,NA,NA,NA,NA,NA,NA,NA,NA,NA,NA,NA,NA,NA,NA,NA,-112418.61,-213173.91,1.0,S,-0.497427477876106,-0.943247389380531,NA,NA,NA,NA,NA,NA,NA,NA,NA,NA,NA,NA,NA,NA,NA,NA,NA,NA
NA,Sky-H6-7,-121.52807,-205.79584,NA,NA,NA,NA,350.9696609,-22.778535804,NA,NA,NA,NA,NA,NA,NA,NA,NA,NA,NA,NA,NA,NA,NA,NA,NA,NA,-121528.07,-205795.84,2.0,S,-0.53773482300885,-0.910601061946903,NA,NA,NA,NA,NA,NA,NA,NA,NA,NA,NA,NA,NA,NA,NA,NA,NA,NA
NA,Sky-H6-8,-132.38652,-201.3824,NA,NA,NA,NA,350.921003,-22.759535785,NA,NA,NA,NA,NA,NA,NA,NA,NA,NA,NA,NA,NA,NA,NA,NA,NA,NA,-132386.52,-201382.4,1.0,S,-0.585781061946903,-0.891072566371681,NA,NA,NA,NA,NA,NA,NA,NA,NA,NA,NA,NA,NA,NA,NA,NA,NA,NA
NA,Sky-H7-1,-207.18967,-123.09956,NA,NA,NA,NA,350.5853382,-22.43221024,NA,NA,NA,NA,NA,NA,NA,NA,NA,NA,NA,NA,NA,NA,NA,NA,NA,NA,-207189.67,-123099.56,1.0,S,-0.916768451327434,-0.544688318584071,NA,NA,NA,NA,NA,NA,NA,NA,NA,NA,NA,NA,NA,NA,NA,NA,NA,NA
NA,Sky-H7-2,-212.87255,-112.98823,NA,NA,NA,NA,350.5600132,-22.389974622,NA,NA,NA,NA,NA,NA,NA,NA,NA,NA,NA,NA,NA,NA,NA,NA,NA,NA,-212872.55,-112988.23,1.0,S,-0.941913938053097,-0.499947920353982,NA,NA,NA,NA,NA,NA,NA,NA,NA,NA,NA,NA,NA,NA,NA,NA,NA,NA
NA,Sky-H7-3,-218.06235,-102.61518,NA,NA,NA,NA,350.5369306,-22.346656434,NA,NA,NA,NA,NA,NA,NA,NA,NA,NA,NA,NA,NA,NA,NA,NA,NA,NA,-218062.35,-102615.18,1.0,S,-0.964877654867257,-0.454049469026549,NA,NA,NA,NA,NA,NA,NA,NA,NA,NA,NA,NA,NA,NA,NA,NA,NA,NA
NA,Sky-H7-4,-222.74704,-92.00444,NA,NA,NA,NA,350.5161426,-22.302356881,NA,NA,NA,NA,NA,NA,NA,NA,NA,NA,NA,NA,NA,NA,NA,NA,NA,NA,-222747.04,-92004.44,1.0,S,-0.985606371681416,-0.407099292035398,NA,NA,NA,NA,NA,NA,NA,NA,NA,NA,NA,NA,NA,NA,NA,NA,NA,NA
NA,Sky-H7-5,-226.91579,-81.18059,NA,NA,NA,NA,350.4976956,-22.257179374,NA,NA,NA,NA,NA,NA,NA,NA,NA,NA,NA,NA,NA,NA,NA,NA,NA,NA,-226915.79,-81180.59,1.0,S,-1.00405216814159,-0.359206150442478,NA,NA,NA,NA,NA,NA,NA,NA,NA,NA,NA,NA,NA,NA,NA,NA,NA,NA
NA,Sky-H7-6,-230.55892,-70.1687,NA,NA,NA,NA,350.4816305,-22.21122928,NA,NA,NA,NA,NA,NA,NA,NA,NA,NA,NA,NA,NA,NA,NA,NA,NA,NA,-230558.92,-70168.7,1.0,S,-1.02017221238938,-0.310480973451327,NA,NA,NA,NA,NA,NA,NA,NA,NA,NA,NA,NA,NA,NA,NA,NA,NA,NA
NA,Sky-H7-7,-233.66801,-58.99428,NA,NA,NA,NA,350.4679827,-22.164613695,NA,NA,NA,NA,NA,NA,NA,NA,NA,NA,NA,NA,NA,NA,NA,NA,NA,NA,-233668.01,-58994.28,1.0,S,-1.03392924778761,-0.261036637168142,NA,NA,NA,NA,NA,NA,NA,NA,NA,NA,NA,NA,NA,NA,NA,NA,NA,NA
NA,Sky-H7-8,-236.23556,-47.68464,NA,NA,NA,NA,350.4567829,-22.117447116,NA,NA,NA,NA,NA,NA,NA,NA,NA,NA,NA,NA,NA,NA,NA,NA,NA,NA,-236235.56,-47684.64,1.0,S,-1.04529008849558,-0.210993982300885,NA,NA,NA,NA,NA,NA,NA,NA,NA,NA,NA,NA,NA,NA,NA,NA,NA,NA
