#OBSTEMP,8
#CONFIGTEMP,19
#EQUINOX,J2000.0
#CENTRE,23 25 51.34,-22 03 10.0 #Field centre
#UTTIME,14 00 00.00 #Target observing time
#UTDATE,2021 07 10 #Target observing date
#PLATEID,a test_plateID
#LABEL,350_m20_comissioning Tile 000
#TILING_DATE,2021 06 15 # Date the tile was created/configured
#PROXIMITY,220 # tiling proximity value in arcseconds
probe,ID,RA,DEC,g_mag,r_mag,i_mag,z_mag,y_mag,GAIA_g_mag,GAIA_bp_mag,GAIA_rp_mag,pmRA,pmDEC,Re,GAL_MU_E_R,Mstar,priority,remaining_observations,Tile_number,COMPLETED,MagnetX_noDC,MagnetY_noDC,type,MagnetX,MagnetY,SkyFibrePosition,fibre_type,x,y,grads,gangs,gazAngs,gangs_gazAng
22,2388342566396803328,352.3248,-22.24946,NA,11.5868997573853,NA,NA,NA,NA,NA,NA,24.2750486239887,2.84497133375296,NA,NA,NA,NA,NA,NA,NA,194560.909387755,-44447.8397142856,2,188981.99,-47173.95,NA,G,-9.43415,-188.07139,188.307862084286,5.26648048822495,1.52067573738813,3.74580475083682
23,2391435591389549312,351.38025,-21.69073,NA,11.7128000259399,NA,NA,NA,NA,NA,NA,7.18010781030776,-6.36007143612997,NA,NA,NA,NA,NA,NA,NA,-18907.3906122437,81825.1402857146,2,-18186.24,84514.51,NA,G,-106.33211,30.33162,110.573617056134,5.53683115858096,-0.277873714798484,5.81470487337945
24,2391490189013813120,351.2506,-21.421366,NA,11.9776000976563,NA,NA,NA,NA,NA,NA,78.0714533562508,38.6414672538206,NA,NA,NA,NA,NA,NA,NA,-48208.2906122369,142701.404285714,2,-46782.28,148517.52,NA,G,51.99453,81.99968,97.0946891957706,3.36105140751253,4.14728535223967,5.49695136245244
25,2388422384069044352,352.26358,-21.933252,NA,11.9975996017456,NA,NA,NA,NA,NA,NA,18.614339052815,-47.9581933914058,NA,NA,NA,NA,NA,NA,NA,180725.189387756,27015.1682857143,2,175229.43,27811.0,NA,G,127.77097,-159.37866,204.271823896827,0.582774015052775,2.24656191191854,4.61939741031382
26,2385369315156805120,351.04855,-22.436876,NA,12.1532001495361,NA,NA,NA,NA,NA,NA,32.480798058487,-46.2295130411374,NA,NA,NA,NA,NA,NA,NA,-93871.5906122464,-86803.8557142861,2,-89929.73,-90184.65,NA,G,-72.95935,-146.07276,163.279876183319,5.15490100993612,1.10757067872509,4.04733033121104
27,2388322255496023296,352.2521,-22.44297,NA,12.3859996795654,NA,NA,NA,NA,NA,NA,72.5003253270166,6.21505551121076,NA,NA,NA,NA,NA,NA,NA,178130.709387755,-88181.0997142855,2,172810.67,-92998.26,NA,G,-57.80849,-48.54581,75.4885235293167,5.41903287199061,0.698524699360933,4.72050817262968
