#OBSTEMP,8
#CONFIGTEMP,19
#EQUINOX,J2000.0
#CENTRE,23 25 08.53,-22 01 15.6 #Field centre
#UTTIME,14 00 00.00 #Target observing time
#UTDATE,2021 07 10 #Target observing date
#PLATEID,a test_plateID
#LABEL,350_m20_comissioning Tile 000
#TILING_DATE,2021 06 10 # Date the tile was created/configured
#PROXIMITY,220 # tiling proximity value in arcseconds
probe,ID,x,y,rads,angs,azAngs,angs_azAng,RA,DEC,g_mag,r_mag,i_mag,z_mag,y_mag,GAIA_g_mag,GAIA_bp_mag,GAIA_rp_mag,pmRA,pmDEC,Re,GAL_MU_E_R,Mstar,priority,remaining_observations,Tile_number,COMPLETED,MagnetX_noDC,MagnetY_noDC,type,MagnetX,MagnetY,Position,fibre_type,fraction_plate_radius_X,fraction_plate_radius_Y,grads,gangs,gazAngs,gangs_gazAng,Magnet,Label,order,Pickup_option,Index,Hexabundle,probe_orientation,rectMag_inputOrientati,Magnet_C,Label_C,order_C,Pickup_option_C,offset_P,offset_Q
1.0,2385360587783269504,-89.70135694331472,-135.28787652649302,162.322833337913,2.35063908044942,0.98508684700719,1.36555223344223,350.87265,-22.594408,16.9125003814697,16.5020999908447,16.3784999847412,16.36549949646,16.3334999084473,16.545965,16.9019,16.045748,-4.59759245363008,-9.46526907161172,1.0,19.0,-99.0,1.0,1.0,-999.0,False,-93309.1734693796,-129587.569795919,1.0,-89730.56,-135266.88,NA,P,-0.397037876106195,-0.598526017699115,NA,NA,NA,NA,rectangular_magnet,R01,1.0,I,1.0,A,135.31830153173547,1.3655522334422299,circular_magnet,Yel,1.0,TL,0.03546368063999998,0.006
2.0,2385400101482385920,-30.714760084543123,-40.18504305031566,50.5556631981858,1.7346444689950902,0.917520410628331,0.817124058366763,351.1428,-22.193405,17.895000457763697,17.3787994384766,17.1861991882324,17.1060009002686,17.029399871826197,17.420334,17.866047000000005,16.841504999999998,-10.104261572595801,-0.689960207493011,1.0,19.0,-99.0,1.0,1.0,-999.0,False,-32255.2734693794,-38960.8917959187,1.0,-30727.28,-40146.1,NA,P,-0.135961415929204,-0.17763761061946898,NA,NA,NA,NA,rectangular_magnet,R02,1.0,I,2.0,B,170.6121929708693,0.817124058366763,circular_magnet,Blu,1.0,TL,0.04046368063999998,0.006
3.0,2385429921439828736,-14.961769982384885,67.54306197684944,69.1787841459229,-0.2463359120982589,-1.3530405714725602,1.1067046593743002,351.21664,-21.731207,18.5736999511719,17.645700454711896,17.1765003204346,17.0102005004883,16.8430004119873,17.686487,18.361946,16.799099,5.75568337402092,-11.7399658899821,1.0,19.0,-99.0,1.0,1.0,-999.0,False,-15567.433469388101,65495.8562040807,1.0,-14945.31,67545.11,NA,P,-0.0661296902654867,0.298872168141593,NA,NA,NA,NA,rectangular_magnet,R03,1.0,I,3.0,C,-75.88599189426384,1.1067046593743002,circular_magnet,Blu,1.0,TL,0.015463680639999975,0.006
4.0,2385433597932341248,-156.36983490974032,-36.342928053200104,160.512114214526,-0.96741366967812,0.228664290375002,5.0871073471264605,350.5684,-22.17385,16.527999877929698,15.975799560546902,15.7594003677368,15.7119998931885,15.6241998672485,16.042032,16.476315,15.421756,-1.07348957993904,-1.06735054076805,1.0,19.0,-99.0,1.0,1.0,-999.0,False,-162069.673469385,-34541.4617959194,1.0,-156333.99,-36384.37,NA,P,-0.6917433185840711,-0.16099278761061905,NA,NA,NA,NA,rectangular_magnet,R04,1.0,I,4.0,D,-34.57127968418041,5.0871073471264605,circular_magnet,Yel,1.0,TR,0.05446368063999998,0.006
5.0,2391424703647877376,79.63338144048184,62.30563286442632,101.11405944282,3.5533685179954704,3.80544442423537,6.03110940093968,351.65283,-21.753977,17.2907009124756,16.161399841308597,15.5334997177124,15.246600151062,15.076199531555199,16.099273999999998,16.961412,15.171159,4.42033825450666,-15.4791251941224,1.0,19.0,-99.0,1.0,1.0,-999.0,False,83011.5065306143,60349.8362040812,1.0,79639.94,62301.95,NA,P,0.352389115044248,0.27567234513274297,NA,NA,NA,NA,rectangular_magnet,R05,1.0,I,5.0,I,66.40698086420365,6.0311094009396795,circular_magnet,Gre,1.0,TR,-0.004536319360000025,0.006
6.0,2382328611454657792,142.59137457039526,-116.34645081060906,184.045980398285,0.655542956893312,2.45741715490393,4.48131110916896,351.93768,-22.511175,17.0193004608154,16.585199356079098,16.4102993011475,16.357400894165,16.2889995574951,16.612451999999998,17.00309,16.064024,0.517440687120527,-6.7055500242431,1.0,19.0,-99.0,1.0,1.0,-999.0,False,147387.606530616,-110776.911795919,1.0,142624.67,-116323.37,NA,P,0.631082610619469,-0.51470517699115,NA,NA,NA,NA,rectangular_magnet,R06,1.0,I,6.0,J,-127.55984471951295,4.48131110916896,circular_magnet,Yel,1.0,TR,0.04046368063999998,-0.002
7.0,2388440010614878720,178.52415465170634,60.175145884967435,188.38803362375802,1.01302520237404,3.4666464597448,3.82956404980882,352.09756,-21.765089,18.0161991119385,16.7931003570557,15.579000473022498,15.047400474548304,14.777099609375,16.301361,17.674357999999994,15.141868,7.41582141333786,-33.5806073407437,1.0,19.0,-99.0,1.0,1.0,-999.0,False,183520.486530613,57838.524204081,1.0,178522.82,60163.56,NA,P,0.789923982300885,0.266210442477876,NA,NA,NA,NA,rectangular_magnet,R07,1.0,I,7.0,K,-148.04206863641815,3.8295640498088197,circular_magnet,Yel,1.0,TL,-0.010536319360000025,-0.005
8.0,2382294599609441152,35.25742512995428,-203.67098577330455,206.727371874873,4.24339474022078,1.74214539720853,2.50124934301225,351.44595,-22.877428,17.3978004455566,16.915399551391598,16.7453002929688,16.6881008148193,16.613899230957,16.957075,17.364456,16.403370000000002,17.7282561730154,-4.84467813309438,1.0,19.0,-99.0,1.0,1.0,-999.0,False,36256.6265306115,-193550.089795919,1.0,35249.46,-203699.98,NA,P,0.15597106194690302,-0.9013273451327428,NA,NA,NA,NA,rectangular_magnet,R08,1.0,I,8.0,L,26.871390577337195,2.50124934301225,circular_magnet,Mag,1.0,TR,0.029463680639999976,0.006
9.0,2388347308040329216,192.32601048969912,-36.35318493163287,195.740509073356,4.6896968136753,2.9546900733832206,1.73500674029208,352.1614,-22.172112,15.976900100708,16.3696994781494,16.686100006103498,16.8967990875244,17.0144996643066,16.211714,16.118563,16.293661,17.4422304589397,-25.8673979639843,1.0,19.0,-99.0,1.0,1.0,-999.0,False,197948.32653061894,-34148.6737959187,1.0,192331.59,-36371.78,NA,P,0.851024734513274,-0.160937079646018,NA,NA,NA,NA,rectangular_magnet,R09,1.0,I,9.0,M,1.3001653804554394,1.7350067402920801,circular_magnet,Yel,1.0,TL,0.018463680639999976,0.006
10.0,2391517745524449280,75.73656411541272,174.38823541591827,190.115575117383,2.84421427674677,4.30279833871281,4.8246012452135405,351.62912,-21.284428,16.6608009338379,16.148199081420902,15.9482002258301,15.887200355529801,15.807900428772,16.18532,16.602844,15.601698,9.45903923690088,-14.413111510313199,1.0,19.0,-99.0,1.0,1.0,-999.0,False,77653.0465306156,166467.910204081,1.0,75710.46,174389.96,NA,P,0.33500203539823,0.771636991150442,NA,NA,NA,NA,rectangular_magnet,R10,1.0,I,10.0,N,107.03852591155628,4.8246012452135405,circular_magnet,Yel,1.0,RO,0.025463680639999976,0.006
11.0,2391492834714062464,37.073423946544686,135.4504046790891,140.448097314932,0.0961667898549194,4.44505306745892,1.9342990295755904,351.45566,-21.444113,17.433099746704098,16.9298992156982,16.732599258422898,16.6746997833252,16.6016006469727,16.969841,17.392982,16.388835999999998,1.84273717181185,-9.86471079138836,1.0,19.0,-99.0,1.0,1.0,-999.0,False,38451.0865306207,130379.100204081,1.0,37101.18,135459.11,NA,P,0.16416451327433598,0.5993765929203541,NA,NA,NA,NA,rectangular_magnet,R11,1.0,I,11.0,O,-95.50995118800844,1.9342990295755904,circular_magnet,Gre,1.0,TL,0.028463680639999975,0.006
12.0,2382351361897244288,21.691044661888437,-118.65561808983631,120.584572110953,1.3714297490686598,1.75171261047973,5.90290244576852,351.38553,-22.527298,18.4046993255615,17.637300491333,17.2777996063232,17.1319999694824,17.0109996795654,17.688831,18.28118,16.936392,-7.33704227794461,-16.377872386642302,1.0,19.0,-99.0,1.0,1.0,-999.0,False,22601.706530619398,-114420.709795919,1.0,21696.9,-118616.54,NA,P,0.096003982300885,-0.524851946902655,NA,NA,NA,NA,rectangular_magnet,R12,1.0,I,12.0,P,-168.57713652031998,5.90290244576852,circular_magnet,Gre,1.0,TR,0.03946368063999998,0.002
13.0,2385410886144681472,27.651732400602643,13.73385240448607,30.904208310644396,-0.418162931820028,3.601669400647161,2.26335297471239,351.41412,-21.961912,18.5396003723145,17.948600769043,17.715000152587898,17.631999969482397,17.547700881958,18.012857,18.524855,17.382723000000002,7.72472840959151,-7.31945612628772,1.0,19.0,-99.0,1.0,1.0,-999.0,False,29063.046530621206,13356.526204080601,1.0,27690.74,13721.99,NA,P,0.122525398230088,0.0607167699115044,NA,NA,NA,NA,rectangular_magnet,R13,1.0,I,13.0,Q,-66.04102885789534,2.26335297471239,circular_magnet,Blu,1.0,TL,0.04046368063999998,0.005
14.0,2382398537818071168,83.57353989786915,-36.772875856547884,91.30200148722099,1.1549211526226202,2.72728286918085,4.71082359062136,351.67188,-22.17791,16.93630027771,16.562799453735398,16.420099258422898,16.3978996276855,16.36669921875,16.57649,16.893835,16.093252,2.41236345879178,-13.350043473199902,1.0,19.0,-99.0,1.0,1.0,-999.0,False,87316.8065306127,-35459.0217959192,1.0,83577.34,-36754.37,NA,P,0.36981123893805296,-0.162629955752212,NA,NA,NA,NA,rectangular_magnet,R14,1.0,I,14.0,R,-156.17210771566081,4.71082359062136,circular_magnet,Blu,1.0,TR,0.018463680639999976,0.004
15.0,2391513794154314240,-41.734451939980595,185.79542432129767,190.43860220188802,0.441617581711165,-1.3500829168095902,1.79170049852075,351.09705,-21.236296,18.3367004394531,17.9867000579834,17.8449993133545,17.7991008758545,17.7499008178711,18.013899,18.36392,17.515320000000006,-1.6369235895124998,-14.307567922196199,1.0,19.0,-99.0,1.0,1.0,-999.0,False,-42594.773469379,177345.742204081,1.0,-41691.92,185818.85,NA,P,-0.184477522123894,0.822207300884956,NA,NA,NA,NA,rectangular_magnet,R15,1.0,I,15.0,S,-115.3028235908235,1.79170049852075,circular_magnet,Yel,1.0,TL,0.04846368063999998,0.003
16.0,2385487886318626944,-140.378489607674,72.86969029677495,158.207764045734,2.00992798090367,-0.478965991947738,2.48889397285141,350.64343,-21.709938,18.179700851440398,17.594900131225604,17.3474998474121,17.269100189209002,17.1837005615234,17.64141,18.074797,17.018341,0.530962597054342,-2.85510291283844,1.0,19.0,-99.0,1.0,1.0,-999.0,False,-145112.893469379,70302.65020408071,1.0,-140404.95,72911.91,NA,P,-0.621260840707965,0.32261907079646,NA,NA,NA,NA,rectangular_magnet,R16,1.0,I,16.0,T,154.83960956896846,2.48889397285141,circular_magnet,Yel,1.0,TR,0.04946368063999998,0.006
17.0,2385499740428423168,-101.89292675088299,132.99573726379307,167.542928976925,0.21003026954182105,-0.917108410784994,1.12713868032682,350.82135,-21.456175,18.131299972534197,17.6469993591309,17.4456005096436,17.37380027771,17.281499862670902,17.693943,18.114073,17.121270000000006,-0.9087830171497692,-4.754798532582081,1.0,19.0,-99.0,1.0,1.0,-999.0,False,-104902.973469386,127653.088204081,1.0,-101885.9,133003.37,NA,P,-0.450822566371681,0.5885104867256639,NA,NA,NA,NA,rectangular_magnet,R17,1.0,I,17.0,E,-102.03384801474172,1.12713868032682,circular_magnet,Yel,1.0,TL,0.008463680639999974,0.006
18.0,2391456555125370880,165.61304727386297,127.01675276551344,208.743126264543,0.0832039575541675,3.79579326015149,2.57059600458226,352.03467,-21.485252,15.272000312805199,14.8881998062134,14.7260999679565,14.7115001678467,14.662400245666499,14.896042,15.241383,14.386662,-3.68167763852638,-12.4978556999339,1.0,19.0,-99.0,1.0,1.0,-999.0,False,169307.34653061698,121081.686204081,1.0,165644.9,127025.43,NA,P,0.73294203539823,0.5620594247787609,NA,NA,NA,NA,rectangular_magnet,R18,1.0,I,18.0,F,-94.7672356066393,2.5705960045822596,circular_magnet,Mag,1.0,TR,0.03246368063999998,0.006
19.0,2385282316299187072,-165.45020499557657,-130.29522518231482,210.616048770155,2.61720039401815,0.666920771817118,1.95027962220103,350.53183,-22.56669,16.535100936889602,16.2870998382568,16.2168006896973,16.2318992614746,16.2005996704102,16.289407999999998,16.535631,15.873448000000002,2.49482492479594,-6.8261024823694,NA,NA,NA,1.0,NA,NA,NA,-170334.49346939402,-123323.301795919,0.0,-165487.37,-130280.66,NA,P,-0.732245,-0.5764630973451329,NA,NA,NA,NA,rectangular_magnet,R19,1.0,I,19.0,H,120.04546328278406,1.95027962220103,circular_magnet,Mag,1.0,TL,0.03946368063999998,0.006
20.0,2385282900414756736,-142.12371334323814,-124.48539195377758,188.929464494238,-1.00226339388514,0.7194169049841089,4.56150500831033,350.63544,-22.545193,15.774299621582001,15.4554996490479,15.336099624633801,15.3215999603271,15.2671003341675,15.469797,15.765188,14.999351999999998,-1.7788998179671398,-7.17573077922017,NA,NA,NA,1.0,NA,NA,NA,-146918.633469381,-118464.97979591801,0.0,-142110.87,-124494.35,NA,P,-0.6288091592920351,-0.550859955752212,NA,NA,NA,NA,rectangular_magnet,R20,1.0,I,20.0,U,-32.574537569922995,4.56150500831033,circular_magnet,Yel,1.0,RO,0.014463680639999974,0.006
21.0,2391435591389549312,-51.15354359039266,-97.34527756289327,NA,NA,NA,NA,351.38025,-21.69073,NA,11.7128000259399,NA,NA,NA,NA,NA,NA,7.18010781030776,-6.360071436129968,NA,NA,NA,NA,NA,NA,NA,21408.4265306132,74643.6582040813,2.0,20486.82,77054.62,NA,G,NA,NA,109.95780551968599,1.94927822311484,1.08678497946099,0.862493243653851,rectangular_magnet,R21,1.0,I,21.0,GS1,158.31458471875925,0.862493243653851,circular_magnet,Gre,1.0,TL,0.021463680639999975,0.006
22.0,2391490189013813120,-9.95952276472177,211.59504704771734,NA,NA,NA,NA,351.2506,-21.421366,NA,11.9776000976563,NA,NA,NA,NA,NA,NA,78.0714533562508,38.6414672538206,NA,NA,NA,NA,NA,NA,NA,-7892.473469379979,135519.922204081,2.0,-7707.99,140819.63,NA,G,NA,NA,211.840341260364,0.21576362054309,-1.52389925723914,1.73966287778223,rectangular_magnet,R22,1.0,I,22.0,GS2,-102.36234482958128,1.73966287778223,circular_magnet,Mag,1.0,TL,0.030463680639999977,0.006
23.0,2385369315156805120,29.28987827554989,191.3733407715667,NA,NA,NA,NA,351.04855,-22.436876,NA,12.153200149536099,NA,NA,NA,NA,NA,NA,32.480798058487004,-46.2295130411374,NA,NA,NA,NA,NA,NA,NA,-53555.7734693896,-93985.33779591939,2.0,-51167.05,-97327.55,NA,G,NA,NA,193.615152285641,2.44152968790489,4.56068900450974,4.16402599057473,rectangular_magnet,R23,1.0,I,23.0,GS3,130.1106533271569,4.16402599057473,circular_magnet,Yel,1.0,TR,0.03546368063999998,0.006
24.0,2388387401559966208,-140.1067407585553,-86.67104189263637,NA,NA,NA,NA,351.9347,-22.224596,NA,12.2288999557495,NA,NA,NA,NA,NA,NA,19.4450324037153,23.23215179311,NA,NA,NA,NA,NA,NA,NA,146714.12653062,-46010.057795918605,2.0,141287.9,-48160.04,NA,G,NA,NA,164.738359441157,2.6162216744118703,0.5539007852470811,2.06232088916479,rectangular_magnet,R24,1.0,I,24.0,GS4,120.10153978555037,2.06232088916479,circular_magnet,Yel,1.0,TL,0.008463680639999974,-0.015
25.0,2391515688235129856,103.34965993896728,-51.341584818403874,NA,NA,NA,NA,351.2412700000001,-21.131506,NA,12.7425003051758,NA,NA,NA,NA,NA,NA,66.41005995960421,-47.161839242907,NA,NA,NA,NA,NA,NA,NA,-10001.0534693748,201028.282204081,2.0,-9931.05,211607.43,NA,G,NA,NA,115.391754511168,4.35004353748736,2.68035153027814,1.6696920072092198,rectangular_magnet,R25,1.0,I,25.0,GS5,20.760864603815488,1.6696920072092198,circular_magnet,Gre,1.0,TL,0.019463680639999974,-0.01
26.0,2388389875461128448,149.87753995483428,46.08976266421311,NA,NA,NA,NA,352.00018,-22.126026,NA,13.2312002182007,NA,NA,NA,NA,NA,NA,21.5866191413468,-8.62277343828654,NA,NA,NA,NA,NA,NA,NA,161512.606530616,-23733.2377959189,2.0,155857.82,-25078.88,NA,G,NA,NA,156.768397345985,4.1117664826690286,3.43970033274458,0.6720661499244499,rectangular_magnet,R26,1.0,I,26.0,GS6,34.41313419971343,0.6720661499244499,circular_magnet,Yel,1.0,TR,0.05046368063999998,0.006
NA,Sky-A1-1,-226.46104,82.44066,NA,NA,NA,NA,350.2701415,-21.67433607,NA,NA,NA,NA,NA,NA,NA,NA,NA,NA,NA,NA,NA,NA,NA,NA,NA,NA,NA,NA,-226461.04,82440.66,1.0,S,-1.00204,0.364781681415929,NA,NA,NA,NA,NA,NA,NA,NA,NA,NA,NA,NA,NA,NA,NA,NA,NA,NA
NA,Sky-A1-2,-222.23219,93.24117,NA,NA,NA,NA,350.2894243,-21.629454908000003,NA,NA,NA,NA,NA,NA,NA,NA,NA,NA,NA,NA,NA,NA,NA,NA,NA,NA,NA,NA,-222232.19,93241.17,1.0,S,-0.9833282743362829,0.41257154867256607,NA,NA,NA,NA,NA,NA,NA,NA,NA,NA,NA,NA,NA,NA,NA,NA,NA,NA
NA,Sky-A1-3,-213.87871,102.1024,NA,NA,NA,NA,350.3260852,-21.592290765999998,NA,NA,NA,NA,NA,NA,NA,NA,NA,NA,NA,NA,NA,NA,NA,NA,NA,NA,NA,NA,-213878.71,102102.4,3.0,S,-0.9463659734513271,0.451780530973451,NA,NA,NA,NA,NA,NA,NA,NA,NA,NA,NA,NA,NA,NA,NA,NA,NA,NA
NA,Sky-A1-4,-212.24121,114.16975,NA,NA,NA,NA,350.3348079,-21.542523611,NA,NA,NA,NA,NA,NA,NA,NA,NA,NA,NA,NA,NA,NA,NA,NA,NA,NA,NA,NA,-212241.21,114169.75,1.0,S,-0.9391203982300891,0.505175884955752,NA,NA,NA,NA,NA,NA,NA,NA,NA,NA,NA,NA,NA,NA,NA,NA,NA,NA
NA,Sky-A1-5,-206.50222,124.24933999999999,NA,NA,NA,NA,350.36080069999997,-21.500673389,NA,NA,NA,NA,NA,NA,NA,NA,NA,NA,NA,NA,NA,NA,NA,NA,NA,NA,NA,NA,-206502.22,124249.34,1.0,S,-0.9137266371681421,0.5497758407079649,NA,NA,NA,NA,NA,NA,NA,NA,NA,NA,NA,NA,NA,NA,NA,NA,NA,NA
NA,Sky-A1-6,-200.2849,134.04112,NA,NA,NA,NA,350.3889141,-21.460029194,NA,NA,NA,NA,NA,NA,NA,NA,NA,NA,NA,NA,NA,NA,NA,NA,NA,NA,NA,NA,-200284.9,134041.12,1.0,S,-0.8862163716814159,0.5931023008849561,NA,NA,NA,NA,NA,NA,NA,NA,NA,NA,NA,NA,NA,NA,NA,NA,NA,NA
NA,Sky-A1-7,-191.99688,142.3313,NA,NA,NA,NA,350.42577610000006,-21.42535901,NA,NA,NA,NA,NA,NA,NA,NA,NA,NA,NA,NA,NA,NA,NA,NA,NA,NA,NA,NA,-191996.88,142331.3,2.0,S,-0.849543716814159,0.629784513274336,NA,NA,NA,NA,NA,NA,NA,NA,NA,NA,NA,NA,NA,NA,NA,NA,NA,NA
NA,Sky-A2-1,-3.01251,240.9813,NA,NA,NA,NA,351.27265780000005,-21.017016085,NA,NA,NA,NA,NA,NA,NA,NA,NA,NA,NA,NA,NA,NA,NA,NA,NA,NA,NA,NA,-3012.51,240981.3,1.0,S,-0.0133296902654867,1.0662889380531,NA,NA,NA,NA,NA,NA,NA,NA,NA,NA,NA,NA,NA,NA,NA,NA,NA,NA
NA,Sky-A2-2,8.5856,240.84715,NA,NA,NA,NA,351.3244392,-21.017591381,NA,NA,NA,NA,NA,NA,NA,NA,NA,NA,NA,NA,NA,NA,NA,NA,NA,NA,NA,NA,8585.6,240847.15,1.0,S,0.0379893805309735,1.0656953539823,NA,NA,NA,NA,NA,NA,NA,NA,NA,NA,NA,NA,NA,NA,NA,NA,NA,NA
NA,Sky-A2-3,20.16382,240.15512,NA,NA,NA,NA,351.3761306,-21.02047598,NA,NA,NA,NA,NA,NA,NA,NA,NA,NA,NA,NA,NA,NA,NA,NA,NA,NA,NA,NA,20163.82,240155.12,1.0,S,0.0892204424778761,1.06263327433628,NA,NA,NA,NA,NA,NA,NA,NA,NA,NA,NA,NA,NA,NA,NA,NA,NA,NA
NA,Sky-A2-4,31.69534,238.90682,NA,NA,NA,NA,351.4276147,-21.025663186,NA,NA,NA,NA,NA,NA,NA,NA,NA,NA,NA,NA,NA,NA,NA,NA,NA,NA,NA,NA,31695.34,238906.82,1.0,S,0.14024486725663698,1.0571098230088498,NA,NA,NA,NA,NA,NA,NA,NA,NA,NA,NA,NA,NA,NA,NA,NA,NA,NA
NA,Sky-A2-5,43.15344,237.10512999999997,NA,NA,NA,NA,351.4787743,-21.033141134,NA,NA,NA,NA,NA,NA,NA,NA,NA,NA,NA,NA,NA,NA,NA,NA,NA,NA,NA,NA,43153.44,237105.13,1.0,S,0.190944424778761,1.04913774336283,NA,NA,NA,NA,NA,NA,NA,NA,NA,NA,NA,NA,NA,NA,NA,NA,NA,NA
NA,Sky-A2-6,54.51158,234.75422999999998,NA,NA,NA,NA,351.5294932,-21.042892667,NA,NA,NA,NA,NA,NA,NA,NA,NA,NA,NA,NA,NA,NA,NA,NA,NA,NA,NA,NA,54511.58,234754.23,1.0,S,0.241201681415929,1.0387355309734498,NA,NA,NA,NA,NA,NA,NA,NA,NA,NA,NA,NA,NA,NA,NA,NA,NA,NA
NA,Sky-A2-7,65.74346,231.85957000000002,NA,NA,NA,NA,351.5796559,-21.054895460999997,NA,NA,NA,NA,NA,NA,NA,NA,NA,NA,NA,NA,NA,NA,NA,NA,NA,NA,NA,NA,65743.46,231859.57,1.0,S,0.29090026548672604,1.02592730088496,NA,NA,NA,NA,NA,NA,NA,NA,NA,NA,NA,NA,NA,NA,NA,NA,NA,NA
NA,Sky-A3-1,231.67752000000002,66.38214,NA,NA,NA,NA,352.3245287,-21.741472185,NA,NA,NA,NA,NA,NA,NA,NA,NA,NA,NA,NA,NA,NA,NA,NA,NA,NA,NA,NA,231677.52,66382.14,1.0,S,1.0251217699115,0.293726283185841,NA,NA,NA,NA,NA,NA,NA,NA,NA,NA,NA,NA,NA,NA,NA,NA,NA,NA
NA,Sky-A3-2,234.60313,55.158280000000005,NA,NA,NA,NA,352.33793239999994,-21.788123211,NA,NA,NA,NA,NA,NA,NA,NA,NA,NA,NA,NA,NA,NA,NA,NA,NA,NA,NA,NA,234603.13,55158.28,1.0,S,1.03806694690265,0.24406318584070802,NA,NA,NA,NA,NA,NA,NA,NA,NA,NA,NA,NA,NA,NA,NA,NA,NA,NA
NA,Sky-A3-3,236.98531,43.80666,NA,NA,NA,NA,352.34891039999997,-21.835317554,NA,NA,NA,NA,NA,NA,NA,NA,NA,NA,NA,NA,NA,NA,NA,NA,NA,NA,NA,NA,236985.31,43806.66,1.0,S,1.04860756637168,0.19383477876106198,NA,NA,NA,NA,NA,NA,NA,NA,NA,NA,NA,NA,NA,NA,NA,NA,NA,NA
NA,Sky-A3-4,238.81857000000002,32.35357,NA,NA,NA,NA,352.3574355,-21.88294645,NA,NA,NA,NA,NA,NA,NA,NA,NA,NA,NA,NA,NA,NA,NA,NA,NA,NA,NA,NA,238818.57,32353.57,1.0,S,1.05671933628319,0.14315738938053102,NA,NA,NA,NA,NA,NA,NA,NA,NA,NA,NA,NA,NA,NA,NA,NA,NA,NA
NA,Sky-A3-5,240.09865,20.82553,NA,NA,NA,NA,352.3634857,-21.930900062,NA,NA,NA,NA,NA,NA,NA,NA,NA,NA,NA,NA,NA,NA,NA,NA,NA,NA,NA,NA,240098.65,20825.53,1.0,S,1.06238340707965,0.0921483628318584,NA,NA,NA,NA,NA,NA,NA,NA,NA,NA,NA,NA,NA,NA,NA,NA,NA,NA
NA,Sky-A3-6,240.82258,9.249260000000001,NA,NA,NA,NA,352.36704469999995,-21.979067605999997,NA,NA,NA,NA,NA,NA,NA,NA,NA,NA,NA,NA,NA,NA,NA,NA,NA,NA,NA,NA,240822.58,9249.26,1.0,S,1.06558663716814,0.0409259292035398,NA,NA,NA,NA,NA,NA,NA,NA,NA,NA,NA,NA,NA,NA,NA,NA,NA,NA
NA,Sky-A3-7,240.98869,2.34844,NA,NA,NA,NA,352.3679757,-22.00778754,NA,NA,NA,NA,NA,NA,NA,NA,NA,NA,NA,NA,NA,NA,NA,NA,NA,NA,NA,NA,240988.69,2348.44,1.0,S,1.0663216371681399,0.0103913274336283,NA,NA,NA,NA,NA,NA,NA,NA,NA,NA,NA,NA,NA,NA,NA,NA,NA,NA
NA,Sky-A4-1,208.46721000000002,-116.88637,NA,NA,NA,NA,352.2252288,-22.505135885999998,NA,NA,NA,NA,NA,NA,NA,NA,NA,NA,NA,NA,NA,NA,NA,NA,NA,NA,NA,NA,208467.21,-116886.37,2.0,S,0.922421283185841,-0.517196327433628,NA,NA,NA,NA,NA,NA,NA,NA,NA,NA,NA,NA,NA,NA,NA,NA,NA,NA
NA,Sky-A4-2,204.2974,-127.84223,NA,NA,NA,NA,352.206173,-22.550556818,NA,NA,NA,NA,NA,NA,NA,NA,NA,NA,NA,NA,NA,NA,NA,NA,NA,NA,NA,NA,204297.4,-127842.23,1.0,S,0.903970796460177,-0.565673584070796,NA,NA,NA,NA,NA,NA,NA,NA,NA,NA,NA,NA,NA,NA,NA,NA,NA,NA
NA,Sky-A4-3,197.90977,-137.52376999999998,NA,NA,NA,NA,352.1776012,-22.59099431,NA,NA,NA,NA,NA,NA,NA,NA,NA,NA,NA,NA,NA,NA,NA,NA,NA,NA,NA,NA,197909.77,-137523.77,1.0,S,0.875706946902655,-0.608512256637168,NA,NA,NA,NA,NA,NA,NA,NA,NA,NA,NA,NA,NA,NA,NA,NA,NA,NA
NA,Sky-A4-4,191.06371000000001,-146.88676999999998,NA,NA,NA,NA,352.14694,-22.630111764000002,NA,NA,NA,NA,NA,NA,NA,NA,NA,NA,NA,NA,NA,NA,NA,NA,NA,NA,NA,NA,191063.71,-146886.77,1.0,S,0.8454146460176991,-0.649941460176991,NA,NA,NA,NA,NA,NA,NA,NA,NA,NA,NA,NA,NA,NA,NA,NA,NA,NA
NA,Sky-A4-5,183.77508999999998,-155.90952,NA,NA,NA,NA,352.1142593,-22.667817536999998,NA,NA,NA,NA,NA,NA,NA,NA,NA,NA,NA,NA,NA,NA,NA,NA,NA,NA,NA,NA,183775.09,-155909.52,1.0,S,0.8131641150442479,-0.6898651327433629,NA,NA,NA,NA,NA,NA,NA,NA,NA,NA,NA,NA,NA,NA,NA,NA,NA,NA
NA,Sky-A4-6,176.06079,-164.57115,NA,NA,NA,NA,352.0796343,-22.704023431,NA,NA,NA,NA,NA,NA,NA,NA,NA,NA,NA,NA,NA,NA,NA,NA,NA,NA,NA,NA,176060.79,-164571.15,1.0,S,0.7790300442477879,-0.7281909292035401,NA,NA,NA,NA,NA,NA,NA,NA,NA,NA,NA,NA,NA,NA,NA,NA,NA,NA
NA,Sky-A4-7,167.93867,-172.85157,NA,NA,NA,NA,352.04314460000006,-22.738644461,NA,NA,NA,NA,NA,NA,NA,NA,NA,NA,NA,NA,NA,NA,NA,NA,NA,NA,NA,NA,167938.67,-172851.57,1.0,S,0.7430914601769909,-0.7648299557522121,NA,NA,NA,NA,NA,NA,NA,NA,NA,NA,NA,NA,NA,NA,NA,NA,NA,NA
NA,Sky-A5-1,-148.4702,-189.83588,NA,NA,NA,NA,350.614332,-22.809837666,NA,NA,NA,NA,NA,NA,NA,NA,NA,NA,NA,NA,NA,NA,NA,NA,NA,NA,NA,NA,-148470.2,-189835.88,1.0,S,-0.656947787610619,-0.8399817699115041,NA,NA,NA,NA,NA,NA,NA,NA,NA,NA,NA,NA,NA,NA,NA,NA,NA,NA
NA,Sky-A5-2,-157.43205,-182.47249,NA,NA,NA,NA,350.5740017,-22.779031526,NA,NA,NA,NA,NA,NA,NA,NA,NA,NA,NA,NA,NA,NA,NA,NA,NA,NA,NA,NA,-157432.05,-182472.49,1.0,S,-0.6966019911504421,-0.807400398230088,NA,NA,NA,NA,NA,NA,NA,NA,NA,NA,NA,NA,NA,NA,NA,NA,NA,NA
NA,Sky-A5-3,-166.02924,-174.68645,NA,NA,NA,NA,350.535344,-22.746462455,NA,NA,NA,NA,NA,NA,NA,NA,NA,NA,NA,NA,NA,NA,NA,NA,NA,NA,NA,NA,-166029.24,-174686.45,1.0,S,-0.734642654867257,-0.7729488938053102,NA,NA,NA,NA,NA,NA,NA,NA,NA,NA,NA,NA,NA,NA,NA,NA,NA,NA
NA,Sky-A5-4,-174.24185,-166.49577,NA,NA,NA,NA,350.4984487,-22.712206827,NA,NA,NA,NA,NA,NA,NA,NA,NA,NA,NA,NA,NA,NA,NA,NA,NA,NA,NA,NA,-174241.85,-166495.77,1.0,S,-0.770981637168142,-0.736706946902655,NA,NA,NA,NA,NA,NA,NA,NA,NA,NA,NA,NA,NA,NA,NA,NA,NA,NA
NA,Sky-A5-5,-182.05086,-157.91943,NA,NA,NA,NA,350.4634012,-22.67634506,NA,NA,NA,NA,NA,NA,NA,NA,NA,NA,NA,NA,NA,NA,NA,NA,NA,NA,NA,NA,-182050.86,-157919.43,1.0,S,-0.805534778761062,-0.6987585398230091,NA,NA,NA,NA,NA,NA,NA,NA,NA,NA,NA,NA,NA,NA,NA,NA,NA,NA
NA,Sky-A5-6,-189.43818000000002,-148.97731000000002,NA,NA,NA,NA,350.43028250000003,-22.638961321,NA,NA,NA,NA,NA,NA,NA,NA,NA,NA,NA,NA,NA,NA,NA,NA,NA,NA,NA,NA,-189438.18,-148977.31,1.0,S,-0.8382220353982299,-0.6591916371681421,NA,NA,NA,NA,NA,NA,NA,NA,NA,NA,NA,NA,NA,NA,NA,NA,NA,NA
NA,Sky-A5-7,-196.38671000000002,-139.6901,NA,NA,NA,NA,350.399169,-22.600143138000004,NA,NA,NA,NA,NA,NA,NA,NA,NA,NA,NA,NA,NA,NA,NA,NA,NA,NA,NA,NA,-196386.71,-139690.1,1.0,S,-0.8689677433628321,-0.61809778761062,NA,NA,NA,NA,NA,NA,NA,NA,NA,NA,NA,NA,NA,NA,NA,NA,NA,NA
NA,Sky-H1-1,-181.17025,158.92893,NA,NA,NA,NA,350.4751267,-21.356773731,NA,NA,NA,NA,NA,NA,NA,NA,NA,NA,NA,NA,NA,NA,NA,NA,NA,NA,NA,NA,-181170.25,158928.93,1.0,S,-0.8016382743362829,0.703225353982301,NA,NA,NA,NA,NA,NA,NA,NA,NA,NA,NA,NA,NA,NA,NA,NA,NA,NA
NA,Sky-H1-2,-173.31368,167.46173000000002,NA,NA,NA,NA,350.5104889,-21.321389538,NA,NA,NA,NA,NA,NA,NA,NA,NA,NA,NA,NA,NA,NA,NA,NA,NA,NA,NA,NA,-173313.68,167461.73,1.0,S,-0.7668746902654872,0.7409811061946898,NA,NA,NA,NA,NA,NA,NA,NA,NA,NA,NA,NA,NA,NA,NA,NA,NA,NA
NA,Sky-H1-3,-165.05567,175.60663,NA,NA,NA,NA,350.54762200000005,-21.287622301,NA,NA,NA,NA,NA,NA,NA,NA,NA,NA,NA,NA,NA,NA,NA,NA,NA,NA,NA,NA,-165055.67,175606.63,1.0,S,-0.7303348230088499,0.777020486725664,NA,NA,NA,NA,NA,NA,NA,NA,NA,NA,NA,NA,NA,NA,NA,NA,NA,NA
NA,Sky-H1-4,-156.41534,183.34476999999998,NA,NA,NA,NA,350.58643989999996,-21.255549235,NA,NA,NA,NA,NA,NA,NA,NA,NA,NA,NA,NA,NA,NA,NA,NA,NA,NA,NA,NA,-156415.34,183344.77,1.0,S,-0.6921032743362829,0.8112600442477879,NA,NA,NA,NA,NA,NA,NA,NA,NA,NA,NA,NA,NA,NA,NA,NA,NA,NA
NA,Sky-H1-5,-147.4127,190.65822,NA,NA,NA,NA,350.62685310000006,-21.225243683,NA,NA,NA,NA,NA,NA,NA,NA,NA,NA,NA,NA,NA,NA,NA,NA,NA,NA,NA,NA,-147412.7,190658.22,1.0,S,-0.652268584070796,0.8436204424778759,NA,NA,NA,NA,NA,NA,NA,NA,NA,NA,NA,NA,NA,NA,NA,NA,NA,NA
NA,Sky-H1-6,-138.06861,197.53006000000002,NA,NA,NA,NA,350.6687683,-21.196774798,NA,NA,NA,NA,NA,NA,NA,NA,NA,NA,NA,NA,NA,NA,NA,NA,NA,NA,NA,NA,-138068.61,197530.06,1.0,S,-0.610923053097345,0.874026814159292,NA,NA,NA,NA,NA,NA,NA,NA,NA,NA,NA,NA,NA,NA,NA,NA,NA,NA
NA,Sky-H1-7,-128.4047,203.94433999999998,NA,NA,NA,NA,350.7120892,-21.170207706,NA,NA,NA,NA,NA,NA,NA,NA,NA,NA,NA,NA,NA,NA,NA,NA,NA,NA,NA,NA,-128404.7,203944.34,1.0,S,-0.568162389380531,0.9024085840707959,NA,NA,NA,NA,NA,NA,NA,NA,NA,NA,NA,NA,NA,NA,NA,NA,NA,NA
NA,Sky-H1-8,-118.44463999999999,209.88551,NA,NA,NA,NA,350.7567104,-21.145605898,NA,NA,NA,NA,NA,NA,NA,NA,NA,NA,NA,NA,NA,NA,NA,NA,NA,NA,NA,NA,-118444.64,209885.51,1.0,S,-0.524091327433628,0.928696946902655,NA,NA,NA,NA,NA,NA,NA,NA,NA,NA,NA,NA,NA,NA,NA,NA,NA,NA
NA,Sky-H2-1,-100.81652,218.89972999999998,NA,NA,NA,NA,350.8356266,-21.108290657,NA,NA,NA,NA,NA,NA,NA,NA,NA,NA,NA,NA,NA,NA,NA,NA,NA,NA,NA,NA,-100816.52,218899.73,1.0,S,-0.446090796460177,0.968582876106195,NA,NA,NA,NA,NA,NA,NA,NA,NA,NA,NA,NA,NA,NA,NA,NA,NA,NA
NA,Sky-H2-2,-90.16757,223.49692000000002,NA,NA,NA,NA,350.8832685,-21.089266516,NA,NA,NA,NA,NA,NA,NA,NA,NA,NA,NA,NA,NA,NA,NA,NA,NA,NA,NA,NA,-90167.57,223496.92,1.0,S,-0.39897154867256607,0.988924424778761,NA,NA,NA,NA,NA,NA,NA,NA,NA,NA,NA,NA,NA,NA,NA,NA,NA,NA
NA,Sky-H2-3,-79.30977,227.57641,NA,NA,NA,NA,350.9318246,-21.072389189000003,NA,NA,NA,NA,NA,NA,NA,NA,NA,NA,NA,NA,NA,NA,NA,NA,NA,NA,NA,NA,-79309.77,227576.41,1.0,S,-0.350928185840708,1.00697526548673,NA,NA,NA,NA,NA,NA,NA,NA,NA,NA,NA,NA,NA,NA,NA,NA,NA,NA
NA,Sky-H2-4,-67.70168000000001,229.21056000000002,NA,NA,NA,NA,350.98353010000005,-21.065173274,NA,NA,NA,NA,NA,NA,NA,NA,NA,NA,NA,NA,NA,NA,NA,NA,NA,NA,NA,NA,-67701.68,229210.56,2.0,S,-0.299564955752212,1.01420601769912,NA,NA,NA,NA,NA,NA,NA,NA,NA,NA,NA,NA,NA,NA,NA,NA,NA,NA
NA,Sky-H2-5,-56.59499,232.20251000000002,NA,NA,NA,NA,351.03319469999997,-21.052795733,NA,NA,NA,NA,NA,NA,NA,NA,NA,NA,NA,NA,NA,NA,NA,NA,NA,NA,NA,NA,-56594.99,232202.51,2.0,S,-0.250420309734513,1.02744473451327,NA,NA,NA,NA,NA,NA,NA,NA,NA,NA,NA,NA,NA,NA,NA,NA,NA,NA
NA,Sky-H2-6,-45.73679,236.62039,NA,NA,NA,NA,351.0818623,-21.034996702,NA,NA,NA,NA,NA,NA,NA,NA,NA,NA,NA,NA,NA,NA,NA,NA,NA,NA,NA,NA,-45736.79,236620.39,1.0,S,-0.20237517699115,1.04699287610619,NA,NA,NA,NA,NA,NA,NA,NA,NA,NA,NA,NA,NA,NA,NA,NA,NA,NA
NA,Sky-H2-7,-33.72972,234.58752,NA,NA,NA,NA,351.13530499999996,-21.042478537,NA,NA,NA,NA,NA,NA,NA,NA,NA,NA,NA,NA,NA,NA,NA,NA,NA,NA,NA,NA,-33729.72,234587.52,3.0,S,-0.149246548672566,1.0379978761061899,NA,NA,NA,NA,NA,NA,NA,NA,NA,NA,NA,NA,NA,NA,NA,NA,NA,NA
NA,Sky-H2-8,-22.783260000000002,239.92078999999998,NA,NA,NA,NA,351.18437939999995,-21.021372258,NA,NA,NA,NA,NA,NA,NA,NA,NA,NA,NA,NA,NA,NA,NA,NA,NA,NA,NA,NA,-22783.26,239920.79,1.0,S,-0.10081088495575201,1.0615964159292,NA,NA,NA,NA,NA,NA,NA,NA,NA,NA,NA,NA,NA,NA,NA,NA,NA,NA
NA,Sky-H3-1,184.61356,154.91577,NA,NA,NA,NA,352.1118125,-21.373891778,NA,NA,NA,NA,NA,NA,NA,NA,NA,NA,NA,NA,NA,NA,NA,NA,NA,NA,NA,NA,184613.56,154915.77,1.0,S,0.8168741592920351,0.685468008849557,NA,NA,NA,NA,NA,NA,NA,NA,NA,NA,NA,NA,NA,NA,NA,NA,NA,NA
NA,Sky-H3-2,191.8534,145.85381999999998,NA,NA,NA,NA,352.1443772,-21.411484867000002,NA,NA,NA,NA,NA,NA,NA,NA,NA,NA,NA,NA,NA,NA,NA,NA,NA,NA,NA,NA,191853.4,145853.82,1.0,S,0.848908849557522,0.645370884955752,NA,NA,NA,NA,NA,NA,NA,NA,NA,NA,NA,NA,NA,NA,NA,NA,NA,NA
NA,Sky-H3-3,198.64883999999998,136.45401999999999,NA,NA,NA,NA,352.17497569999995,-21.450486550999997,NA,NA,NA,NA,NA,NA,NA,NA,NA,NA,NA,NA,NA,NA,NA,NA,NA,NA,NA,NA,198648.84,136454.02,1.0,S,0.878977168141593,0.6037788495575219,NA,NA,NA,NA,NA,NA,NA,NA,NA,NA,NA,NA,NA,NA,NA,NA,NA,NA
NA,Sky-H3-4,203.28293,125.68632,NA,NA,NA,NA,352.1964458,-21.494937126,NA,NA,NA,NA,NA,NA,NA,NA,NA,NA,NA,NA,NA,NA,NA,NA,NA,NA,NA,NA,203282.93,125686.32,2.0,S,0.899481991150442,0.556134159292035,NA,NA,NA,NA,NA,NA,NA,NA,NA,NA,NA,NA,NA,NA,NA,NA,NA,NA
NA,Sky-H3-5,210.84465,116.72873,NA,NA,NA,NA,352.2299932,-21.532354999000002,NA,NA,NA,NA,NA,NA,NA,NA,NA,NA,NA,NA,NA,NA,NA,NA,NA,NA,NA,NA,210844.65,116728.73,1.0,S,0.9329409292035401,0.516498805309734,NA,NA,NA,NA,NA,NA,NA,NA,NA,NA,NA,NA,NA,NA,NA,NA,NA,NA
NA,Sky-H3-6,216.21677000000003,106.44891000000001,NA,NA,NA,NA,352.254283,-21.575034086,NA,NA,NA,NA,NA,NA,NA,NA,NA,NA,NA,NA,NA,NA,NA,NA,NA,NA,NA,NA,216216.77,106448.91,1.0,S,0.9567113716814158,0.471012876106195,NA,NA,NA,NA,NA,NA,NA,NA,NA,NA,NA,NA,NA,NA,NA,NA,NA,NA
NA,Sky-H3-7,221.08806,95.92253000000001,NA,NA,NA,NA,352.2763488,-21.618746600999998,NA,NA,NA,NA,NA,NA,NA,NA,NA,NA,NA,NA,NA,NA,NA,NA,NA,NA,NA,NA,221088.06,95922.53,1.0,S,0.9782657522123891,0.424435973451327,NA,NA,NA,NA,NA,NA,NA,NA,NA,NA,NA,NA,NA,NA,NA,NA,NA,NA
NA,Sky-H3-8,221.70475,83.76159,NA,NA,NA,NA,352.28049330000005,-21.668982383000003,NA,NA,NA,NA,NA,NA,NA,NA,NA,NA,NA,NA,NA,NA,NA,NA,NA,NA,NA,NA,221704.75,83761.59,3.0,S,0.980994469026549,0.37062650442477896,NA,NA,NA,NA,NA,NA,NA,NA,NA,NA,NA,NA,NA,NA,NA,NA,NA,NA
NA,Sky-H4-1,239.9828,-22.12059,NA,NA,NA,NA,352.3641151,-22.109662205,NA,NA,NA,NA,NA,NA,NA,NA,NA,NA,NA,NA,NA,NA,NA,NA,NA,NA,NA,NA,239982.8,-22120.59,1.0,S,1.06187079646018,-0.0978787168141593,NA,NA,NA,NA,NA,NA,NA,NA,NA,NA,NA,NA,NA,NA,NA,NA,NA,NA
NA,Sky-H4-2,238.64054,-33.64155,NA,NA,NA,NA,352.35839219999997,-22.157650114000003,NA,NA,NA,NA,NA,NA,NA,NA,NA,NA,NA,NA,NA,NA,NA,NA,NA,NA,NA,NA,238640.54,-33641.55,1.0,S,1.0559315929203499,-0.148856415929204,NA,NA,NA,NA,NA,NA,NA,NA,NA,NA,NA,NA,NA,NA,NA,NA,NA,NA
NA,Sky-H4-3,236.74552000000003,-45.084590000000006,NA,NA,NA,NA,352.3501789,-22.205327225999998,NA,NA,NA,NA,NA,NA,NA,NA,NA,NA,NA,NA,NA,NA,NA,NA,NA,NA,NA,NA,236745.52,-45084.59,1.0,S,1.04754654867257,-0.199489336283186,NA,NA,NA,NA,NA,NA,NA,NA,NA,NA,NA,NA,NA,NA,NA,NA,NA,NA
NA,Sky-H4-4,234.30212999999998,-56.423190000000005,NA,NA,NA,NA,352.3394919,-22.252582859,NA,NA,NA,NA,NA,NA,NA,NA,NA,NA,NA,NA,NA,NA,NA,NA,NA,NA,NA,NA,234302.13,-56423.19,1.0,S,1.03673508849558,-0.24966013274336302,NA,NA,NA,NA,NA,NA,NA,NA,NA,NA,NA,NA,NA,NA,NA,NA,NA,NA
NA,Sky-H4-5,231.31601,-67.6311,NA,NA,NA,NA,352.3263536,-22.299307333,NA,NA,NA,NA,NA,NA,NA,NA,NA,NA,NA,NA,NA,NA,NA,NA,NA,NA,NA,NA,231316.01,-67631.1,1.0,S,1.0235221681415898,-0.29925265486725705,NA,NA,NA,NA,NA,NA,NA,NA,NA,NA,NA,NA,NA,NA,NA,NA,NA,NA
NA,Sky-H4-6,227.79408999999998,-78.68236,NA,NA,NA,NA,352.3107923,-22.345392045,NA,NA,NA,NA,NA,NA,NA,NA,NA,NA,NA,NA,NA,NA,NA,NA,NA,NA,NA,NA,227794.09,-78682.36,1.0,S,1.00793845132743,-0.34815203539823,NA,NA,NA,NA,NA,NA,NA,NA,NA,NA,NA,NA,NA,NA,NA,NA,NA,NA
NA,Sky-H4-7,223.74452999999997,-89.55136,NA,NA,NA,NA,352.29284210000003,-22.390729731999997,NA,NA,NA,NA,NA,NA,NA,NA,NA,NA,NA,NA,NA,NA,NA,NA,NA,NA,NA,NA,223744.53,-89551.36,1.0,S,0.9900200442477879,-0.396244955752212,NA,NA,NA,NA,NA,NA,NA,NA,NA,NA,NA,NA,NA,NA,NA,NA,NA,NA
NA,Sky-H4-8,219.17732,-100.21161,NA,NA,NA,NA,352.2725452,-22.435209335,NA,NA,NA,NA,NA,NA,NA,NA,NA,NA,NA,NA,NA,NA,NA,NA,NA,NA,NA,NA,219177.32,-100211.61,1.0,S,0.969811150442478,-0.44341420353982297,NA,NA,NA,NA,NA,NA,NA,NA,NA,NA,NA,NA,NA,NA,NA,NA,NA,NA
NA,Sky-H5-1,41.83481,-237.34134,NA,NA,NA,NA,351.4741598,-23.008610586,NA,NA,NA,NA,NA,NA,NA,NA,NA,NA,NA,NA,NA,NA,NA,NA,NA,NA,NA,NA,41834.81,-237341.34,1.0,S,0.185109778761062,-1.0501829203539799,NA,NA,NA,NA,NA,NA,NA,NA,NA,NA,NA,NA,NA,NA,NA,NA,NA,NA
NA,Sky-H5-2,30.366870000000002,-239.07931000000002,NA,NA,NA,NA,351.422299,-23.015899875,NA,NA,NA,NA,NA,NA,NA,NA,NA,NA,NA,NA,NA,NA,NA,NA,NA,NA,NA,NA,30366.87,-239079.31,1.0,S,0.134366681415929,-1.05787305309735,NA,NA,NA,NA,NA,NA,NA,NA,NA,NA,NA,NA,NA,NA,NA,NA,NA,NA
NA,Sky-H5-3,18.8286,-240.26349,NA,NA,NA,NA,351.3701136,-23.020869729,NA,NA,NA,NA,NA,NA,NA,NA,NA,NA,NA,NA,NA,NA,NA,NA,NA,NA,NA,NA,18828.6,-240263.49,1.0,S,0.083312389380531,-1.06311278761062,NA,NA,NA,NA,NA,NA,NA,NA,NA,NA,NA,NA,NA,NA,NA,NA,NA,NA
NA,Sky-H5-4,7.2467,-240.89115,NA,NA,NA,NA,351.3177266,-23.023508365,NA,NA,NA,NA,NA,NA,NA,NA,NA,NA,NA,NA,NA,NA,NA,NA,NA,NA,NA,NA,7246.7,-240891.15,1.0,S,0.0320650442477876,-1.0658900442477899,NA,NA,NA,NA,NA,NA,NA,NA,NA,NA,NA,NA,NA,NA,NA,NA,NA,NA
NA,Sky-H5-5,-4.35197,-240.96083,NA,NA,NA,NA,351.265262,-23.023809428000003,NA,NA,NA,NA,NA,NA,NA,NA,NA,NA,NA,NA,NA,NA,NA,NA,NA,NA,NA,NA,-4351.97,-240960.83,1.0,S,-0.0192565044247788,-1.06619836283186,NA,NA,NA,NA,NA,NA,NA,NA,NA,NA,NA,NA,NA,NA,NA,NA,NA,NA
NA,Sky-H5-6,-15.940570000000001,-240.47237,NA,NA,NA,NA,351.21284380000003,-23.021772111999997,NA,NA,NA,NA,NA,NA,NA,NA,NA,NA,NA,NA,NA,NA,NA,NA,NA,NA,NA,NA,-15940.57,-240472.37,1.0,S,-0.0705334955752212,-1.06403703539823,NA,NA,NA,NA,NA,NA,NA,NA,NA,NA,NA,NA,NA,NA,NA,NA,NA,NA
NA,Sky-H5-7,-27.492240000000002,-239.4269,NA,NA,NA,NA,351.1605959,-23.017401116,NA,NA,NA,NA,NA,NA,NA,NA,NA,NA,NA,NA,NA,NA,NA,NA,NA,NA,NA,NA,-27492.24,-239426.9,1.0,S,-0.121647079646018,-1.0594110619469,NA,NA,NA,NA,NA,NA,NA,NA,NA,NA,NA,NA,NA,NA,NA,NA,NA,NA
NA,Sky-H5-8,-38.978790000000004,-237.82707000000002,NA,NA,NA,NA,351.1086482,-23.010707616999998,NA,NA,NA,NA,NA,NA,NA,NA,NA,NA,NA,NA,NA,NA,NA,NA,NA,NA,NA,NA,-38978.79,-237827.07,1.0,S,-0.17247252212389402,-1.0523321681415898,NA,NA,NA,NA,NA,NA,NA,NA,NA,NA,NA,NA,NA,NA,NA,NA,NA,NA
NA,Sky-H6-1,-58.36925,-233.82492000000002,NA,NA,NA,NA,351.0209753,-22.993956471999997,NA,NA,NA,NA,NA,NA,NA,NA,NA,NA,NA,NA,NA,NA,NA,NA,NA,NA,NA,NA,-58369.25,-233824.92,1.0,S,-0.258271017699115,-1.03462353982301,NA,NA,NA,NA,NA,NA,NA,NA,NA,NA,NA,NA,NA,NA,NA,NA,NA,NA
NA,Sky-H6-2,-69.55194,-230.74572999999998,NA,NA,NA,NA,350.9704292,-22.981066318000003,NA,NA,NA,NA,NA,NA,NA,NA,NA,NA,NA,NA,NA,NA,NA,NA,NA,NA,NA,NA,-69551.94,-230745.73,1.0,S,-0.307751946902655,-1.02099880530973,NA,NA,NA,NA,NA,NA,NA,NA,NA,NA,NA,NA,NA,NA,NA,NA,NA,NA
NA,Sky-H6-3,-79.90484000000001,-225.24701000000002,NA,NA,NA,NA,350.9234719,-22.958620530999998,NA,NA,NA,NA,NA,NA,NA,NA,NA,NA,NA,NA,NA,NA,NA,NA,NA,NA,NA,NA,-79904.84,-225247.01,2.0,S,-0.35356123893805297,-0.996668185840708,NA,NA,NA,NA,NA,NA,NA,NA,NA,NA,NA,NA,NA,NA,NA,NA,NA,NA
NA,Sky-H6-4,-91.4085,-222.99226000000002,NA,NA,NA,NA,350.87168239999994,-22.948607294000002,NA,NA,NA,NA,NA,NA,NA,NA,NA,NA,NA,NA,NA,NA,NA,NA,NA,NA,NA,NA,-91408.5,-222992.26,1.0,S,-0.40446238938053103,-0.9866914159292041,NA,NA,NA,NA,NA,NA,NA,NA,NA,NA,NA,NA,NA,NA,NA,NA,NA,NA
NA,Sky-H6-5,-102.03171999999999,-218.33596,NA,NA,NA,NA,350.8237146,-22.929114884,NA,NA,NA,NA,NA,NA,NA,NA,NA,NA,NA,NA,NA,NA,NA,NA,NA,NA,NA,NA,-102031.72,-218335.96,1.0,S,-0.45146778761061995,-0.966088318584071,NA,NA,NA,NA,NA,NA,NA,NA,NA,NA,NA,NA,NA,NA,NA,NA,NA,NA
NA,Sky-H6-6,-112.41861000000002,-213.17391,NA,NA,NA,NA,350.7768349,-22.907506581,NA,NA,NA,NA,NA,NA,NA,NA,NA,NA,NA,NA,NA,NA,NA,NA,NA,NA,NA,NA,-112418.61,-213173.91,1.0,S,-0.49742747787610603,-0.9432473893805309,NA,NA,NA,NA,NA,NA,NA,NA,NA,NA,NA,NA,NA,NA,NA,NA,NA,NA
NA,Sky-H6-7,-122.54511000000001,-207.51809,NA,NA,NA,NA,350.7311535,-22.883833315,NA,NA,NA,NA,NA,NA,NA,NA,NA,NA,NA,NA,NA,NA,NA,NA,NA,NA,NA,NA,-122545.11,-207518.09,1.0,S,-0.542235,-0.9182216371681421,NA,NA,NA,NA,NA,NA,NA,NA,NA,NA,NA,NA,NA,NA,NA,NA,NA,NA
NA,Sky-H6-8,-132.38652,-201.3824,NA,NA,NA,NA,350.6867832,-22.858154123000002,NA,NA,NA,NA,NA,NA,NA,NA,NA,NA,NA,NA,NA,NA,NA,NA,NA,NA,NA,NA,-132386.52,-201382.4,1.0,S,-0.5857810619469029,-0.891072566371681,NA,NA,NA,NA,NA,NA,NA,NA,NA,NA,NA,NA,NA,NA,NA,NA,NA,NA
NA,Sky-H7-1,-207.18967,-123.09956000000001,NA,NA,NA,NA,350.3508873,-22.530820115999997,NA,NA,NA,NA,NA,NA,NA,NA,NA,NA,NA,NA,NA,NA,NA,NA,NA,NA,NA,NA,-207189.67,-123099.56,1.0,S,-0.916768451327434,-0.5446883185840711,NA,NA,NA,NA,NA,NA,NA,NA,NA,NA,NA,NA,NA,NA,NA,NA,NA,NA
NA,Sky-H7-2,-212.87255,-112.98823,NA,NA,NA,NA,350.3255458,-22.48858376,NA,NA,NA,NA,NA,NA,NA,NA,NA,NA,NA,NA,NA,NA,NA,NA,NA,NA,NA,NA,-212872.55,-112988.23,1.0,S,-0.941913938053097,-0.49994792035398206,NA,NA,NA,NA,NA,NA,NA,NA,NA,NA,NA,NA,NA,NA,NA,NA,NA,NA
NA,Sky-H7-3,-218.06235,-102.61518000000001,NA,NA,NA,NA,350.3024483,-22.445264893,NA,NA,NA,NA,NA,NA,NA,NA,NA,NA,NA,NA,NA,NA,NA,NA,NA,NA,NA,NA,-218062.35,-102615.18,1.0,S,-0.9648776548672571,-0.454049469026549,NA,NA,NA,NA,NA,NA,NA,NA,NA,NA,NA,NA,NA,NA,NA,NA,NA,NA
NA,Sky-H7-4,-222.74704,-92.00444,NA,NA,NA,NA,350.28164710000004,-22.400964725999998,NA,NA,NA,NA,NA,NA,NA,NA,NA,NA,NA,NA,NA,NA,NA,NA,NA,NA,NA,NA,-222747.04,-92004.44,1.0,S,-0.9856063716814158,-0.40709929203539796,NA,NA,NA,NA,NA,NA,NA,NA,NA,NA,NA,NA,NA,NA,NA,NA,NA,NA
NA,Sky-H7-5,-226.91579,-81.18059000000001,NA,NA,NA,NA,350.26318849999996,-22.355786675,NA,NA,NA,NA,NA,NA,NA,NA,NA,NA,NA,NA,NA,NA,NA,NA,NA,NA,NA,NA,-226915.79,-81180.59,1.0,S,-1.00405216814159,-0.359206150442478,NA,NA,NA,NA,NA,NA,NA,NA,NA,NA,NA,NA,NA,NA,NA,NA,NA,NA
NA,Sky-H7-6,-230.55892000000003,-70.1687,NA,NA,NA,NA,350.2471138,-22.309836114,NA,NA,NA,NA,NA,NA,NA,NA,NA,NA,NA,NA,NA,NA,NA,NA,NA,NA,NA,NA,-230558.92,-70168.7,1.0,S,-1.02017221238938,-0.31048097345132697,NA,NA,NA,NA,NA,NA,NA,NA,NA,NA,NA,NA,NA,NA,NA,NA,NA,NA
NA,Sky-H7-7,-233.66801,-58.99428,NA,NA,NA,NA,350.2334579,-22.263220141999998,NA,NA,NA,NA,NA,NA,NA,NA,NA,NA,NA,NA,NA,NA,NA,NA,NA,NA,NA,NA,-233668.01,-58994.28,1.0,S,-1.03392924778761,-0.261036637168142,NA,NA,NA,NA,NA,NA,NA,NA,NA,NA,NA,NA,NA,NA,NA,NA,NA,NA
NA,Sky-H7-8,-236.23556000000002,-47.68464,NA,NA,NA,NA,350.222252,-22.21605326,NA,NA,NA,NA,NA,NA,NA,NA,NA,NA,NA,NA,NA,NA,NA,NA,NA,NA,NA,NA,-236235.56,-47684.64,1.0,S,-1.04529008849558,-0.210993982300885,NA,NA,NA,NA,NA,NA,NA,NA,NA,NA,NA,NA,NA,NA,NA,NA,NA,NA
