#OBSTEMP,8
#CONFIGTEMP,19
#EQUINOX,J2000.0
#CENTRE,15 59 40.65,-22 02 35.4 #Field centre
#UTTIME,12 00 00.00 #Target observing time
#UTDATE,2021 07 10 #Target observing date
#PLATEID,a test_plateID
#LABEL,240_m20_comissioning Tile 000
#TILING_DATE,2021 06 08 # Date the tile was created/configured
#PROXIMITY,220 # tiling proximity value in arcseconds
probe,ID,RA,DEC,g_mag,r_mag,i_mag,z_mag,y_mag,GAIA_g_mag,GAIA_bp_mag,GAIA_rp_mag,pmRA,pmDEC,Re,GAL_MU_E_R,Mstar,priority,remaining_observations,Tile_number,COMPLETED,MagnetX_noDC,MagnetY_noDC,type,MagnetX,MagnetY,Position,fibre_type,x,y,grads,gangs,gazAngs,gangs_gazAng
22,6243564481837370624,240.48537000000002,-21.617957999999998,NA,10.697899818420401,NA,NA,NA,NA,NA,NA,-11.723072417035901,-23.547779629734997,NA,NA,NA,NA,NA,NA,NA,127920.28938776,96094.3974693884,2,123920.23,99914.31,NA,G,-87.50763,-94.05158,128.465112029349,2.12133859699109,0.8214256304320121,1.29991296655907
23,6243612104440601600,240.04935,-21.589516,NA,10.828399658203098,NA,NA,NA,NA,NA,NA,-14.595033416963199,-4.69607135305918,NA,NA,NA,NA,NA,NA,NA,29379.7693877573,102522.28946938801,2,28266.39,106081.47,NA,G,-3.9367699999999997,69.46689,69.578351261761,6.37971023591796,-1.5141857079704601,1.6107106367088402
24,6243227172292998528,240.48427,-22.491997,NA,11.873800277710002,NA,NA,NA,NA,NA,NA,-5.60784288000512,3.5352576950285,NA,NA,NA,NA,NA,NA,NA,127671.68938775802,-101438.416530612,2,123047.71,-106032.78,NA,G,188.4001,-78.47053000000001,204.088759510393,4.35765623164289,2.74693501276759,1.6107212188753
25,6246530345736828288,239.47615,-21.590834,NA,12.191499710083,NA,NA,NA,NA,NA,NA,-9.03548479081139,-11.538120527227099,NA,NA,NA,NA,NA,NA,NA,-100163.430612246,102224.421469388,2,-96827.21,106127.6,NA,G,-188.98745,-83.90227,206.77487073785198,4.74657684093565,0.4178170761885,4.32875976474715
26,6243232081430715392,240.7765,-22.371107000000002,NA,12.228599548339801,NA,NA,NA,NA,NA,NA,-17.3132852790657,-9.67093476320869,NA,NA,NA,NA,NA,NA,NA,193715.669387756,-74117.2765306126,2,188400.1,-78470.53,NA,G,-82.10018000000001,123.29302,148.127000701266,0.417350283314254,-0.983328287887182,1.4006785712014398
27,6243514557142507520,240.00002999999998,-21.678959,NA,12.245400428772,NA,NA,NA,NA,NA,NA,-11.779856566006801,-16.0499582879932,NA,NA,NA,NA,NA,NA,NA,18233.449387752098,82308.1714693881,2,17502.14,85030.46,NA,G,28.26639,106.08147,109.78281778581301,3.2973986328179503,4.45198023552766,5.12860370446987
