#OBSTEMP,8
#CONFIGTEMP,19
#EQUINOX,J2000.0
#CENTRE,16 00 29.30,-21 59 22.9 #Field centre
#UTTIME,14 00 00.00 #Target observing time
#UTDATE,2021 07 10 #Target observing date
#PLATEID,a test_plateID
#LABEL,240_m20_comissioning Tile 000
#TILING_DATE,2021 06 11 # Date the tile was created/configured
#PROXIMITY,220 # tiling proximity value in arcseconds
probe,ID,x,y,rads,angs,azAngs,angs_azAng,RA,DEC,g_mag,r_mag,i_mag,z_mag,y_mag,GAIA_g_mag,GAIA_bp_mag,GAIA_rp_mag,pmRA,pmDEC,Re,GAL_MU_E_R,Mstar,priority,remaining_observations,Tile_number,COMPLETED,MagnetX_noDC,MagnetY_noDC,type,MagnetX,MagnetY,SkyFibrePosition,fibre_type,fraction_plate_radius_X,fraction_plate_radius_Y,grads,gangs,gazAngs,gangs_gazAng,Magnet,Label,order,Pickup_option,Index,Hexabundle,probe_orientation,rectMag_inputOrientation,Magnet_C,Label_C,order_C,Pickup_option_C,offset_P,offset_Q
1.0,6243455183514478976,-64.67898764144743,-3.9139087501193663,64.7680572103448,-0.728444441757036,0.0607623786584033,5.49397848676415,239.8228,-22.006319,15.6476001739502,14.9937000274658,14.7564001083374,14.6336002349854,14.5583000183105,15.031872,15.532604,14.379479,-3.820030079297,-4.03410997458121,1.0,19.0,-99.0,1.0,1.0,-999.0,False,-67633.405714284,-3756.22146938835,1.0,-64648.53,-3933.04,NA,P,-0.286055442477876,-0.0174028318584071,NA,NA,NA,NA,rectangular_magnet,R01,1.0,I,1.0,A,-48.26320787755867,5.49397848676415,circular_magnet,Blu,1.0,TR,0.03546368063999998,0.006
2.0,6243222946045100544,98.07922952730884,-131.6521872422568,164.159112839735,0.766053348636056,2.21132164757055,4.83791700824509,240.5727,-22.547205,17.2110004425049,16.5352993011475,16.2155990600586,16.0492000579834,15.9242000579834,16.543694,17.064577,15.825532,-4.46322478963288,-3.34869583109249,1.0,19.0,-99.0,1.0,1.0,-999.0,False,101843.994285715,-125996.457469388,1.0,98104.23,-131619.81,NA,P,0.434089513274336,-0.582388539823009,NA,NA,NA,NA,rectangular_magnet,R02,1.0,I,2.0,B,-133.89162375870956,4.83791700824509,circular_magnet,Yel,1.0,RO,0.04046368063999998,0.006
3.0,6243513869947710080,-13.027048004271455,68.48404357759318,69.7056982745952,3.35172491342272,-1.38260198676612,4.73432690018884,240.06178,-21.69595,18.43630027771,17.824800491333,17.5519008636475,17.4298992156982,17.3365993499756,17.850332,18.32902,17.179659,-3.70840510069674,-2.33111212273264,1.0,19.0,-99.0,1.0,1.0,-999.0,False,-13623.9257142845,66387.172530612,1.0,-13040.92,68474.95,NA,P,-0.057703185840708,0.302986504424779,NA,NA,NA,NA,rectangular_magnet,R03,1.0,I,3.0,C,77.96030837202693,4.73432690018884,circular_magnet,Blu,1.0,TR,0.015463680639999975,0.006
4.0,6243570666596999808,73.03356100017226,118.2762070820365,138.975949247108,3.09866297971782,4.1595342242873,5.22231406261011,240.456,-21.485659,17.1040992736816,16.5042991638184,16.2458000183105,16.1380004882813,16.0650005340576,16.528673,17.015089,15.88012,-3.27812103292475,-4.24760972375005,1.0,19.0,-99.0,1.0,1.0,-999.0,False,75469.7942857132,113912.938530612,1.0,72978.89,118272.55,NA,P,0.322915442477876,0.523329867256637,NA,NA,NA,NA,rectangular_magnet,R04,1.0,I,4.0,D,92.45968912873718,5.22231406261011,circular_magnet,Gre,1.0,TR,0.05446368063999998,0.006
5.0,6246536427410608512,-157.42943640591082,133.76563586340995,206.577550145344,3.08287626166195,-0.704301932129034,3.78717819379099,239.41011,-21.425264,17.7845001220703,16.9106998443604,16.5503005981445,16.369800567627,16.2469005584717,16.950565,17.583118,16.173782,-8.12473535360584,-3.78680423295996,1.0,19.0,-99.0,1.0,1.0,-999.0,False,-160901.345714284,127562.208530612,1.0,-157425.26,133759.38,NA,P,-0.696571946902655,0.591855663716814,NA,NA,NA,NA,rectangular_magnet,R05,1.0,I,5.0,I,93.36420144570116,3.78717819379099,circular_magnet,Mag,1.0,TR,-0.004536319360000025,0.006
6.0,6243446181262893696,15.091257030090713,-5.413468701177729,16.0069019670516,3.72185477822092,2.79523150330925,0.926623274911675,240.19218,-22.013136,16.032600402832,15.4392995834351,15.1922998428345,15.0853004455566,14.9910001754761,15.465678,15.9300785,14.819762,-4.24943264180225,-1.15359531373464,1.0,19.0,-99.0,1.0,1.0,-999.0,False,15846.4742857175,-5296.86346938792,1.0,15056.32,-5433.98,NA,P,0.0666208849557522,-0.0240441592920354,NA,NA,NA,NA,rectangular_magnet,R06,1.0,I,6.0,J,56.75342924734201,0.926623274911675,circular_magnet,Blu,1.0,TL,0.04046368063999998,-0.002
7.0,6243420892496083328,-109.28724183378016,-72.5407726259604,131.175643343109,-1.03040622656562,0.585907353081697,4.66687172753227,239.61848,-22.298157,18.2478008270264,17.1879005432129,16.830099105835,16.5498008728027,16.4370994567871,17.359007,17.908028,16.30469,-9.8903073105999,-9.68908812309869,1.0,19.0,-99.0,1.0,1.0,-999.0,False,-113809.725714283,-69711.609469388,1.0,-109296.95,-72534.31,NA,P,-0.48361482300885,-0.320948274336283,NA,NA,NA,NA,rectangular_magnet,R07,1.0,I,7.0,K,-30.962072033789127,4.66687172753227,circular_magnet,Gre,1.0,TR,-0.010536319360000025,-0.005
8.0,6243489577612243584,-202.2575037136238,-8.355510354145208,202.42413898135,-1.5335255352895,0.041433445518305,4.70822632637178,239.20308,-22.022495,18.0799999237061,17.3959007263184,17.0797996520996,16.9400005340576,16.840799331665,17.42157,17.916876,16.704206,-9.50909419952175,-6.87900437491966,1.0,19.0,-99.0,1.0,1.0,-999.0,False,-207690.125714284,-7411.99746938869,1.0,-202250.41,-8384.73,NA,P,-0.894913318584071,-0.0371005752212389,NA,NA,NA,NA,rectangular_magnet,R08,1.0,I,8.0,L,-2.135459052371175,4.70822632637178,circular_magnet,Mag,1.0,TR,0.029463680639999976,0.006
9.0,6243210095503164160,-29.69937905597958,-146.32311805987536,149.2954783603,2.00712925120005,1.37043964769073,0.636689603509323,239.98532,-22.611778,18.2404003143311,17.5811004638672,17.2817001342773,17.1429004669189,17.0475006103516,17.621658,17.757349,16.851812,-2.77031219424669,-6.02745275042852,1.0,19.0,-99.0,1.0,1.0,-999.0,False,-30903.8857142775,-140589.955469388,1.0,-29712.62,-146308.92,NA,P,-0.131471769911504,-0.647384601769912,NA,NA,NA,NA,rectangular_magnet,R09,1.0,I,9.0,M,154.9999649689839,0.636689603509323,circular_magnet,Yel,1.0,TR,0.018463680639999976,0.006
10.0,6243552593374031872,112.8982712652437,68.56856597566032,132.063873358714,3.6340444933678,3.68736267182581,6.22986712872158,240.6399,-21.696665,17.9207000732422,17.3372993469238,17.0613994598389,16.9349002838135,16.8285999298096,17.354914,17.842983,16.691002,-3.80428586906631,0.497905873931261,1.0,19.0,-99.0,1.0,1.0,-999.0,False,117031.194285718,66225.5825306121,1.0,112878.67,68551.24,NA,P,0.49946314159292,0.30332407079646,NA,NA,NA,NA,rectangular_magnet,R10,1.0,I,10.0,N,61.78458796726716,6.22986712872158,circular_magnet,Gre,1.0,TR,0.025463680639999976,0.006
11.0,6246504953890598016,-177.9976745485959,66.51416726642746,190.045304626147,2.11714438910712,-0.35768071630333,2.47482510541045,239.31291,-21.706842,18.9487991333008,17.9099006652832,17.4354000091553,17.2033996582031,17.0293998718262,17.91407,18.655767,17.048628,-1.47089096436808,2.92745700849169,1.0,19.0,-99.0,1.0,1.0,-999.0,False,-182868.545714287,63925.5805306116,1.0,-178017.59,66535.37,NA,P,-0.787688451327434,0.294404292035398,NA,NA,NA,NA,rectangular_magnet,R11,1.0,I,11.0,O,148.69656188435908,2.47482510541045,circular_magnet,Yel,1.0,TR,0.028463680639999975,0.006
12.0,6243408248111571584,-6.329416090876949,-79.65769035011111,79.8698320121991,1.61403380200128,1.49141998223945,0.122613819761831,240.0928,-22.330832,17.5919990539551,16.9792003631592,16.6930999755859,16.5596008300781,16.4743995666504,16.994648,17.496092,16.314512,-4.72930503105694,-2.48465611786776,1.0,19.0,-99.0,1.0,1.0,-999.0,False,-6613.40571428173,-77096.1594693883,1.0,-6333.12,-79618.35,NA,P,-0.0280226548672566,-0.352293584070796,NA,NA,NA,NA,rectangular_magnet,R12,1.0,I,12.0,P,177.5226751538725,0.122613819761831,circular_magnet,Blu,1.0,TR,0.03946368063999998,0.002
13.0,6243191090262900480,-25.62509876445692,-198.60484055967473,200.270360735294,-0.741432568711716,1.44265930802977,4.0990934304381,240.00531,-22.826096,16.5554008483887,15.8931999206543,15.5333003997803,15.3459997177124,15.2225999832153,15.878317,16.413242,15.150495,-0.455927542012486,-3.95940328706943,1.0,19.0,-99.0,1.0,1.0,-999.0,False,-26386.1457142823,-189025.823469388,1.0,-25591.88,-198628.48,NA,P,-0.113238407079646,-0.878887079646018,NA,NA,NA,NA,rectangular_magnet,R13,1.0,I,13.0,Q,-47.51904301927527,4.0990934304381,circular_magnet,Mag,1.0,TR,0.04046368063999998,0.005
14.0,6237408488035319296,-154.28037014624968,-126.01243459207569,199.211782234144,2.5665830672646,0.6848044654057,1.8817786018589,239.4183,-22.519136,17.7709999084473,17.3724002838135,17.1686000823975,17.1110992431641,17.0547008514404,17.358723,17.691156,16.802258,-11.0371852597213,-8.84915690477329,1.0,19.0,-99.0,1.0,1.0,-999.0,False,-159050.405714287,-119652.863469388,1.0,-154298.04,-126005.75,NA,P,-0.682734690265487,-0.557547566371681,NA,NA,NA,NA,rectangular_magnet,R14,1.0,I,14.0,R,122.94562247599696,1.8817786018589,circular_magnet,Mag,1.0,TL,0.018463680639999976,0.004
15.0,6237465937518082816,-189.15509228695237,-74.43141174197957,203.297751028924,4.47716259187856,0.375089120152958,4.1020734717256,239.26122,-22.301052,17.3876991271973,16.5657005310059,16.2290000915527,16.0503997802734,15.9266996383667,16.601345,17.19941,15.846068,-4.71990659935332,-7.10163184593911,1.0,19.0,-99.0,1.0,1.0,-999.0,False,-194550.485714282,-70365.8794693877,1.0,-189163.47,-74479.24,NA,P,-0.837006504424779,-0.329554159292035,NA,NA,NA,NA,rectangular_magnet,R15,1.0,I,15.0,S,13.477479291505915,4.1020734717256,circular_magnet,Mag,1.0,TR,0.04846368063999998,0.003
16.0,6243350455029434880,122.17533878253111,0.5921373523801557,122.154506782231,4.1330543610665,3.14607436979592,0.986979991270575,240.68436,-21.986376,17.9815006256104,17.3754997253418,17.1201992034912,17.0160007476807,16.8467998504639,17.425371,17.75877,16.691051,0.467390209290201,-0.648438541074597,1.0,19.0,-99.0,1.0,1.0,-999.0,False,127079.154285715,750.896530611961,1.0,122153.28,547.46,NA,P,0.540501238938053,0.0024223893805309,NA,NA,NA,NA,rectangular_magnet,R16,1.0,I,16.0,T,33.193428612750544,0.986979991270575,circular_magnet,Gre,1.0,TL,0.04946368063999998,0.006
17.0,6243640038908124416,-17.6713889335811,185.27623801085423,186.11505583123,2.81504659525992,-1.4756506901568,4.29069728541672,240.04173,-21.206757,16.12380027771,15.5045003890991,15.2610998153687,15.1619997024536,15.083399772644,15.542556,16.036077,14.898942,-4.27366471921475,-4.60030322182736,1.0,19.0,-99.0,1.0,1.0,-999.0,False,-18155.225714284,176944.790530612,1.0,-17681.33,185273.27,NA,P,-0.0782359734513274,0.819793230088496,NA,NA,NA,NA,rectangular_magnet,R17,1.0,I,17.0,E,108.70971095893464,4.29069728541672,circular_magnet,Yel,1.0,RO,0.008463680639999974,0.006
18.0,6243236896099403008,122.62403488571589,-62.61325310546532,137.693193881872,4.31799084449058,2.6692601832302,1.64873066126039,240.6863,-22.255432,17.9034004211426,17.1228008270264,16.779899597168,16.6131992340088,16.5004997253418,17.158531,17.725063,16.404125,4.79978773037611,4.03131675534069,1.0,19.0,-99.0,1.0,1.0,-999.0,False,127517.594285713,-60055.7594693878,1.0,122617.1,-62645.53,NA,P,0.542553539823009,-0.277192610619469,NA,NA,NA,NA,rectangular_magnet,R18,1.0,I,18.0,F,22.597348634559182,1.64873066126039,circular_magnet,Gre,1.0,TL,0.03246368063999998,0.006
19.0,6243626118912288000,-29.786526776139677,124.64674067317465,128.156477156219,3.09003616201186,-1.33594778153293,4.4259839435448,239.98523,-21.45794,18.4165000915527,17.8878002166748,17.6375999450684,17.5191993713379,17.442699432373,17.895008,18.30484,17.246056,-4.83367175492294,-4.10650144116549,1.0,19.0,-99.0,1.0,1.0,-999.0,False,-30924.2257142839,120177.432530612,1.0,-29821.46,124638.53,NA,P,-0.131953362831858,0.551497920353982,NA,NA,NA,NA,rectangular_magnet,R19,1.0,I,19.0,G,92.95396937391696,4.4259839435448,circular_magnet,Gre,1.0,TR,0.03446368063999998,0.01
20.0,6243180099451824000,167.50769746870472,-119.95291122987467,206.052200621794,4.59188680058426,2.51998628034323,2.07190052024103,240.88467,-22.492474,17.2486000061035,17.1520004272461,17.1511993408203,17.1375007629395,17.0813007354736,17.12541,17.275198,16.786482,-0.955638154959093,-1.75819020353251,NA,NA,NA,1.0,NA,NA,NA,172349.214285716,-113627.251469388,0.0,167508.91,-119992.81,NA,P,0.741189867256637,-0.530941637168142,NA,NA,NA,NA,rectangular_magnet,R20,1.0,I,20.0,H,6.904266324691207,2.07190052024103,circular_magnet,Mag,1.0,TL,0.03946368063999998,0.006
21.0,6243171028480235776,141.54533994026457,-155.03417648615715,209.928333075279,0.464776590759862,2.31081853433227,4.43714336360718,240.76662,-22.639654,17.092399597168,16.9125995635986,16.8784008026123,16.7695999145508,16.7541007995605,16.85673,17.030388,16.472578,-2.56889412582765,-7.3140577554951,NA,NA,NA,1.0,NA,NA,NA,145669.914285713,-146889.931469388,0.0,141555.58,-155022.33,NA,P,0.626352123893805,-0.685939513274336,NA,NA,NA,NA,rectangular_magnet,R21,1.0,I,21.0,U,-116.62973706701916,4.43714336360718,circular_magnet,Mag,1.0,TR,0.014463680639999974,0.006
22.0,6243612104440601600,-8.765173290277588,210.7025007369911,NA,NA,NA,NA,240.04935,-21.589516,NA,10.8283996582031,NA,NA,NA,NA,NA,NA,-14.5950334169632,-4.69607135305918,NA,NA,NA,NA,NA,NA,NA,-16433.1057142833,90441.256530612,2.0,-15761.21,93415.18,NA,G,NA,NA,210.899308096453,0.481587947630383,-1.5293004993028,2.01088844693319,rectangular_magnet,R22,1.0,I,22.0,GS1,-117.59295686358844,2.01088844693319,circular_magnet,Mag,1.0,RO,0.021463680639999975,0.006
23.0,6237185974371659136,11.938164459169442,205.90455208314881,NA,NA,NA,NA,239.94101,-22.877972,NA,11.8268003463745,NA,NA,NA,NA,NA,NA,-64.8859508882771,-43.6202203661294,NA,NA,NA,NA,NA,NA,NA,-40917.9457142829,-200749.799469388,2.0,-39795.62,-211728.3,NA,G,NA,NA,206.256989587836,2.6735753992815,4.6546217469359,4.30213895952519,rectangular_magnet,R23,1.0,I,23.0,GS2,116.81541341116603,4.30213895952519,circular_magnet,Mag,1.0,RO,0.030463680639999977,0.006
24.0,6243227172292998528,145.9183439528003,-107.03238968575985,NA,NA,NA,NA,240.48427,-22.491997,NA,11.87380027771,NA,NA,NA,NA,NA,NA,-5.60784288000512,3.53525769502851,NA,NA,NA,NA,NA,NA,NA,81858.8142857179,-113519.449469388,2.0,78619.92,-118155.05,NA,G,NA,NA,180.964592048547,0.763670232232796,2.5089284735157,4.53792706589668,rectangular_magnet,R24,1.0,I,24.0,GS3,-133.75508124671438,4.53792706589668,circular_magnet,Yel,1.0,RI,0.03546368063999998,0.006
25.0,6246530345736828288,-173.75941883164822,110.3319111592464,NA,NA,NA,NA,239.47615,-21.590834,NA,12.191499710083,NA,NA,NA,NA,NA,NA,-9.03548479081139,-11.5381205272271,NA,NA,NA,NA,NA,NA,NA,-145976.305714287,90143.3885306117,2.0,-141633.15,93798.4,NA,G,NA,NA,205.843974052102,3.14877310862698,-0.56577515728535,3.71454826591233,rectangular_magnet,R25,1.0,I,25.0,GS4,89.5885902313857,3.71454826591233,circular_magnet,Mag,1.0,TR,0.008463680639999974,-0.015
26.0,6243232081430715392,58.215292691723064,3.3542547284840705,NA,NA,NA,NA,240.7765,-22.371107,NA,12.2285995483398,NA,NA,NA,NA,NA,NA,-17.3132852790657,-9.67093476320869,NA,NA,NA,NA,NA,NA,NA,147902.794285715,-86198.3094693877,2.0,142795.49,-90334.65,NA,G,NA,NA,58.2901802360329,3.81468092520509,3.19909439345465,0.615586531750433,rectangular_magnet,R26,1.0,I,26.0,GS5,51.434882796688505,0.615586531750433,circular_magnet,Blu,1.0,TR,0.019463680639999974,-0.01
27.0,6243514557142507520,142.75529196819897,-90.36574182051693,NA,NA,NA,NA,240.00003,-21.678959,NA,12.245400428772,NA,NA,NA,NA,NA,NA,-11.7798565660068,-16.0499582879932,NA,NA,NA,NA,NA,NA,NA,-27579.4257142821,70227.1385306122,2.0,-26433.02,72474.54,NA,G,NA,NA,168.970118526805,0.540009302423205,2.57753570915987,4.24565890044292,rectangular_magnet,R27,1.0,I,27.0,GS6,-120.94025392665304,4.24565890044292,circular_magnet,Yel,1.0,TR,0.05046368063999998,0.006
NA,Sky-A1-1,-226.46104,82.44066,NA,NA,NA,NA,239.106902,-21.643208374,NA,NA,NA,NA,NA,NA,NA,NA,NA,NA,NA,NA,NA,NA,NA,NA,NA,NA,NA,NA,-226461.04,82440.66,1.0,S,-1.00204,0.364781681415929,NA,NA,NA,NA,NA,NA,NA,NA,NA,NA,NA,NA,NA,NA,NA,NA,NA,NA
NA,Sky-A1-2,-222.23219,93.24117,NA,NA,NA,NA,239.1261392,-21.598326374,NA,NA,NA,NA,NA,NA,NA,NA,NA,NA,NA,NA,NA,NA,NA,NA,NA,NA,NA,NA,-222232.19,93241.17,1.0,S,-0.983328274336283,0.412571548672566,NA,NA,NA,NA,NA,NA,NA,NA,NA,NA,NA,NA,NA,NA,NA,NA,NA,NA
NA,Sky-A1-3,-217.48859,103.8257,NA,NA,NA,NA,239.1476659,-21.554353945,NA,NA,NA,NA,NA,NA,NA,NA,NA,NA,NA,NA,NA,NA,NA,NA,NA,NA,NA,NA,-217488.59,103825.7,1.0,S,-0.96233889380531,0.459405752212389,NA,NA,NA,NA,NA,NA,NA,NA,NA,NA,NA,NA,NA,NA,NA,NA,NA,NA
NA,Sky-A1-4,-212.24121,114.16975,NA,NA,NA,NA,239.1714307,-21.511392177,NA,NA,NA,NA,NA,NA,NA,NA,NA,NA,NA,NA,NA,NA,NA,NA,NA,NA,NA,NA,-212241.21,114169.75,1.0,S,-0.939120398230089,0.505175884955752,NA,NA,NA,NA,NA,NA,NA,NA,NA,NA,NA,NA,NA,NA,NA,NA,NA,NA
NA,Sky-A1-5,-206.50222,124.24934,NA,NA,NA,NA,239.1973772,-21.469539909,NA,NA,NA,NA,NA,NA,NA,NA,NA,NA,NA,NA,NA,NA,NA,NA,NA,NA,NA,NA,-206502.22,124249.34,1.0,S,-0.913726637168142,0.549775840707965,NA,NA,NA,NA,NA,NA,NA,NA,NA,NA,NA,NA,NA,NA,NA,NA,NA,NA
NA,Sky-A1-6,-200.2849,134.04112,NA,NA,NA,NA,239.225444,-21.428893284,NA,NA,NA,NA,NA,NA,NA,NA,NA,NA,NA,NA,NA,NA,NA,NA,NA,NA,NA,NA,-200284.9,134041.12,1.0,S,-0.886216371681416,0.593102300884956,NA,NA,NA,NA,NA,NA,NA,NA,NA,NA,NA,NA,NA,NA,NA,NA,NA,NA
NA,Sky-A1-7,-193.60365,143.52243,NA,NA,NA,NA,239.2555653,-21.389545507,NA,NA,NA,NA,NA,NA,NA,NA,NA,NA,NA,NA,NA,NA,NA,NA,NA,NA,NA,NA,-193603.65,143522.43,1.0,S,-0.856653318584071,0.635055,NA,NA,NA,NA,NA,NA,NA,NA,NA,NA,NA,NA,NA,NA,NA,NA,NA,NA
NA,Sky-A2-1,-3.01251,240.9813,NA,NA,NA,NA,240.1083906,-20.985769215,NA,NA,NA,NA,NA,NA,NA,NA,NA,NA,NA,NA,NA,NA,NA,NA,NA,NA,NA,NA,-3012.51,240981.3,1.0,S,-0.0133296902654867,1.0662889380531,NA,NA,NA,NA,NA,NA,NA,NA,NA,NA,NA,NA,NA,NA,NA,NA,NA,NA
NA,Sky-A2-2,8.51435,238.84829,NA,NA,NA,NA,240.1598527,-20.994121048,NA,NA,NA,NA,NA,NA,NA,NA,NA,NA,NA,NA,NA,NA,NA,NA,NA,NA,NA,NA,8514.35,238848.29,2.0,S,0.0376741150442478,1.05685084070796,NA,NA,NA,NA,NA,NA,NA,NA,NA,NA,NA,NA,NA,NA,NA,NA,NA,NA
NA,Sky-A2-3,20.16382,240.15512,NA,NA,NA,NA,240.2118133,-20.989214009,NA,NA,NA,NA,NA,NA,NA,NA,NA,NA,NA,NA,NA,NA,NA,NA,NA,NA,NA,NA,20163.82,240155.12,1.0,S,0.0892204424778761,1.06263327433628,NA,NA,NA,NA,NA,NA,NA,NA,NA,NA,NA,NA,NA,NA,NA,NA,NA,NA
NA,Sky-A2-4,31.69534,238.90682,NA,NA,NA,NA,240.2632751,-20.994393554,NA,NA,NA,NA,NA,NA,NA,NA,NA,NA,NA,NA,NA,NA,NA,NA,NA,NA,NA,NA,31695.34,238906.82,1.0,S,0.140244867256637,1.05710982300885,NA,NA,NA,NA,NA,NA,NA,NA,NA,NA,NA,NA,NA,NA,NA,NA,NA,NA
NA,Sky-A2-5,43.15344,237.10513,NA,NA,NA,NA,240.3144144,-21.001863783,NA,NA,NA,NA,NA,NA,NA,NA,NA,NA,NA,NA,NA,NA,NA,NA,NA,NA,NA,NA,43153.44,237105.13,1.0,S,0.190944424778761,1.04913774336283,NA,NA,NA,NA,NA,NA,NA,NA,NA,NA,NA,NA,NA,NA,NA,NA,NA,NA
NA,Sky-A2-6,54.51158,234.75423,NA,NA,NA,NA,240.3651148,-21.011607555,NA,NA,NA,NA,NA,NA,NA,NA,NA,NA,NA,NA,NA,NA,NA,NA,NA,NA,NA,NA,54511.58,234754.23,1.0,S,0.241201681415929,1.03873553097345,NA,NA,NA,NA,NA,NA,NA,NA,NA,NA,NA,NA,NA,NA,NA,NA,NA,NA
NA,Sky-A2-7,65.74346,231.85957,NA,NA,NA,NA,240.4152611,-21.023602559,NA,NA,NA,NA,NA,NA,NA,NA,NA,NA,NA,NA,NA,NA,NA,NA,NA,NA,NA,NA,65743.46,231859.57,1.0,S,0.290900265486726,1.02592730088496,NA,NA,NA,NA,NA,NA,NA,NA,NA,NA,NA,NA,NA,NA,NA,NA,NA,NA
NA,Sky-A3-1,231.67752,66.38214,NA,NA,NA,NA,241.1602879,-21.71003143,NA,NA,NA,NA,NA,NA,NA,NA,NA,NA,NA,NA,NA,NA,NA,NA,NA,NA,NA,NA,231677.52,66382.14,1.0,S,1.0251217699115,0.293726283185841,NA,NA,NA,NA,NA,NA,NA,NA,NA,NA,NA,NA,NA,NA,NA,NA,NA,NA
NA,Sky-A3-2,234.60313,55.15828,NA,NA,NA,NA,241.1737216,-21.756677343,NA,NA,NA,NA,NA,NA,NA,NA,NA,NA,NA,NA,NA,NA,NA,NA,NA,NA,NA,NA,234603.13,55158.28,1.0,S,1.03806694690265,0.244063185840708,NA,NA,NA,NA,NA,NA,NA,NA,NA,NA,NA,NA,NA,NA,NA,NA,NA,NA
NA,Sky-A3-3,236.98531,43.80666,NA,NA,NA,NA,241.1847315,-21.803866847,NA,NA,NA,NA,NA,NA,NA,NA,NA,NA,NA,NA,NA,NA,NA,NA,NA,NA,NA,NA,236985.31,43806.66,1.0,S,1.04860756637168,0.193834778761062,NA,NA,NA,NA,NA,NA,NA,NA,NA,NA,NA,NA,NA,NA,NA,NA,NA,NA
NA,Sky-A3-4,234.85465,31.81656,NA,NA,NA,NA,241.1766882,-21.853688148,NA,NA,NA,NA,NA,NA,NA,NA,NA,NA,NA,NA,NA,NA,NA,NA,NA,NA,NA,NA,234854.65,31816.56,3.0,S,1.03917986725664,0.140781238938053,NA,NA,NA,NA,NA,NA,NA,NA,NA,NA,NA,NA,NA,NA,NA,NA,NA,NA
NA,Sky-A3-5,240.09865,20.82553,NA,NA,NA,NA,241.1993753,-21.899440548,NA,NA,NA,NA,NA,NA,NA,NA,NA,NA,NA,NA,NA,NA,NA,NA,NA,NA,NA,NA,240098.65,20825.53,1.0,S,1.06238340707965,0.0921483628318584,NA,NA,NA,NA,NA,NA,NA,NA,NA,NA,NA,NA,NA,NA,NA,NA,NA,NA
NA,Sky-A3-6,240.82258,9.24926,NA,NA,NA,NA,241.2029708,-21.947604149,NA,NA,NA,NA,NA,NA,NA,NA,NA,NA,NA,NA,NA,NA,NA,NA,NA,NA,NA,NA,240822.58,9249.26,1.0,S,1.06558663716814,0.0409259292035398,NA,NA,NA,NA,NA,NA,NA,NA,NA,NA,NA,NA,NA,NA,NA,NA,NA,NA
NA,Sky-A3-7,240.98869,2.34844,NA,NA,NA,NA,241.2039243,-21.976321891,NA,NA,NA,NA,NA,NA,NA,NA,NA,NA,NA,NA,NA,NA,NA,NA,NA,NA,NA,NA,240988.69,2348.44,1.0,S,1.06632163716814,0.0103913274336283,NA,NA,NA,NA,NA,NA,NA,NA,NA,NA,NA,NA,NA,NA,NA,NA,NA,NA
NA,Sky-A4-1,210.21182,-117.86456,NA,NA,NA,NA,241.0690132,-22.477410892,NA,NA,NA,NA,NA,NA,NA,NA,NA,NA,NA,NA,NA,NA,NA,NA,NA,NA,NA,NA,210211.82,-117864.56,1.0,S,0.930140796460177,-0.521524601769911,NA,NA,NA,NA,NA,NA,NA,NA,NA,NA,NA,NA,NA,NA,NA,NA,NA,NA
NA,Sky-A4-2,204.2974,-127.84223,NA,NA,NA,NA,241.0426435,-22.519074712,NA,NA,NA,NA,NA,NA,NA,NA,NA,NA,NA,NA,NA,NA,NA,NA,NA,NA,NA,NA,204297.4,-127842.23,1.0,S,0.903970796460177,-0.565673584070796,NA,NA,NA,NA,NA,NA,NA,NA,NA,NA,NA,NA,NA,NA,NA,NA,NA,NA
NA,Sky-A4-3,197.90977,-137.52377,NA,NA,NA,NA,241.0141196,-22.55951341,NA,NA,NA,NA,NA,NA,NA,NA,NA,NA,NA,NA,NA,NA,NA,NA,NA,NA,NA,NA,197909.77,-137523.77,1.0,S,0.875706946902655,-0.608512256637168,NA,NA,NA,NA,NA,NA,NA,NA,NA,NA,NA,NA,NA,NA,NA,NA,NA,NA
NA,Sky-A4-4,191.06371,-146.88677,NA,NA,NA,NA,240.9835062,-22.598632498,NA,NA,NA,NA,NA,NA,NA,NA,NA,NA,NA,NA,NA,NA,NA,NA,NA,NA,NA,NA,191063.71,-146886.77,1.0,S,0.845414646017699,-0.649941460176991,NA,NA,NA,NA,NA,NA,NA,NA,NA,NA,NA,NA,NA,NA,NA,NA,NA,NA
NA,Sky-A4-5,183.77509,-155.90952,NA,NA,NA,NA,240.9508734,-22.636340334,NA,NA,NA,NA,NA,NA,NA,NA,NA,NA,NA,NA,NA,NA,NA,NA,NA,NA,NA,NA,183775.09,-155909.52,1.0,S,0.813164115044248,-0.689865132743363,NA,NA,NA,NA,NA,NA,NA,NA,NA,NA,NA,NA,NA,NA,NA,NA,NA,NA
NA,Sky-A4-6,176.06079,-164.57115,NA,NA,NA,NA,240.916296,-22.672548718,NA,NA,NA,NA,NA,NA,NA,NA,NA,NA,NA,NA,NA,NA,NA,NA,NA,NA,NA,NA,176060.79,-164571.15,1.0,S,0.779030044247788,-0.72819092920354,NA,NA,NA,NA,NA,NA,NA,NA,NA,NA,NA,NA,NA,NA,NA,NA,NA,NA
NA,Sky-A4-7,166.5449,-171.41703,NA,NA,NA,NA,240.8739542,-22.701629351,NA,NA,NA,NA,NA,NA,NA,NA,NA,NA,NA,NA,NA,NA,NA,NA,NA,NA,NA,NA,166544.9,-171417.03,2.0,S,0.736924336283186,-0.758482433628319,NA,NA,NA,NA,NA,NA,NA,NA,NA,NA,NA,NA,NA,NA,NA,NA,NA,NA
NA,Sky-A5-1,-148.4702,-189.83588,NA,NA,NA,NA,239.4518391,-22.77858888,NA,NA,NA,NA,NA,NA,NA,NA,NA,NA,NA,NA,NA,NA,NA,NA,NA,NA,NA,NA,-148470.2,-189835.88,1.0,S,-0.656947787610619,-0.839981769911504,NA,NA,NA,NA,NA,NA,NA,NA,NA,NA,NA,NA,NA,NA,NA,NA,NA,NA
NA,Sky-A5-2,-156.12548,-180.9581,NA,NA,NA,NA,239.4170406,-22.741928531,NA,NA,NA,NA,NA,NA,NA,NA,NA,NA,NA,NA,NA,NA,NA,NA,NA,NA,NA,NA,-156125.48,-180958.1,2.0,S,-0.690820707964602,-0.800699557522124,NA,NA,NA,NA,NA,NA,NA,NA,NA,NA,NA,NA,NA,NA,NA,NA,NA,NA
NA,Sky-A5-3,-166.02924,-174.68645,NA,NA,NA,NA,239.3728393,-22.715230859,NA,NA,NA,NA,NA,NA,NA,NA,NA,NA,NA,NA,NA,NA,NA,NA,NA,NA,NA,NA,-166029.24,-174686.45,1.0,S,-0.734642654867257,-0.77294889380531,NA,NA,NA,NA,NA,NA,NA,NA,NA,NA,NA,NA,NA,NA,NA,NA,NA,NA
NA,Sky-A5-4,-172.79576,-165.11397,NA,NA,NA,NA,239.3420576,-22.67564057,NA,NA,NA,NA,NA,NA,NA,NA,NA,NA,NA,NA,NA,NA,NA,NA,NA,NA,NA,NA,-172795.76,-165113.97,2.0,S,-0.764583008849558,-0.730592787610619,NA,NA,NA,NA,NA,NA,NA,NA,NA,NA,NA,NA,NA,NA,NA,NA,NA,NA
NA,Sky-A5-5,-182.05086,-157.91943,NA,NA,NA,NA,239.3008756,-22.645129825,NA,NA,NA,NA,NA,NA,NA,NA,NA,NA,NA,NA,NA,NA,NA,NA,NA,NA,NA,NA,-182050.86,-157919.43,1.0,S,-0.805534778761062,-0.698758539823009,NA,NA,NA,NA,NA,NA,NA,NA,NA,NA,NA,NA,NA,NA,NA,NA,NA,NA
NA,Sky-A5-6,-189.43818,-148.97731,NA,NA,NA,NA,239.2677431,-22.607753899,NA,NA,NA,NA,NA,NA,NA,NA,NA,NA,NA,NA,NA,NA,NA,NA,NA,NA,NA,NA,-189438.18,-148977.31,1.0,S,-0.83822203539823,-0.659191637168142,NA,NA,NA,NA,NA,NA,NA,NA,NA,NA,NA,NA,NA,NA,NA,NA,NA,NA
NA,Sky-A5-7,-196.38671,-139.6901,NA,NA,NA,NA,239.2366136,-22.568943258,NA,NA,NA,NA,NA,NA,NA,NA,NA,NA,NA,NA,NA,NA,NA,NA,NA,NA,NA,NA,-196386.71,-139690.1,1.0,S,-0.868967743362832,-0.61809778761062,NA,NA,NA,NA,NA,NA,NA,NA,NA,NA,NA,NA,NA,NA,NA,NA,NA,NA
NA,Sky-H1-1,-181.17025,158.92893,NA,NA,NA,NA,239.3115313,-21.325629396,NA,NA,NA,NA,NA,NA,NA,NA,NA,NA,NA,NA,NA,NA,NA,NA,NA,NA,NA,NA,-181170.25,158928.93,1.0,S,-0.801638274336283,0.703225353982301,NA,NA,NA,NA,NA,NA,NA,NA,NA,NA,NA,NA,NA,NA,NA,NA,NA,NA
NA,Sky-H1-2,-171.8753,166.07192,NA,NA,NA,NA,239.3528337,-21.295682034,NA,NA,NA,NA,NA,NA,NA,NA,NA,NA,NA,NA,NA,NA,NA,NA,NA,NA,NA,NA,-171875.3,166071.92,2.0,S,-0.76051017699115,0.734831504424779,NA,NA,NA,NA,NA,NA,NA,NA,NA,NA,NA,NA,NA,NA,NA,NA,NA,NA
NA,Sky-H1-3,-165.05567,175.60663,NA,NA,NA,NA,239.3839354,-21.256470114,NA,NA,NA,NA,NA,NA,NA,NA,NA,NA,NA,NA,NA,NA,NA,NA,NA,NA,NA,NA,-165055.67,175606.63,1.0,S,-0.73033482300885,0.777020486725664,NA,NA,NA,NA,NA,NA,NA,NA,NA,NA,NA,NA,NA,NA,NA,NA,NA,NA
NA,Sky-H1-4,-156.41534,183.34477,NA,NA,NA,NA,239.4227084,-21.224392639,NA,NA,NA,NA,NA,NA,NA,NA,NA,NA,NA,NA,NA,NA,NA,NA,NA,NA,NA,NA,-156415.34,183344.77,1.0,S,-0.692103274336283,0.811260044247788,NA,NA,NA,NA,NA,NA,NA,NA,NA,NA,NA,NA,NA,NA,NA,NA,NA,NA
NA,Sky-H1-5,-147.4127,190.65822,NA,NA,NA,NA,239.4630773,-21.194082374,NA,NA,NA,NA,NA,NA,NA,NA,NA,NA,NA,NA,NA,NA,NA,NA,NA,NA,NA,NA,-147412.7,190658.22,1.0,S,-0.652268584070796,0.843620442477876,NA,NA,NA,NA,NA,NA,NA,NA,NA,NA,NA,NA,NA,NA,NA,NA,NA,NA
NA,Sky-H1-6,-138.06861,197.53006,NA,NA,NA,NA,239.5049489,-21.165608485,NA,NA,NA,NA,NA,NA,NA,NA,NA,NA,NA,NA,NA,NA,NA,NA,NA,NA,NA,NA,-138068.61,197530.06,1.0,S,-0.610923053097345,0.874026814159292,NA,NA,NA,NA,NA,NA,NA,NA,NA,NA,NA,NA,NA,NA,NA,NA,NA,NA
NA,Sky-H1-7,-128.4047,203.94434,NA,NA,NA,NA,239.548227,-21.139036113,NA,NA,NA,NA,NA,NA,NA,NA,NA,NA,NA,NA,NA,NA,NA,NA,NA,NA,NA,NA,-128404.7,203944.34,1.0,S,-0.568162389380531,0.902408584070796,NA,NA,NA,NA,NA,NA,NA,NA,NA,NA,NA,NA,NA,NA,NA,NA,NA,NA
NA,Sky-H1-8,-117.46164,208.14361,NA,NA,NA,NA,239.5968884,-21.121226319,NA,NA,NA,NA,NA,NA,NA,NA,NA,NA,NA,NA,NA,NA,NA,NA,NA,NA,NA,NA,-117461.64,208143.61,2.0,S,-0.519741769911504,0.920989424778761,NA,NA,NA,NA,NA,NA,NA,NA,NA,NA,NA,NA,NA,NA,NA,NA,NA,NA
NA,Sky-H2-1,-100.81652,218.89973,NA,NA,NA,NA,239.6716533,-21.077103496,NA,NA,NA,NA,NA,NA,NA,NA,NA,NA,NA,NA,NA,NA,NA,NA,NA,NA,NA,NA,-100816.52,218899.73,1.0,S,-0.446090796460177,0.968582876106195,NA,NA,NA,NA,NA,NA,NA,NA,NA,NA,NA,NA,NA,NA,NA,NA,NA,NA
NA,Sky-H2-2,-90.16757,223.49692,NA,NA,NA,NA,239.7192561,-21.058073175,NA,NA,NA,NA,NA,NA,NA,NA,NA,NA,NA,NA,NA,NA,NA,NA,NA,NA,NA,NA,-90167.57,223496.92,1.0,S,-0.398971548672566,0.988924424778761,NA,NA,NA,NA,NA,NA,NA,NA,NA,NA,NA,NA,NA,NA,NA,NA,NA,NA
NA,Sky-H2-3,-79.30977,227.57641,NA,NA,NA,NA,239.7677743,-21.04118946,NA,NA,NA,NA,NA,NA,NA,NA,NA,NA,NA,NA,NA,NA,NA,NA,NA,NA,NA,NA,-79309.77,227576.41,1.0,S,-0.350928185840708,1.00697526548673,NA,NA,NA,NA,NA,NA,NA,NA,NA,NA,NA,NA,NA,NA,NA,NA,NA,NA
NA,Sky-H2-4,-68.26826,231.12877,NA,NA,NA,NA,239.8170974,-21.026490686,NA,NA,NA,NA,NA,NA,NA,NA,NA,NA,NA,NA,NA,NA,NA,NA,NA,NA,NA,NA,-68268.26,231128.77,1.0,S,-0.302071946902655,1.02269367256637,NA,NA,NA,NA,NA,NA,NA,NA,NA,NA,NA,NA,NA,NA,NA,NA,NA,NA
NA,Sky-H2-5,-57.06862,234.14576,NA,NA,NA,NA,239.8671127,-21.014010315,NA,NA,NA,NA,NA,NA,NA,NA,NA,NA,NA,NA,NA,NA,NA,NA,NA,NA,NA,NA,-57068.62,234145.76,1.0,S,-0.252516017699115,1.03604318584071,NA,NA,NA,NA,NA,NA,NA,NA,NA,NA,NA,NA,NA,NA,NA,NA,NA,NA
NA,Sky-H2-6,-45.73679,236.62039,NA,NA,NA,NA,239.9177064,-21.003776704,NA,NA,NA,NA,NA,NA,NA,NA,NA,NA,NA,NA,NA,NA,NA,NA,NA,NA,NA,NA,-45736.79,236620.39,1.0,S,-0.20237517699115,1.04699287610619,NA,NA,NA,NA,NA,NA,NA,NA,NA,NA,NA,NA,NA,NA,NA,NA,NA,NA
NA,Sky-H2-7,-34.29902,238.54693,NA,NA,NA,NA,239.9687633,-20.995813066,NA,NA,NA,NA,NA,NA,NA,NA,NA,NA,NA,NA,NA,NA,NA,NA,NA,NA,NA,NA,-34299.02,238546.93,1.0,S,-0.151765575221239,1.05551738938053,NA,NA,NA,NA,NA,NA,NA,NA,NA,NA,NA,NA,NA,NA,NA,NA,NA,NA
NA,Sky-H2-8,-22.4051,235.93858,NA,NA,NA,NA,240.0217328,-21.005662307,NA,NA,NA,NA,NA,NA,NA,NA,NA,NA,NA,NA,NA,NA,NA,NA,NA,NA,NA,NA,-22405.1,235938.58,3.0,S,-0.099137610619469,1.04397601769911,NA,NA,NA,NA,NA,NA,NA,NA,NA,NA,NA,NA,NA,NA,NA,NA,NA,NA
NA,Sky-H3-1,184.61356,154.91577,NA,NA,NA,NA,240.9473925,-21.342505094,NA,NA,NA,NA,NA,NA,NA,NA,NA,NA,NA,NA,NA,NA,NA,NA,NA,NA,NA,NA,184613.56,154915.77,1.0,S,0.816874159292035,0.685468008849557,NA,NA,NA,NA,NA,NA,NA,NA,NA,NA,NA,NA,NA,NA,NA,NA,NA,NA
NA,Sky-H3-2,191.8534,145.85382,NA,NA,NA,NA,240.9799698,-21.380091252,NA,NA,NA,NA,NA,NA,NA,NA,NA,NA,NA,NA,NA,NA,NA,NA,NA,NA,NA,NA,191853.4,145853.82,1.0,S,0.848908849557522,0.645370884955752,NA,NA,NA,NA,NA,NA,NA,NA,NA,NA,NA,NA,NA,NA,NA,NA,NA,NA
NA,Sky-H3-3,202.77008,139.28494,NA,NA,NA,NA,241.0276755,-21.408018557,NA,NA,NA,NA,NA,NA,NA,NA,NA,NA,NA,NA,NA,NA,NA,NA,NA,NA,NA,NA,202770.08,139284.94,0.0,S,0.897212743362832,0.616305044247788,NA,NA,NA,NA,NA,NA,NA,NA,NA,NA,NA,NA,NA,NA,NA,NA,NA,NA
NA,Sky-H3-4,201.58181,124.63455,NA,NA,NA,NA,241.0249803,-21.467668307,NA,NA,NA,NA,NA,NA,NA,NA,NA,NA,NA,NA,NA,NA,NA,NA,NA,NA,NA,NA,201581.81,124634.55,3.0,S,0.891954911504425,0.551480309734513,NA,NA,NA,NA,NA,NA,NA,NA,NA,NA,NA,NA,NA,NA,NA,NA,NA,NA
NA,Sky-H3-5,207.34504,114.79126,NA,NA,NA,NA,241.051043,-21.508566791,NA,NA,NA,NA,NA,NA,NA,NA,NA,NA,NA,NA,NA,NA,NA,NA,NA,NA,NA,NA,207345.04,114791.26,3.0,S,0.91745592920354,0.50792592920354,NA,NA,NA,NA,NA,NA,NA,NA,NA,NA,NA,NA,NA,NA,NA,NA,NA,NA
NA,Sky-H3-6,212.628,104.68207,NA,NA,NA,NA,241.0749742,-21.550579315,NA,NA,NA,NA,NA,NA,NA,NA,NA,NA,NA,NA,NA,NA,NA,NA,NA,NA,NA,NA,212628.0,104682.07,3.0,S,0.94083185840708,0.463195,NA,NA,NA,NA,NA,NA,NA,NA,NA,NA,NA,NA,NA,NA,NA,NA,NA,NA
NA,Sky-H3-7,221.08806,95.92253,NA,NA,NA,NA,241.1120361,-21.587320956,NA,NA,NA,NA,NA,NA,NA,NA,NA,NA,NA,NA,NA,NA,NA,NA,NA,NA,NA,NA,221088.06,95922.53,1.0,S,0.978265752212389,0.424435973451327,NA,NA,NA,NA,NA,NA,NA,NA,NA,NA,NA,NA,NA,NA,NA,NA,NA,NA
NA,Sky-H3-8,225.44672,85.17533,NA,NA,NA,NA,241.1318479,-21.631955064,NA,NA,NA,NA,NA,NA,NA,NA,NA,NA,NA,NA,NA,NA,NA,NA,NA,NA,NA,NA,225446.72,85175.33,1.0,S,0.99755185840708,0.376881991150442,NA,NA,NA,NA,NA,NA,NA,NA,NA,NA,NA,NA,NA,NA,NA,NA,NA,NA
NA,Sky-H4-1,239.9828,-22.12059,NA,NA,NA,NA,241.2001472,-22.078189735,NA,NA,NA,NA,NA,NA,NA,NA,NA,NA,NA,NA,NA,NA,NA,NA,NA,NA,NA,NA,239982.8,-22120.59,1.0,S,1.06187079646018,-0.0978787168141593,NA,NA,NA,NA,NA,NA,NA,NA,NA,NA,NA,NA,NA,NA,NA,NA,NA,NA
NA,Sky-H4-2,238.64054,-33.64155,NA,NA,NA,NA,241.1944658,-22.126174961,NA,NA,NA,NA,NA,NA,NA,NA,NA,NA,NA,NA,NA,NA,NA,NA,NA,NA,NA,NA,238640.54,-33641.55,1.0,S,1.05593159292035,-0.148856415929204,NA,NA,NA,NA,NA,NA,NA,NA,NA,NA,NA,NA,NA,NA,NA,NA,NA,NA
NA,Sky-H4-3,236.74552,-45.08459,NA,NA,NA,NA,241.186295,-22.173849755,NA,NA,NA,NA,NA,NA,NA,NA,NA,NA,NA,NA,NA,NA,NA,NA,NA,NA,NA,NA,236745.52,-45084.59,1.0,S,1.04754654867257,-0.199489336283186,NA,NA,NA,NA,NA,NA,NA,NA,NA,NA,NA,NA,NA,NA,NA,NA,NA,NA
NA,Sky-H4-4,234.30213,-56.42319,NA,NA,NA,NA,241.1756516,-22.221103448,NA,NA,NA,NA,NA,NA,NA,NA,NA,NA,NA,NA,NA,NA,NA,NA,NA,NA,NA,NA,234302.13,-56423.19,1.0,S,1.03673508849558,-0.249660132743363,NA,NA,NA,NA,NA,NA,NA,NA,NA,NA,NA,NA,NA,NA,NA,NA,NA,NA
NA,Sky-H4-5,229.39625,-67.06981,NA,NA,NA,NA,241.1544815,-22.265697151,NA,NA,NA,NA,NA,NA,NA,NA,NA,NA,NA,NA,NA,NA,NA,NA,NA,NA,NA,NA,229396.25,-67069.81,2.0,S,1.01502765486726,-0.29676907079646,NA,NA,NA,NA,NA,NA,NA,NA,NA,NA,NA,NA,NA,NA,NA,NA,NA,NA
NA,Sky-H4-6,224.01316,-77.37639,NA,NA,NA,NA,241.1311109,-22.308931227,NA,NA,NA,NA,NA,NA,NA,NA,NA,NA,NA,NA,NA,NA,NA,NA,NA,NA,NA,NA,224013.16,-77376.39,3.0,S,0.991208672566372,-0.342373407079646,NA,NA,NA,NA,NA,NA,NA,NA,NA,NA,NA,NA,NA,NA,NA,NA,NA,NA
NA,Sky-H4-7,223.74453,-89.55136,NA,NA,NA,NA,241.1291377,-22.35924684,NA,NA,NA,NA,NA,NA,NA,NA,NA,NA,NA,NA,NA,NA,NA,NA,NA,NA,NA,NA,223744.53,-89551.36,1.0,S,0.990020044247788,-0.396244955752212,NA,NA,NA,NA,NA,NA,NA,NA,NA,NA,NA,NA,NA,NA,NA,NA,NA,NA
NA,Sky-H4-8,219.17732,-100.21161,NA,NA,NA,NA,241.1088875,-22.403726091,NA,NA,NA,NA,NA,NA,NA,NA,NA,NA,NA,NA,NA,NA,NA,NA,NA,NA,NA,NA,219177.32,-100211.61,1.0,S,0.969811150442478,-0.443414203539823,NA,NA,NA,NA,NA,NA,NA,NA,NA,NA,NA,NA,NA,NA,NA,NA,NA,NA
NA,Sky-H5-1,41.83481,-237.34134,NA,NA,NA,NA,240.3113872,-22.977207573,NA,NA,NA,NA,NA,NA,NA,NA,NA,NA,NA,NA,NA,NA,NA,NA,NA,NA,NA,NA,41834.81,-237341.34,1.0,S,0.185109778761062,-1.05018292035398,NA,NA,NA,NA,NA,NA,NA,NA,NA,NA,NA,NA,NA,NA,NA,NA,NA,NA
NA,Sky-H5-2,30.36687,-239.07931,NA,NA,NA,NA,240.2595593,-22.984504655,NA,NA,NA,NA,NA,NA,NA,NA,NA,NA,NA,NA,NA,NA,NA,NA,NA,NA,NA,NA,30366.87,-239079.31,1.0,S,0.134366681415929,-1.05787305309735,NA,NA,NA,NA,NA,NA,NA,NA,NA,NA,NA,NA,NA,NA,NA,NA,NA,NA
NA,Sky-H5-3,18.67234,-238.26948,NA,NA,NA,NA,240.2067393,-22.981738788,NA,NA,NA,NA,NA,NA,NA,NA,NA,NA,NA,NA,NA,NA,NA,NA,NA,NA,NA,NA,18672.34,-238269.48,2.0,S,0.0826209734513274,-1.05428973451327,NA,NA,NA,NA,NA,NA,NA,NA,NA,NA,NA,NA,NA,NA,NA,NA,NA,NA
NA,Sky-H5-4,7.39704,-245.88876,NA,NA,NA,NA,240.1556886,-23.011473451,NA,NA,NA,NA,NA,NA,NA,NA,NA,NA,NA,NA,NA,NA,NA,NA,NA,NA,NA,NA,7397.04,-245888.76,0.0,S,0.0327302654867257,-1.08800336283186,NA,NA,NA,NA,NA,NA,NA,NA,NA,NA,NA,NA,NA,NA,NA,NA,NA,NA
NA,Sky-H5-5,-4.35197,-240.96083,NA,NA,NA,NA,240.1026104,-22.992439016,NA,NA,NA,NA,NA,NA,NA,NA,NA,NA,NA,NA,NA,NA,NA,NA,NA,NA,NA,NA,-4351.97,-240960.83,1.0,S,-0.0192565044247788,-1.06619836283186,NA,NA,NA,NA,NA,NA,NA,NA,NA,NA,NA,NA,NA,NA,NA,NA,NA,NA
NA,Sky-H5-6,-15.67599,-236.481,NA,NA,NA,NA,240.0513397,-22.974893069,NA,NA,NA,NA,NA,NA,NA,NA,NA,NA,NA,NA,NA,NA,NA,NA,NA,NA,NA,NA,-15675.99,-236481.0,3.0,S,-0.0693627876106195,-1.04637610619469,NA,NA,NA,NA,NA,NA,NA,NA,NA,NA,NA,NA,NA,NA,NA,NA,NA,NA
NA,Sky-H5-7,-27.26407,-237.43982,NA,NA,NA,NA,239.9989611,-22.978330506,NA,NA,NA,NA,NA,NA,NA,NA,NA,NA,NA,NA,NA,NA,NA,NA,NA,NA,NA,NA,-27264.07,-237439.82,2.0,S,-0.120637477876106,-1.05061867256637,NA,NA,NA,NA,NA,NA,NA,NA,NA,NA,NA,NA,NA,NA,NA,NA,NA,NA
NA,Sky-H5-8,-38.97879,-237.82707,NA,NA,NA,NA,239.9460667,-22.979363676,NA,NA,NA,NA,NA,NA,NA,NA,NA,NA,NA,NA,NA,NA,NA,NA,NA,NA,NA,NA,-38978.79,-237827.07,1.0,S,-0.172472522123894,-1.05233216814159,NA,NA,NA,NA,NA,NA,NA,NA,NA,NA,NA,NA,NA,NA,NA,NA,NA,NA
NA,Sky-H6-1,-57.88483,-231.88434,NA,NA,NA,NA,239.860482,-22.955092564,NA,NA,NA,NA,NA,NA,NA,NA,NA,NA,NA,NA,NA,NA,NA,NA,NA,NA,NA,NA,-57884.83,-231884.34,2.0,S,-0.256127566371681,-1.02603690265487,NA,NA,NA,NA,NA,NA,NA,NA,NA,NA,NA,NA,NA,NA,NA,NA,NA,NA
NA,Sky-H6-2,-68.97471,-228.8307,NA,NA,NA,NA,239.8103454,-22.942311858,NA,NA,NA,NA,NA,NA,NA,NA,NA,NA,NA,NA,NA,NA,NA,NA,NA,NA,NA,NA,-68974.71,-228830.7,2.0,S,-0.305197831858407,-1.01252522123894,NA,NA,NA,NA,NA,NA,NA,NA,NA,NA,NA,NA,NA,NA,NA,NA,NA,NA
NA,Sky-H6-3,-80.57354,-227.13205,NA,NA,NA,NA,239.7581043,-22.934628127,NA,NA,NA,NA,NA,NA,NA,NA,NA,NA,NA,NA,NA,NA,NA,NA,NA,NA,NA,NA,-80573.54,-227132.05,1.0,S,-0.356520088495575,-1.00500907079646,NA,NA,NA,NA,NA,NA,NA,NA,NA,NA,NA,NA,NA,NA,NA,NA,NA,NA
NA,Sky-H6-4,-93.30489,-227.61853,NA,NA,NA,NA,239.7011473,-22.935200844,NA,NA,NA,NA,NA,NA,NA,NA,NA,NA,NA,NA,NA,NA,NA,NA,NA,NA,NA,NA,-93304.89,-227618.53,0.0,S,-0.412853495575221,-1.00716163716814,NA,NA,NA,NA,NA,NA,NA,NA,NA,NA,NA,NA,NA,NA,NA,NA,NA,NA
NA,Sky-H6-5,-102.03172,-218.33596,NA,NA,NA,NA,239.6612126,-22.897823485,NA,NA,NA,NA,NA,NA,NA,NA,NA,NA,NA,NA,NA,NA,NA,NA,NA,NA,NA,NA,-102031.72,-218335.96,1.0,S,-0.45146778761062,-0.966088318584071,NA,NA,NA,NA,NA,NA,NA,NA,NA,NA,NA,NA,NA,NA,NA,NA,NA,NA
NA,Sky-H6-6,-114.75089,-217.59649,NA,NA,NA,NA,239.6044738,-22.893321579,NA,NA,NA,NA,NA,NA,NA,NA,NA,NA,NA,NA,NA,NA,NA,NA,NA,NA,NA,NA,-114750.89,-217596.49,0.0,S,-0.507747300884956,-0.962816327433628,NA,NA,NA,NA,NA,NA,NA,NA,NA,NA,NA,NA,NA,NA,NA,NA,NA,NA
NA,Sky-H6-7,-122.54511,-207.51809,NA,NA,NA,NA,239.5686617,-22.852560284,NA,NA,NA,NA,NA,NA,NA,NA,NA,NA,NA,NA,NA,NA,NA,NA,NA,NA,NA,NA,-122545.11,-207518.09,1.0,S,-0.542235,-0.918221637168142,NA,NA,NA,NA,NA,NA,NA,NA,NA,NA,NA,NA,NA,NA,NA,NA,NA,NA
NA,Sky-H6-8,-132.38652,-201.3824,NA,NA,NA,NA,239.524293,-22.826890151,NA,NA,NA,NA,NA,NA,NA,NA,NA,NA,NA,NA,NA,NA,NA,NA,NA,NA,NA,NA,-132386.52,-201382.4,1.0,S,-0.585781061946903,-0.891072566371681,NA,NA,NA,NA,NA,NA,NA,NA,NA,NA,NA,NA,NA,NA,NA,NA,NA,NA
NA,Sky-H7-1,-207.18967,-123.09956,NA,NA,NA,NA,239.1882997,-22.499632424,NA,NA,NA,NA,NA,NA,NA,NA,NA,NA,NA,NA,NA,NA,NA,NA,NA,NA,NA,NA,-207189.67,-123099.56,1.0,S,-0.916768451327434,-0.544688318584071,NA,NA,NA,NA,NA,NA,NA,NA,NA,NA,NA,NA,NA,NA,NA,NA,NA,NA
NA,Sky-H7-2,-212.87255,-112.98823,NA,NA,NA,NA,239.1629365,-22.457402774,NA,NA,NA,NA,NA,NA,NA,NA,NA,NA,NA,NA,NA,NA,NA,NA,NA,NA,NA,NA,-212872.55,-112988.23,1.0,S,-0.941913938053097,-0.499947920353982,NA,NA,NA,NA,NA,NA,NA,NA,NA,NA,NA,NA,NA,NA,NA,NA,NA,NA
NA,Sky-H7-3,-218.06235,-102.61518,NA,NA,NA,NA,239.1398154,-22.414090273,NA,NA,NA,NA,NA,NA,NA,NA,NA,NA,NA,NA,NA,NA,NA,NA,NA,NA,NA,NA,-218062.35,-102615.18,1.0,S,-0.964877654867257,-0.454049469026549,NA,NA,NA,NA,NA,NA,NA,NA,NA,NA,NA,NA,NA,NA,NA,NA,NA,NA
NA,Sky-H7-4,-219.04988,-90.47735,NA,NA,NA,NA,239.1345976,-22.36394422,NA,NA,NA,NA,NA,NA,NA,NA,NA,NA,NA,NA,NA,NA,NA,NA,NA,NA,NA,NA,-219049.88,-90477.35,3.0,S,-0.969247256637168,-0.400342256637168,NA,NA,NA,NA,NA,NA,NA,NA,NA,NA,NA,NA,NA,NA,NA,NA,NA,NA
NA,Sky-H7-5,-226.91579,-81.18059,NA,NA,NA,NA,239.1005025,-22.324623707,NA,NA,NA,NA,NA,NA,NA,NA,NA,NA,NA,NA,NA,NA,NA,NA,NA,NA,NA,NA,-226915.79,-81180.59,1.0,S,-1.00405216814159,-0.359206150442478,NA,NA,NA,NA,NA,NA,NA,NA,NA,NA,NA,NA,NA,NA,NA,NA,NA,NA
NA,Sky-H7-6,-230.55892,-70.1687,NA,NA,NA,NA,239.0843985,-22.278678404,NA,NA,NA,NA,NA,NA,NA,NA,NA,NA,NA,NA,NA,NA,NA,NA,NA,NA,NA,NA,-230558.92,-70168.7,1.0,S,-1.02017221238938,-0.310480973451327,NA,NA,NA,NA,NA,NA,NA,NA,NA,NA,NA,NA,NA,NA,NA,NA,NA,NA
NA,Sky-H7-7,-233.66801,-58.99428,NA,NA,NA,NA,239.0707117,-22.232067297,NA,NA,NA,NA,NA,NA,NA,NA,NA,NA,NA,NA,NA,NA,NA,NA,NA,NA,NA,NA,-233668.01,-58994.28,1.0,S,-1.03392924778761,-0.261036637168142,NA,NA,NA,NA,NA,NA,NA,NA,NA,NA,NA,NA,NA,NA,NA,NA,NA,NA
NA,Sky-H7-8,-234.27497,-47.28889,NA,NA,NA,NA,239.0677239,-22.183417702,NA,NA,NA,NA,NA,NA,NA,NA,NA,NA,NA,NA,NA,NA,NA,NA,NA,NA,NA,NA,-234274.97,-47288.89,2.0,S,-1.03661491150442,-0.209242876106195,NA,NA,NA,NA,NA,NA,NA,NA,NA,NA,NA,NA,NA,NA,NA,NA,NA,NA
