#OBSTEMP,8
#CONFIGTEMP,19
#EQUINOX,J2000.0
#CENTRE,17 59 41.69,-22 00 16.0 #Field centre
#UTTIME,14 00 00.00 #Target observing time
#UTDATE,2021 07 10 #Target observing date
#PLATEID,a test_plateID
#LABEL,270_m20_comissioning Tile 000
#TILING_DATE,2021 06 15 # Date the tile was created/configured
#PROXIMITY,220 # tiling proximity value in arcseconds
"ID","RA","DEC","g_mag","r_mag","i_mag","z_mag","y_mag","GAIA_g_mag","GAIA_bp_mag","GAIA_rp_mag","pmRA","pmDEC","Re","GAL_MU_E_R","Mstar","priority","remaining_observations","Tile_number","COMPLETED","MagnetX_noDC","MagnetY_noDC","type","MagnetX","MagnetY","SkyFibrePosition","fibre_type","x","y","grads","gangs","gazAngs","gangs_gazAng"
"4069976464991195136",270.5328,-21.684666,NA,11.4086999893188,NA,NA,NA,NA,NA,NA,-3.26546408430572,-7.41570941942578,NA,NA,NA,NA,NA,NA,NA,137654.84734694,72271.4146122446,2,133149.55,74975.37,NA,"G",-117.16741,76.49886,139.929544941044,5.81131079507586,-0.578412728104177,0.106538216000454
"4069926815170942336",270.56815,-22.088623,NA,11.4259004592896,NA,NA,NA,NA,NA,NA,-22.8226772463412,-7.17210201091266,NA,NA,NA,NA,NA,NA,NA,145643.947346939,-19022.8673877551,2,140329.21,-20068.79,NA,"G",171.66318,111.65237,204.779147117887,6.58159779256755,3.71825981575249,2.86333797681506
"4070368376505816064",269.03455,-21.86783,NA,11.5804996490479,NA,NA,NA,NA,NA,NA,0.801774287970134,0.329035572537338,NA,NA,NA,NA,NA,NA,NA,-200949.652653056,30876.3506122442,2,-195732.85,31827.67,NA,"G",81.59163,-197.4222,213.618162006176,0.336901139138357,1.96270255382252,4.65738389249542
"4070769865709852288",269.6652,-21.428143,NA,11.9498996734619,NA,NA,NA,NA,NA,NA,-2.28703884745424,-7.06313497192834,NA,NA,NA,NA,NA,NA,NA,-58422.7526530557,130245.612612245,2,-56569.73,135417.82,NA,"G",-48.79741,201.64979,207.470058152381,0.848649238699045,-1.33336974817488,2.18201898687393
"4069985226725356160",270.70035,-21.532795,NA,12.6087999343872,NA,NA,NA,NA,NA,NA,-4.71445790587273,-2.73456157274179,NA,NA,NA,NA,NA,NA,NA,175521.147346941,106594.260612245,2,171663.18,111652.37,NA,"G",98.29812,-88.90018,132.53589098643,0.617650538694729,2.40635550415269,4.49448034172163
"4070349233794663296",269.0625,-22.130934,NA,12.7568998336792,NA,NA,NA,NA,NA,NA,-6.45441689764226,-16.0514976925528,NA,NA,NA,NA,NA,NA,NA,-194632.952653062,-28585.1533877554,2,-189046.9,-30517.87,NA,"G",-118.85096,-120.70212,169.394664808004,2.6457730428515,0.793125566250707,1.85264747660079
