#OBSTEMP,8
#CONFIGTEMP,19
#EQUINOX,J2000.0
#CENTRE,18 02 47.53,-22 45 41.5 #Field centre
#UTTIME,14 00 00.00 #Target observing time
#UTDATE,2021 07 10 #Target observing date
#PLATEID,a test_plateID
#LABEL,270_m20_comissioning Tile 002
#TILING_DATE,2021 06 15 # Date the tile was created/configured
#PROXIMITY,220 # tiling proximity value in arcseconds
"ID","RA","DEC","g_mag","r_mag","i_mag","z_mag","y_mag","GAIA_g_mag","GAIA_bp_mag","GAIA_rp_mag","pmRA","pmDEC","Re","GAL_MU_E_R","Mstar","priority","remaining_observations","Tile_number","COMPLETED","MagnetX_noDC","MagnetY_noDC","type","MagnetX","MagnetY","SkyFibrePosition","fibre_type","x","y","grads","gangs","gazAngs","gangs_gazAng"
"4069926815170942336",270.56815,-22.088623,NA,11.4259004592896,NA,NA,NA,NA,NA,NA,-22.8226772463412,-7.17210201091266,NA,NA,NA,NA,NA,NA,NA,-29353.8485714312,152077.101918368,2,-28350.46,158462.66,NA,"G",-53.63102,20.2363,57.3218470038292,5.70481030205651,-0.360807064848275,6.06561736690478
"4069879025089245952",270.5733,-22.166632,NA,12.9923000335693,NA,NA,NA,NA,NA,NA,-7.4029581988945,-44.6577331159,NA,NA,NA,NA,NA,NA,NA,-28189.9485714279,134447.067918367,2,-27140.73,139731.57,NA,"G",46.56918,127.37379,135.619950246402,3.04551961838334,4.36187560726872,4.9668293182942
"4069946743817512192",270.39465,-21.894287,NA,13.1145000457764,NA,NA,NA,NA,NA,NA,-0.288397483134049,4.08549079641312,NA,NA,NA,NA,NA,NA,NA,-68564.8485714289,195997.037918368,2,-67067.44,206517.14,NA,"G",64.23331,-38.30415,74.7872049269031,1.24106903483882,2.60387719805881,4.9203771439596
"4069559513881223040",270.1069,-22.18648,NA,13.6225996017456,NA,NA,NA,NA,NA,NA,0.600223386340343,-1.99844280651046,NA,NA,NA,NA,NA,NA,NA,-133596.348571433,129961.419918367,2,-129579.66,135862.7,NA,"G",-76.37774,-46.37442,89.3540485811583,1.97284081163554,0.545676298543089,1.42716451309245
"4069863631925848448",270.84598,-22.248917,NA,13.6688995361328,NA,NA,NA,NA,NA,NA,2.75681704275408,6.01803003118565,NA,NA,NA,NA,NA,NA,NA,33435.7314285676,115850.657918368,2,32079.66,120096.34,NA,"G",-69.52191,88.55693,112.586081826632,6.09186874562169,-0.905235906780227,0.713919345222332
"4069483402749061120",270.09576,-22.640276,NA,13.7172002792358,NA,NA,NA,NA,NA,NA,-0.954587135294962,-1.82740362606183,NA,NA,NA,NA,NA,NA,NA,-136113.988571435,27403.5239183672,2,-130412.45,28175.12,NA,"G",5.72158,-6.30992,8.51772082794453,1.544758342244,2.30733344011067,5.52061020931291
