#OBSTEMP,8
#CONFIGTEMP,19
#EQUINOX,J2000.0
#CENTRE,17 57 37.00,-21 42 19.8 #Field centre
#UTTIME,14 00 00.00 #Target observing time
#UTDATE,2021 07 10 #Target observing date
#PLATEID,a test_plateID
#LABEL,270_m20_comissioning Tile 001
#TILING_DATE,2021 06 15 # Date the tile was created/configured
#PROXIMITY,220 # tiling proximity value in arcseconds
"ID","RA","DEC","g_mag","r_mag","i_mag","z_mag","y_mag","GAIA_g_mag","GAIA_bp_mag","GAIA_rp_mag","pmRA","pmDEC","Re","GAL_MU_E_R","Mstar","priority","remaining_observations","Tile_number","COMPLETED","MagnetX_noDC","MagnetY_noDC","type","MagnetX","MagnetY","SkyFibrePosition","fibre_type","x","y","grads","gangs","gazAngs","gangs_gazAng"
"4070192553389461376",269.0684,-22.522255,NA,11.3708000183105,NA,NA,NA,NA,NA,NA,2.155162194992,-1.68715680119177,NA,NA,NA,NA,NA,NA,NA,-75883.235918371,-184584.702081634,2,-73777.78,-194376,NA,"G",-20.87709,100.95683,103.092843643567,6.21441466841072,-1.36687836978268,1.29810773101381
"4070368376505816064",269.03455,-21.86783,NA,11.5804996490479,NA,NA,NA,NA,NA,NA,0.801774287970134,0.329035572537338,NA,NA,NA,NA,NA,NA,NA,-83533.3359183649,-36684.6520816336,2,-80113.25,-38011.58,NA,"G",158.84762,136.00364,209.116131546359,0.0556034655374573,3.8496689959763,2.48911977674075
"4070297316229990912",269.2731,-22.209093,NA,11.6814002990723,NA,NA,NA,NA,NA,NA,0.419752698707477,0.26229035280156,NA,NA,NA,NA,NA,NA,NA,-29621.0359183705,-113810.090081633,2,-28428.59,-118008.48,NA,"G",124.12863,-173.23711,213.117369228388,0.401926751770932,2.19252666898859,4.49258538996193
"4070769865709852288",269.6652,-21.428143,NA,11.9498996734619,NA,NA,NA,NA,NA,NA,-2.28703884745424,-7.06313497192834,NA,NA,NA,NA,NA,NA,NA,58993.5640816358,62684.609918367,2,56732.73,64716.54,NA,"G",-74.17839,-99.79949,124.347785453751,5.23133542501344,0.931613619548026,4.29972180546541
"4070349233794663296",269.0625,-22.130934,NA,12.7568998336792,NA,NA,NA,NA,NA,NA,-6.45441689764226,-16.0514976925528,NA,NA,NA,NA,NA,NA,NA,-77216.6359183703,-96146.1560816332,2,-74178.39,-99799.49,NA,"G",-83.28266,56.7452,100.777076657917,5.81928686048757,-0.598103807740847,0.134205361048835
"4070323979385056896",269.5612,-22.077774,NA,13.118800163269,NA,NA,NA,NA,NA,NA,1.37615381728931,-4.57903663404913,NA,NA,NA,NA,NA,NA,NA,35489.5640816263,-84131.9960816336,2,33981.05,-86939.83,NA,"G",121.38624,119.29345,170.19267456104,0.273200041127788,3.91829570333666,2.63808964497072
