#OBSTEMP,8
#CONFIGTEMP,19
#EQUINOX,J2000.0
#CENTRE,17 59 50.53,-21 56 46.8 #Field centre
#UTTIME,14 00 00.00 #Target observing time
#UTDATE,2021 07 10 #Target observing date
#PLATEID,a test_plateID
#LABEL,270_m20_comissioning Tile 000
#TILING_DATE,2021 06 10 # Date the tile was created/configured
#PROXIMITY,220 # tiling proximity value in arcseconds
"probe","ID","x","y","rads","angs","azAngs","angs_azAng","RA","DEC","g_mag","r_mag","i_mag","z_mag","y_mag","GAIA_g_mag","GAIA_bp_mag","GAIA_rp_mag","pmRA","pmDEC","Re","GAL_MU_E_R","Mstar","priority","remaining_observations","Tile_number","COMPLETED","MagnetX_noDC","MagnetY_noDC","type","MagnetX","MagnetY","Position","fibre_type","fraction_plate_radius_X","fraction_plate_radius_Y"
1,"4069907165716436736",193.07939,-8.24972,193.25555289008,4.69059979131739,3.09889153851384,1.59170825280355,270.83847,-21.978844,18.6025009155273,16.6081008911133,15.4555997848511,14.756799697876,14.2934999465942,16.15022,17.77402,14.839895,-3.57014037340395,-5.52114722175475,1,19,-99,1,1,-999,"False",198411.85714286,-7344.64946938691,1,193079.39,-8249.72,NA,"P",0.854333584070797,-0.036503185840708
2,"4070293918948068224",-180.6059,-79.54745,197.348138872178,-1.49245250650045,0.414881881330677,4.37585091934846,269.13773,-22.27959,19.4407005310059,17.8134994506836,16.8166999816895,16.2143993377686,15.8732004165649,17.465778,18.88841,16.281036,-3.26660627861111,1.92820134313699,1,19,-99,1,1,-999,"False",-185955.382857152,-75313.2454693869,1,-180605.9,-79547.45,NA,"P",-0.799141150442478,-0.351979867256637
3,"4070718811468706816",1.08366,76.01557,76.0232938080198,-0.185757379991728,4.69813418232995,1.39929374485791,269.96555,-21.620447,18.1250991821289,16.5076007843018,15.5573997497559,14.9518003463745,14.5500001907349,16.197395,17.535055,15.009998,-0.683162231778158,-1.50893584027996,1,19,-99,1,1,-999,"False",1131.93714285489,73653.0725306131,1,1083.66,76015.57,NA,"P",0.00479495575221239,0.336352079646018
4,"4069546457180880384",53.92604,-68.86988,87.470441643426,1.29121556752194,2.23509343337984,5.33930744132169,270.20996,-22.241018,18.8383007049561,17.5846996307373,16.8864002227783,16.4624004364014,16.1042995452881,17.428408,18.47096,16.391941,-1.04929432703394,-1.08416799206183,1,19,-99,1,1,-999,"False",56368.5971428586,-66595.9734693873,1,53926.04,-68869.88,NA,"P",0.238610796460177,-0.304733982300885
5,"4069475156410965376",123.41812,-164.19955,205.410624273763,0.464239826272938,2.21534298052963,4.5320821529229,270.52286,-22.63595,19.3745002746582,17.8264007568359,16.9123001098633,16.3516998291016,15.9371004104614,17.533884,18.744305,16.396152,-0.128861506001999,-1.61881177454549,1,19,-99,1,1,-999,"False",127083.997142862,-155850.605469387,1,123418.12,-164199.55,NA,"P",0.546097876106195,-0.726546681415929
6,"4069874970620283136",168.93122,-64.49868,180.825431874034,4.5625860660915,2.77686988363697,1.78571618245453,270.7319,-22.217226,17.2931003570557,16.2129001617432,15.6040000915527,15.2151002883911,14.943699836731,16.094732,16.963793,15.103232,-1.72252593383802,1.5384914919158,1,19,-99,1,1,-999,"False",174327.037142852,-61218.9814693872,1,168931.22,-64498.68,NA,"P",0.747483274336283,-0.285392389380531
7,"4070317180492258048",-6.44003,-4.65367,7.9454786432159,1.59988293393748,0.625743913677662,0.974139020259813,269.9304,-21.96654,16.7903003692627,15.8814001083374,15.3625001907349,15.00119972229,14.862099647522,15.826381,16.548323,14.848427,3.24224225632251,-0.645292846994966,1,19,-99,1,1,-999,"False",-6811.96285714225,-4563.94546938684,1,-6440.03,-4653.67,NA,"P",-0.0284957079646018,-0.0205914601769911
8,"4070402014674835072",-157.99564,69.38208,172.55867200502,2.06196143591695,-0.413785471723576,2.47574690764053,269.24033,-21.65078,18.961799621582,17.8125991821289,17.3234996795654,17.039400100708,16.8864002227783,17.798437,18.598528,16.764296,-2.17647633164429,-0.454937463459862,1,19,-99,1,1,-999,"False",-162767.782857153,66797.8145306126,1,-157995.64,69382.08,NA,"P",-0.699095752212389,0.307000353982301
9,"4069932415807915392",105.05826,-3.07266,105.103183746751,1.13039832896567,3.11235378809854,4.30122984804672,270.44504,-21.958803,19.3582992553711,17.4365997314453,16.3187999725342,15.5697002410889,15.0328998565674,16.955769,18.614338,15.656461,-2.27108173235892,-4.20174327280999,1,19,-99,1,1,-999,"False",109496.677142855,-2815.38346938711,1,105058.26,-3072.66,NA,"P",0.464859557522124,-0.0135958407079646
10,"4069979905285916416",161.972,77.08576,179.379885100804,1.08000129657292,3.58579159009697,3.77739501365553,270.69748,-21.6187,15.9113998413086,15.3018999099731,15.0183000564575,14.8713998794556,14.7937002182007,15.309728,15.809101,14.644895,2.3715009598158,1.81871166284243,1,19,-99,1,1,-999,"False",166548.11714285,74047.8945306127,1,161972,77085.76,NA,"P",0.716690265486726,0.341087433628319
11,"4070310269852200960",-81.55675,-48.19386,94.7319988824373,2.00084797914623,0.533719415346931,1.4671285637993,269.5834,-22.1523,15.9807996749878,15.270899772644,14.9453001022339,14.7854995727539,14.6725997924805,15.285328,15.852202,14.5758915,-0.101218364630811,-8.22537711052089,1,19,-99,1,1,-999,"False",-85233.9628571506,-46545.7054693873,1,-81556.75,-48193.86,NA,"P",-0.360870575221239,-0.213247168141593
12,"4070786019119677696",-115.59263,142.88814,183.789762127754,0.357015891058796,-0.890608014184338,1.24762390524313,269.43588,-21.341381,19.1966991424561,16.9062995910645,15.5346002578735,14.7211999893188,14.2041997909546,16.18158,18.092968,14.840357,-0.544367744841586,-2.73812118300615,1,19,-99,1,1,-999,"False",-118573.482857147,136721.988530613,1,-115592.63,142888.14,NA,"P",-0.511471814159292,0.632248407079646
13,"4070803366455413120",7.83019,179.21036,179.381339628083,2.80279376811001,4.66872402180796,4.41725505348163,269.9961,-21.188047,16.8054008483887,15.7791004180908,15.2138004302979,14.8505001068115,14.6316003799438,15.678346,16.52134,14.720115,-0.0769731097264878,0.736218736801933,1,19,-99,1,1,-999,"False",8036.23714285607,171375.472530613,1,7830.19,179210.36,NA,"P",0.0346468584070796,0.792966194690265
14,"4070374733059043328",-149.21024,-12.6746,149.747591653481,-1.2163331284569,0.0847411440280905,4.98211103469459,269.27603,-21.998802,17.3047008514404,15.3922004699707,14.3329000473022,13.6753997802734,13.2862997055054,14.971991,16.493715,13.741746,-0.780103547520776,2.32074228863185,1,19,-99,1,1,-999,"False",-154699.582857149,-11855.1574693875,1,-149210.24,-12674.6,NA,"P",-0.660222300884956,-0.0560823008849557
15,"4069517281448887296",-123.65131,-176.55669,215.550252257965,2.76120629435278,0.959836139501754,1.80137015485103,269.39813,-22.686243,19.1728000640869,17.6140003204346,16.6658992767334,16.0573997497559,15.6326999664307,17.271177,18.575903,16.08504,-1.04601631773509,-2.85883998054595,1,19,-99,1,1,-999,"False",-127104.982857151,-167216.823469387,1,-123651.31,-176556.69,NA,"P",-0.547129690265487,-0.781224292035398
16,"4070741969933367808",122.14965,140.12575,185.891804037147,2.7883600291328,3.99542281979473,5.07612251651766,270.51465,-21.35345,19.7812995910645,17.9543991088867,16.887300491333,16.2089004516602,15.7676000595093,17.563288,19.180916,16.324425,-2.40453034965252,-5.4702641698194,1,19,-99,1,1,-999,"False",125228.537142857,133994.394530613,1,122149.65,140125.75,NA,"P",0.54048517699115,0.620025442477876
17,"4069530892218830976",15.26836,-151.04653,151.816260796169,1.36604234644201,1.67153795120421,5.97768970241738,270.0308,-22.588282,18.0126991271973,16.817699432373,16.1051998138428,15.6646995544434,15.3379001617432,16.661917,17.689333,15.651695,0.695542199113827,-1.34664146885152,1,19,-99,1,1,-999,"False",15878.437142853,-145077.637469387,1,15268.36,-151046.53,NA,"P",0.0675591150442478,-0.668347477876106
18,"4070797009903609728",0.59914,141.8768,141.878065066379,0.146042582510976,4.70816604584943,1.72106184384114,269.9633,-21.342342,17.4881992340088,16.1422996520996,15.3149003982544,14.7672004699707,14.4310998916626,15.87293,17.041113,14.7696295,0.210576557970915,0.859580967978685,1,19,-99,1,1,-999,"False",623.437142854073,136504.802530613,1,599.14,141876.8,NA,"P",0.00265106194690265,0.627773451327434
19,"4069560269795495680",27.08104,-51.9056,58.5454869212102,1.41647929567465,2.05168144739237,5.64798315546187,270.08606,-22.16911,16.8967990875244,16.6707992553711,16.6462001800537,16.6203002929688,16.5793991088867,16.647326,16.822784,16.25248,-10.2662045716186,-1.53193570940034,NA,NA,NA,1,NA,NA,"",28367.1971428604,-50344.7654693872,0,27081.04,-51905.6,NA,"P",0.119827610619469,-0.229670796460177
20,"4070718497904347904",22.65371,80.29097,83.4255982316279,3.32838464684842,4.43739216459886,5.17417778942914,270.06494,-21.60233,16.5198993682861,16.2612991333008,16.1679992675781,16.1026992797852,16.0648002624512,16.190025,16.426561,15.75585,-9.85335751054797,-5.68201640729068,NA,NA,NA,1,NA,NA,"",23594.0771428484,77747.5145306132,0,22653.71,80290.97,NA,"P",0.100237654867257,0.355269778761062
NA,"Sky-A1-1",-226.46104,82.44066,NA,NA,NA,NA,268.9459492,-21.599770342,NA,NA,NA,NA,NA,NA,NA,NA,NA,NA,NA,NA,NA,NA,NA,NA,"",NA,NA,NA,-226461.04,82440.66,1,"S",-1.00204,0.364781681415929
NA,"Sky-A1-2",-222.23219,93.24117,NA,NA,NA,NA,268.9651884,-21.554891095,NA,NA,NA,NA,NA,NA,NA,NA,NA,NA,NA,NA,NA,NA,NA,NA,"",NA,NA,NA,-222232.19,93241.17,1,"S",-0.983328274336283,0.412571548672566
NA,"Sky-A1-3",-217.48859,103.8257,NA,NA,NA,NA,268.9867157,-21.510921595,NA,NA,NA,NA,NA,NA,NA,NA,NA,NA,NA,NA,NA,NA,NA,NA,"",NA,NA,NA,-217488.59,103825.7,1,"S",-0.96233889380531,0.459405752212389
NA,"Sky-A1-4",-212.24121,114.16975,NA,NA,NA,NA,269.0104799,-21.467962924,NA,NA,NA,NA,NA,NA,NA,NA,NA,NA,NA,NA,NA,NA,NA,NA,"",NA,NA,NA,-212241.21,114169.75,1,"S",-0.939120398230089,0.505175884955752
NA,"Sky-A1-5",-206.50222,124.24934,NA,NA,NA,NA,269.0364244,-21.426113918,NA,NA,NA,NA,NA,NA,NA,NA,NA,NA,NA,NA,NA,NA,NA,NA,"",NA,NA,NA,-206502.22,124249.34,1,"S",-0.913726637168142,0.549775840707965
NA,"Sky-A1-6",-200.2849,134.04112,NA,NA,NA,NA,269.0644881,-21.385470713,NA,NA,NA,NA,NA,NA,NA,NA,NA,NA,NA,NA,NA,NA,NA,NA,"",NA,NA,NA,-200284.9,134041.12,1,"S",-0.886216371681416,0.593102300884956
NA,"Sky-A1-7",-193.60365,143.52243,NA,NA,NA,NA,269.094605,-21.346126511,NA,NA,NA,NA,NA,NA,NA,NA,NA,NA,NA,NA,NA,NA,NA,NA,"",NA,NA,NA,-193603.65,143522.43,1,"S",-0.856653318584071,0.635055
NA,"Sky-A2-1",-3.01251,240.9813,NA,NA,NA,NA,269.9471373,-20.942439366,NA,NA,NA,NA,NA,NA,NA,NA,NA,NA,NA,NA,NA,NA,NA,NA,"",NA,NA,NA,-3012.51,240981.3,1,"S",-0.0133296902654867,1.0662889380531
NA,"Sky-A2-2",8.5856,240.84715,NA,NA,NA,NA,269.9988688,-20.943012331,NA,NA,NA,NA,NA,NA,NA,NA,NA,NA,NA,NA,NA,NA,NA,NA,"",NA,NA,NA,8585.6,240847.15,1,"S",0.0379893805309735,1.0656953539823
NA,"Sky-A2-3",20.16382,240.15512,NA,NA,NA,NA,270.0505118,-20.945894499,NA,NA,NA,NA,NA,NA,NA,NA,NA,NA,NA,NA,NA,NA,NA,NA,"",NA,NA,NA,20163.82,240155.12,1,"S",0.0892204424778761,1.06263327433628
NA,"Sky-A2-4",31.69534,238.90682,NA,NA,NA,NA,270.1019486,-20.951079175,NA,NA,NA,NA,NA,NA,NA,NA,NA,NA,NA,NA,NA,NA,NA,NA,"",NA,NA,NA,31695.34,238906.82,1,"S",0.140244867256637,1.05710982300885
NA,"Sky-A2-5",43.15344,237.10513,NA,NA,NA,NA,270.1530626,-20.958554494,NA,NA,NA,NA,NA,NA,NA,NA,NA,NA,NA,NA,NA,NA,NA,NA,"",NA,NA,NA,43153.44,237105.13,1,"S",0.190944424778761,1.04913774336283
NA,"Sky-A2-6",54.51158,234.75423,NA,NA,NA,NA,270.2037373,-20.968303303,NA,NA,NA,NA,NA,NA,NA,NA,NA,NA,NA,NA,NA,NA,NA,NA,"",NA,NA,NA,54511.58,234754.23,1,"S",0.241201681415929,1.03873553097345
NA,"Sky-A2-7",65.74346,231.85957,NA,NA,NA,NA,270.2538576,-20.980303278,NA,NA,NA,NA,NA,NA,NA,NA,NA,NA,NA,NA,NA,NA,NA,NA,"",NA,NA,NA,65743.46,231859.57,1,"S",0.290900265486726,1.02592730088496
NA,"Sky-A3-1",231.67752,66.38214,NA,NA,NA,NA,270.998359,-21.666800131,NA,NA,NA,NA,NA,NA,NA,NA,NA,NA,NA,NA,NA,NA,NA,NA,"",NA,NA,NA,231677.52,66382.14,1,"S",1.0251217699115,0.293726283185841
NA,"Sky-A3-2",234.60313,55.15828,NA,NA,NA,NA,271.0117738,-21.713446624,NA,NA,NA,NA,NA,NA,NA,NA,NA,NA,NA,NA,NA,NA,NA,NA,"",NA,NA,NA,234603.13,55158.28,1,"S",1.03806694690265,0.244063185840708
NA,"Sky-A3-3",236.98531,43.80666,NA,NA,NA,NA,271.0227657,-21.760636412,NA,NA,NA,NA,NA,NA,NA,NA,NA,NA,NA,NA,NA,NA,NA,NA,"",NA,NA,NA,236985.31,43806.66,1,"S",1.04860756637168,0.193834778761062
NA,"Sky-A3-4",238.81857,32.35357,NA,NA,NA,NA,271.0313072,-21.808260741,NA,NA,NA,NA,NA,NA,NA,NA,NA,NA,NA,NA,NA,NA,NA,NA,"",NA,NA,NA,238818.57,32353.57,1,"S",1.05671933628319,0.143157389380531
NA,"Sky-A3-5",240.09865,20.82553,NA,NA,NA,NA,271.0373765,-21.856209784,NA,NA,NA,NA,NA,NA,NA,NA,NA,NA,NA,NA,NA,NA,NA,NA,"",NA,NA,NA,240098.65,20825.53,1,"S",1.06238340707965,0.0921483628318584
NA,"Sky-A3-6",240.82258,9.24926,NA,NA,NA,NA,271.0409572,-21.90437277,NA,NA,NA,NA,NA,NA,NA,NA,NA,NA,NA,NA,NA,NA,NA,NA,"",NA,NA,NA,240822.58,9249.26,1,"S",1.06558663716814,0.0409259292035398
NA,"Sky-A3-7",240.98869,2.34844,NA,NA,NA,NA,271.0419024,-21.933090003,NA,NA,NA,NA,NA,NA,NA,NA,NA,NA,NA,NA,NA,NA,NA,NA,"",NA,NA,NA,240988.69,2348.44,1,"S",1.06632163716814,0.0103913274336283
NA,"Sky-A4-1",210.21182,-117.86456,NA,NA,NA,NA,270.9069176,-22.434152008,NA,NA,NA,NA,NA,NA,NA,NA,NA,NA,NA,NA,NA,NA,NA,NA,"",NA,NA,NA,210211.82,-117864.56,1,"S",0.930140796460177,-0.521524601769911
NA,"Sky-A4-2",204.2974,-127.84223,NA,NA,NA,NA,270.880549,-22.475811798,NA,NA,NA,NA,NA,NA,NA,NA,NA,NA,NA,NA,NA,NA,NA,NA,"",NA,NA,NA,204297.4,-127842.23,1,"S",0.903970796460177,-0.565673584070796
NA,"Sky-A4-3",197.90977,-137.52377,NA,NA,NA,NA,270.8520275,-22.516246248,NA,NA,NA,NA,NA,NA,NA,NA,NA,NA,NA,NA,NA,NA,NA,NA,"",NA,NA,NA,197909.77,-137523.77,1,"S",0.875706946902655,-0.608512256637168
NA,"Sky-A4-4",191.06371,-146.88677,NA,NA,NA,NA,270.821418,-22.555360882,NA,NA,NA,NA,NA,NA,NA,NA,NA,NA,NA,NA,NA,NA,NA,NA,"",NA,NA,NA,191063.71,-146886.77,1,"S",0.845414646017699,-0.649941460176991
NA,"Sky-A4-5",183.77509,-155.90952,NA,NA,NA,NA,270.7887904,-22.593064071,NA,NA,NA,NA,NA,NA,NA,NA,NA,NA,NA,NA,NA,NA,NA,NA,"",NA,NA,NA,183775.09,-155909.52,1,"S",0.813164115044248,-0.689865132743363
NA,"Sky-A4-6",176.06079,-164.57115,NA,NA,NA,NA,270.7542196,-22.62926763,NA,NA,NA,NA,NA,NA,NA,NA,NA,NA,NA,NA,NA,NA,NA,NA,"",NA,NA,NA,176060.79,-164571.15,1,"S",0.779030044247788,-0.72819092920354
NA,"Sky-A4-7",167.93867,-172.85157,NA,NA,NA,NA,270.7177853,-22.663886586,NA,NA,NA,NA,NA,NA,NA,NA,NA,NA,NA,NA,NA,NA,NA,NA,"",NA,NA,NA,167938.67,-172851.57,1,"S",0.743091460176991,-0.764829955752212
NA,"Sky-A5-1",-148.4702,-189.83588,NA,NA,NA,NA,269.2904389,-22.735152925,NA,NA,NA,NA,NA,NA,NA,NA,NA,NA,NA,NA,NA,NA,NA,NA,"",NA,NA,NA,-148470.2,-189835.88,1,"S",-0.656947787610619,-0.839981769911504
NA,"Sky-A5-2",-157.43205,-182.47249,NA,NA,NA,NA,269.2501312,-22.704352536,NA,NA,NA,NA,NA,NA,NA,NA,NA,NA,NA,NA,NA,NA,NA,NA,"",NA,NA,NA,-157432.05,-182472.49,1,"S",-0.696601991150442,-0.807400398230088
NA,"Sky-A5-3",-166.02924,-174.68645,NA,NA,NA,NA,269.2114934,-22.671789259,NA,NA,NA,NA,NA,NA,NA,NA,NA,NA,NA,NA,NA,NA,NA,NA,"",NA,NA,NA,-166029.24,-174686.45,1,"S",-0.734642654867257,-0.77294889380531
NA,"Sky-A5-4",-174.24185,-166.49577,NA,NA,NA,NA,269.1746152,-22.637539448,NA,NA,NA,NA,NA,NA,NA,NA,NA,NA,NA,NA,NA,NA,NA,NA,"",NA,NA,NA,-174241.85,-166495.77,1,"S",-0.770981637168142,-0.736706946902655
NA,"Sky-A5-5",-182.05086,-157.91943,NA,NA,NA,NA,269.1395821,-22.601683498,NA,NA,NA,NA,NA,NA,NA,NA,NA,NA,NA,NA,NA,NA,NA,NA,"",NA,NA,NA,-182050.86,-157919.43,1,"S",-0.805534778761062,-0.698758539823009
NA,"Sky-A5-6",-189.43818,-148.97731,NA,NA,NA,NA,269.106475,-22.564305558,NA,NA,NA,NA,NA,NA,NA,NA,NA,NA,NA,NA,NA,NA,NA,NA,"",NA,NA,NA,-189438.18,-148977.31,1,"S",-0.83822203539823,-0.659191637168142
NA,"Sky-A5-7",-196.38671,-139.6901,NA,NA,NA,NA,269.0753701,-22.525493138,NA,NA,NA,NA,NA,NA,NA,NA,NA,NA,NA,NA,NA,NA,NA,NA,"",NA,NA,NA,-196386.71,-139690.1,1,"S",-0.868967743362832,-0.61809778761062
NA,"Sky-H1-1",-181.17025,158.92893,NA,NA,NA,NA,269.1505607,-21.282216843,NA,NA,NA,NA,NA,NA,NA,NA,NA,NA,NA,NA,NA,NA,NA,NA,"",NA,NA,NA,-181170.25,158928.93,1,"S",-0.801638274336283,0.703225353982301
NA,"Sky-H1-2",-173.31368,167.46173,NA,NA,NA,NA,269.1858693,-21.246832853,NA,NA,NA,NA,NA,NA,NA,NA,NA,NA,NA,NA,NA,NA,NA,NA,"",NA,NA,NA,-173313.68,167461.73,1,"S",-0.766874690265487,0.74098110619469
NA,"Sky-H1-3",-165.05567,175.60663,NA,NA,NA,NA,269.2229481,-21.213065621,NA,NA,NA,NA,NA,NA,NA,NA,NA,NA,NA,NA,NA,NA,NA,NA,"",NA,NA,NA,-165055.67,175606.63,1,"S",-0.73033482300885,0.777020486725664
NA,"Sky-H1-4",-156.41534,183.34477,NA,NA,NA,NA,269.2617111,-21.180992369,NA,NA,NA,NA,NA,NA,NA,NA,NA,NA,NA,NA,NA,NA,NA,NA,"",NA,NA,NA,-156415.34,183344.77,1,"S",-0.692103274336283,0.811260044247788
NA,"Sky-H1-5",-147.4127,190.65822,NA,NA,NA,NA,269.3020688,-21.150686447,NA,NA,NA,NA,NA,NA,NA,NA,NA,NA,NA,NA,NA,NA,NA,NA,"",NA,NA,NA,-147412.7,190658.22,1,"S",-0.652268584070796,0.843620442477876
NA,"Sky-H1-6",-138.06861,197.53006,NA,NA,NA,NA,269.3439281,-21.122217014,NA,NA,NA,NA,NA,NA,NA,NA,NA,NA,NA,NA,NA,NA,NA,NA,"",NA,NA,NA,-138068.61,197530.06,1,"S",-0.610923053097345,0.874026814159292
NA,"Sky-H1-7",-128.4047,203.94434,NA,NA,NA,NA,269.3871927,-21.095649205,NA,NA,NA,NA,NA,NA,NA,NA,NA,NA,NA,NA,NA,NA,NA,NA,"",NA,NA,NA,-128404.7,203944.34,1,"S",-0.568162389380531,0.902408584070796
NA,"Sky-H1-8",-118.44464,209.88551,NA,NA,NA,NA,269.4317575,-21.071046517,NA,NA,NA,NA,NA,NA,NA,NA,NA,NA,NA,NA,NA,NA,NA,NA,"",NA,NA,NA,-118444.64,209885.51,1,"S",-0.524091327433628,0.928696946902655
NA,"Sky-H2-1",-100.81652,218.89973,NA,NA,NA,NA,269.5105775,-21.033729415,NA,NA,NA,NA,NA,NA,NA,NA,NA,NA,NA,NA,NA,NA,NA,NA,"",NA,NA,NA,-100816.52,218899.73,1,"S",-0.446090796460177,0.968582876106195
NA,"Sky-H2-2",-90.16757,223.49692,NA,NA,NA,NA,269.5581631,-21.014703986,NA,NA,NA,NA,NA,NA,NA,NA,NA,NA,NA,NA,NA,NA,NA,NA,"",NA,NA,NA,-90167.57,223496.92,1,"S",-0.398971548672566,0.988924424778761
NA,"Sky-H2-3",-79.30977,227.57641,NA,NA,NA,NA,269.6066633,-20.997825231,NA,NA,NA,NA,NA,NA,NA,NA,NA,NA,NA,NA,NA,NA,NA,NA,"",NA,NA,NA,-79309.77,227576.41,1,"S",-0.350928185840708,1.00697526548673
NA,"Sky-H2-4",-68.26826,231.12877,NA,NA,NA,NA,269.6559673,-20.983131479,NA,NA,NA,NA,NA,NA,NA,NA,NA,NA,NA,NA,NA,NA,NA,NA,"",NA,NA,NA,-68268.26,231128.77,1,"S",-0.302071946902655,1.02269367256637
NA,"Sky-H2-5",-57.06862,234.14576,NA,NA,NA,NA,269.7059629,-20.970656182,NA,NA,NA,NA,NA,NA,NA,NA,NA,NA,NA,NA,NA,NA,NA,NA,"",NA,NA,NA,-57068.62,234145.76,1,"S",-0.252516017699115,1.03604318584071
NA,"Sky-H2-6",-45.73679,236.62039,NA,NA,NA,NA,269.7565359,-20.960427687,NA,NA,NA,NA,NA,NA,NA,NA,NA,NA,NA,NA,NA,NA,NA,NA,"",NA,NA,NA,-45736.79,236620.39,1,"S",-0.20237517699115,1.04699287610619
NA,"Sky-H2-7",-34.29902,238.54693,NA,NA,NA,NA,269.8075714,-20.952469197,NA,NA,NA,NA,NA,NA,NA,NA,NA,NA,NA,NA,NA,NA,NA,NA,"",NA,NA,NA,-34299.02,238546.93,1,"S",-0.151765575221239,1.05551738938053
NA,"Sky-H2-8",-22.78326,239.92079,NA,NA,NA,NA,269.8589467,-20.946799275,NA,NA,NA,NA,NA,NA,NA,NA,NA,NA,NA,NA,NA,NA,NA,NA,"",NA,NA,NA,-22783.26,239920.79,1,"S",-0.100810884955752,1.0615964159292
NA,"Sky-H3-1",184.61356,154.91577,NA,NA,NA,NA,270.785661,-21.299257047,NA,NA,NA,NA,NA,NA,NA,NA,NA,NA,NA,NA,NA,NA,NA,NA,"",NA,NA,NA,184613.56,154915.77,1,"S",0.816874159292035,0.685468008849557
NA,"Sky-H3-2",191.8534,145.85382,NA,NA,NA,NA,270.8182132,-21.336846113,NA,NA,NA,NA,NA,NA,NA,NA,NA,NA,NA,NA,NA,NA,NA,NA,"",NA,NA,NA,191853.4,145853.82,1,"S",0.848908849557522,0.645370884955752
NA,"Sky-H3-3",198.64884,136.45402,NA,NA,NA,NA,270.8488019,-21.375843695,NA,NA,NA,NA,NA,NA,NA,NA,NA,NA,NA,NA,NA,NA,NA,NA,"",NA,NA,NA,198648.84,136454.02,1,"S",0.878977168141593,0.603778849557522
NA,"Sky-H3-4",204.98415,126.73816,NA,NA,NA,NA,270.8773558,-21.416160357,NA,NA,NA,NA,NA,NA,NA,NA,NA,NA,NA,NA,NA,NA,NA,NA,"",NA,NA,NA,204984.15,126738.16,1,"S",0.907009513274336,0.560788318584071
NA,"Sky-H3-5",210.84465,116.72873,NA,NA,NA,NA,270.9038079,-21.457703719,NA,NA,NA,NA,NA,NA,NA,NA,NA,NA,NA,NA,NA,NA,NA,NA,"",NA,NA,NA,210844.65,116728.73,1,"S",0.93294092920354,0.516498805309734
NA,"Sky-H3-6",216.21677,106.44891,NA,NA,NA,NA,270.928096,-21.500378492,NA,NA,NA,NA,NA,NA,NA,NA,NA,NA,NA,NA,NA,NA,NA,NA,"",NA,NA,NA,216216.77,106448.91,1,"S",0.956711371681416,0.471012876106195
NA,"Sky-H3-7",221.08806,95.92253,NA,NA,NA,NA,270.9501628,-21.544086634,NA,NA,NA,NA,NA,NA,NA,NA,NA,NA,NA,NA,NA,NA,NA,NA,"",NA,NA,NA,221088.06,95922.53,1,"S",0.978265752212389,0.424435973451327
NA,"Sky-H3-8",225.44672,85.17533,NA,NA,NA,NA,270.9699534,-21.588722102,NA,NA,NA,NA,NA,NA,NA,NA,NA,NA,NA,NA,NA,NA,NA,NA,"",NA,NA,NA,225446.72,85175.33,1,"S",0.99755185840708,0.376881991150442
NA,"Sky-H4-1",239.9828,-22.12059,NA,NA,NA,NA,271.0380992,-22.034955182,NA,NA,NA,NA,NA,NA,NA,NA,NA,NA,NA,NA,NA,NA,NA,NA,"",NA,NA,NA,239982.8,-22120.59,1,"S",1.06187079646018,-0.0978787168141593
NA,"Sky-H4-2",238.64054,-33.64155,NA,NA,NA,NA,271.0324072,-22.082938685,NA,NA,NA,NA,NA,NA,NA,NA,NA,NA,NA,NA,NA,NA,NA,NA,"",NA,NA,NA,238640.54,-33641.55,1,"S",1.05593159292035,-0.148856415929204
NA,"Sky-H4-3",236.74552,-45.08459,NA,NA,NA,NA,271.0242273,-22.130611464,NA,NA,NA,NA,NA,NA,NA,NA,NA,NA,NA,NA,NA,NA,NA,NA,"",NA,NA,NA,236745.52,-45084.59,1,"S",1.04754654867257,-0.199489336283186
NA,"Sky-H4-4",234.30213,-56.42319,NA,NA,NA,NA,271.0135759,-22.177862854,NA,NA,NA,NA,NA,NA,NA,NA,NA,NA,NA,NA,NA,NA,NA,NA,"",NA,NA,NA,234302.13,-56423.19,1,"S",1.03673508849558,-0.249660132743363
NA,"Sky-H4-5",231.31601,-67.6311,NA,NA,NA,NA,271.0004755,-22.224583188,NA,NA,NA,NA,NA,NA,NA,NA,NA,NA,NA,NA,NA,NA,NA,NA,"",NA,NA,NA,231316.01,-67631.1,1,"S",1.02352216814159,-0.299252654867257
NA,"Sky-H4-6",227.79409,-78.68236,NA,NA,NA,NA,270.9849542,-22.27066388,NA,NA,NA,NA,NA,NA,NA,NA,NA,NA,NA,NA,NA,NA,NA,NA,"",NA,NA,NA,227794.09,-78682.36,1,"S",1.00793845132743,-0.34815203539823
NA,"Sky-H4-7",223.74453,-89.55136,NA,NA,NA,NA,270.967046,-22.315997681,NA,NA,NA,NA,NA,NA,NA,NA,NA,NA,NA,NA,NA,NA,NA,NA,"",NA,NA,NA,223744.53,-89551.36,1,"S",0.990020044247788,-0.396244955752212
NA,"Sky-H4-8",219.17732,-100.21161,NA,NA,NA,NA,270.9467931,-22.36047355,NA,NA,NA,NA,NA,NA,NA,NA,NA,NA,NA,NA,NA,NA,NA,NA,"",NA,NA,NA,219177.32,-100211.61,1,"S",0.969811150442478,-0.443414203539823
NA,"Sky-H5-1",41.83481,-237.34134,NA,NA,NA,NA,270.1495194,-22.933852217,NA,NA,NA,NA,NA,NA,NA,NA,NA,NA,NA,NA,NA,NA,NA,NA,"",NA,NA,NA,41834.81,-237341.34,1,"S",0.185109778761062,-1.05018292035398
NA,"Sky-H5-2",30.36687,-239.07931,NA,NA,NA,NA,270.0977148,-22.941143627,NA,NA,NA,NA,NA,NA,NA,NA,NA,NA,NA,NA,NA,NA,NA,NA,"",NA,NA,NA,30366.87,-239079.31,1,"S",0.134366681415929,-1.05787305309735
NA,"Sky-H5-3",18.8286,-240.26349,NA,NA,NA,NA,270.0455844,-22.946115917,NA,NA,NA,NA,NA,NA,NA,NA,NA,NA,NA,NA,NA,NA,NA,NA,"",NA,NA,NA,18828.6,-240263.49,1,"S",0.083312389380531,-1.06311278761062
NA,"Sky-H5-4",7.2467,-240.89115,NA,NA,NA,NA,269.9932515,-22.948757299,NA,NA,NA,NA,NA,NA,NA,NA,NA,NA,NA,NA,NA,NA,NA,NA,"",NA,NA,NA,7246.7,-240891.15,1,"S",0.0320650442477876,-1.06589004424779
NA,"Sky-H5-5",-4.35197,-240.96083,NA,NA,NA,NA,269.9408397,-22.949061409,NA,NA,NA,NA,NA,NA,NA,NA,NA,NA,NA,NA,NA,NA,NA,NA,"",NA,NA,NA,-4351.97,-240960.83,1,"S",-0.0192565044247788,-1.06619836283186
NA,"Sky-H5-6",-15.94057,-240.47237,NA,NA,NA,NA,269.8884729,-22.947027429,NA,NA,NA,NA,NA,NA,NA,NA,NA,NA,NA,NA,NA,NA,NA,NA,"",NA,NA,NA,-15940.57,-240472.37,1,"S",-0.0705334955752212,-1.06403703539823
NA,"Sky-H5-7",-27.49224,-239.4269,NA,NA,NA,NA,269.8362748,-22.94266005,NA,NA,NA,NA,NA,NA,NA,NA,NA,NA,NA,NA,NA,NA,NA,NA,"",NA,NA,NA,-27492.24,-239426.9,1,"S",-0.121647079646018,-1.0594110619469
NA,"Sky-H5-8",-38.97879,-237.82707,NA,NA,NA,NA,269.7843754,-22.935970434,NA,NA,NA,NA,NA,NA,NA,NA,NA,NA,NA,NA,NA,NA,NA,NA,"",NA,NA,NA,-38978.79,-237827.07,1,"S",-0.172472522123894,-1.05233216814159
NA,"Sky-H6-1",-58.36925,-233.82492,NA,NA,NA,NA,269.6967808,-22.919226499,NA,NA,NA,NA,NA,NA,NA,NA,NA,NA,NA,NA,NA,NA,NA,NA,"",NA,NA,NA,-58369.25,-233824.92,1,"S",-0.258271017699115,-1.03462353982301
NA,"Sky-H6-2",-69.55194,-230.74573,NA,NA,NA,NA,269.646278,-22.906340881,NA,NA,NA,NA,NA,NA,NA,NA,NA,NA,NA,NA,NA,NA,NA,NA,"",NA,NA,NA,-69551.94,-230745.73,1,"S",-0.307751946902655,-1.02099880530973
NA,"Sky-H6-3",-80.57354,-227.13205,NA,NA,NA,NA,269.5965157,-22.891217359,NA,NA,NA,NA,NA,NA,NA,NA,NA,NA,NA,NA,NA,NA,NA,NA,"",NA,NA,NA,-80573.54,-227132.05,1,"S",-0.356520088495575,-1.00500907079646
NA,"Sky-H6-4",-91.4085,-222.99226,NA,NA,NA,NA,269.5476115,-22.873891549,NA,NA,NA,NA,NA,NA,NA,NA,NA,NA,NA,NA,NA,NA,NA,NA,"",NA,NA,NA,-91408.5,-222992.26,1,"S",-0.404462389380531,-0.986691415929204
NA,"Sky-H6-5",-102.03172,-218.33596,NA,NA,NA,NA,269.4996805,-22.854404257,NA,NA,NA,NA,NA,NA,NA,NA,NA,NA,NA,NA,NA,NA,NA,NA,"",NA,NA,NA,-102031.72,-218335.96,1,"S",-0.45146778761062,-0.966088318584071
NA,"Sky-H6-6",-112.41861,-213.17391,NA,NA,NA,NA,269.4528354,-22.83280123,NA,NA,NA,NA,NA,NA,NA,NA,NA,NA,NA,NA,NA,NA,NA,NA,"",NA,NA,NA,-112418.61,-213173.91,1,"S",-0.497427477876106,-0.943247389380531
NA,"Sky-H6-7",-122.54511,-207.51809,NA,NA,NA,NA,269.4071861,-22.809133379,NA,NA,NA,NA,NA,NA,NA,NA,NA,NA,NA,NA,NA,NA,NA,NA,"",NA,NA,NA,-122545.11,-207518.09,1,"S",-0.542235,-0.918221637168142
NA,"Sky-H6-8",-132.38652,-201.3824,NA,NA,NA,NA,269.3628455,-22.78345972,NA,NA,NA,NA,NA,NA,NA,NA,NA,NA,NA,NA,NA,NA,NA,NA,"",NA,NA,NA,-132386.52,-201382.4,1,"S",-0.585781061946903,-0.891072566371681
NA,"Sky-H7-1",-207.18967,-123.09956,NA,NA,NA,NA,269.0270969,-22.45617981,NA,NA,NA,NA,NA,NA,NA,NA,NA,NA,NA,NA,NA,NA,NA,NA,"",NA,NA,NA,-207189.67,-123099.56,1,"S",-0.916768451327434,-0.544688318584071
NA,"Sky-H7-2",-212.87255,-112.98823,NA,NA,NA,NA,269.0017563,-22.413949019,NA,NA,NA,NA,NA,NA,NA,NA,NA,NA,NA,NA,NA,NA,NA,NA,"",NA,NA,NA,-212872.55,-112988.23,1,"S",-0.941913938053097,-0.499947920353982
NA,"Sky-H7-3",-218.06235,-102.61518,NA,NA,NA,NA,268.9786571,-22.370635611,NA,NA,NA,NA,NA,NA,NA,NA,NA,NA,NA,NA,NA,NA,NA,NA,"",NA,NA,NA,-218062.35,-102615.18,1,"S",-0.964877654867257,-0.454049469026549
NA,"Sky-H7-4",-222.74704,-92.00444,NA,NA,NA,NA,268.9578512,-22.326340782,NA,NA,NA,NA,NA,NA,NA,NA,NA,NA,NA,NA,NA,NA,NA,NA,"",NA,NA,NA,-222747.04,-92004.44,1,"S",-0.985606371681416,-0.407099292035398
NA,"Sky-H7-5",-226.91579,-81.18059,NA,NA,NA,NA,268.9393852,-22.281167932,NA,NA,NA,NA,NA,NA,NA,NA,NA,NA,NA,NA,NA,NA,NA,NA,"",NA,NA,NA,-226915.79,-81180.59,1,"S",-1.00405216814159,-0.359206150442478
NA,"Sky-H7-6",-230.55892,-70.1687,NA,NA,NA,NA,268.9233002,-22.235222419,NA,NA,NA,NA,NA,NA,NA,NA,NA,NA,NA,NA,NA,NA,NA,NA,"",NA,NA,NA,-230558.92,-70168.7,1,"S",-1.02017221238938,-0.310480973451327
NA,"Sky-H7-7",-233.66801,-58.99428,NA,NA,NA,NA,268.9096315,-22.18861133,NA,NA,NA,NA,NA,NA,NA,NA,NA,NA,NA,NA,NA,NA,NA,NA,"",NA,NA,NA,-233668.01,-58994.28,1,"S",-1.03392924778761,-0.261036637168142
NA,"Sky-H7-8",-236.23556,-47.68464,NA,NA,NA,NA,268.8984099,-22.141449152,NA,NA,NA,NA,NA,NA,NA,NA,NA,NA,NA,NA,NA,NA,NA,NA,"",NA,NA,NA,-236235.56,-47684.64,1,"S",-1.04529008849558,-0.210993982300885
