#OBSTEMP,8
#CONFIGTEMP,19
#EQUINOX,J2000.0
#CENTRE,23 25 16.41,-22 02 11.0 #Field centre
#UTTIME,14 00 00.00 #Target observing time
#UTDATE,2021 07 10 #Target observing date
#PLATEID,a test_plateID
#LABEL,350_m20_comissioning_within_half_radius Tile 005
#TILING_DATE,2021 06 16 # Date the tile was created/configured
#PROXIMITY,220 # tiling proximity value in arcseconds
"ID","RA","DEC","g_mag","r_mag","i_mag","z_mag","y_mag","GAIA_g_mag","GAIA_bp_mag","GAIA_rp_mag","Mstar","Re","z","GAL_MU_E_R","pmRA","pmDEC","priority","MagnetX_noDC","MagnetY_noDC","type","MagnetX","MagnetY","SkyFibrePosition","fibre_type","x","y","grads","gangs","gazAngs","gangs_gazAng"
"2391435591389549312",351.38025,-21.69073,NA,11.7128000259399,NA,NA,NA,NA,NA,NA,NA,NA,NA,NA,7.18010781030776,-6.36007143612997,NA,13986.7248979533,78116.7293469389,2,13370.6,80656.91,NA,"G",-147.38413,-83.13104,169.212445131375,4.95402905271076,0.513561091681942,4.44046796102882
"2391490189013813120",351.2506,-21.421366,NA,11.9776000976563,NA,NA,NA,NA,NA,NA,NA,NA,NA,NA,78.0714533562508,38.6414672538206,NA,-15314.1751020398,138992.993346939,2,-14896.3,144519.28,NA,"G",-14.8963,144.51928,145.284968408326,-0.0397959186816679,-1.46808422559921,1.42828830691754
"2385369315156805120",351.04855,-22.436876,NA,12.1532001495361,NA,NA,NA,NA,NA,NA,NA,NA,NA,NA,32.480798058487,-46.2295130411374,NA,-60977.4751020494,-90512.2666530618,2,-58268.96,-93748.93,NA,"G",22.36164,-192.18468,193.481250177354,4.53811893864119,1.6866304178155,2.85148852082568
"2388387401559966208",351.9347,-22.224596,NA,12.2288999557495,NA,NA,NA,NA,NA,NA,NA,NA,NA,NA,19.4450324037153,23.23215179311,NA,139292.42489796,-42536.9866530611,2,134034.85,-44482.58,NA,"G",-1.95776,117.96054,117.976785094819,3.2553260047885,-1.55420111390743,4.80952711869593
"2388416130596679040",351.9716,-21.824066,NA,12.7131996154785,NA,NA,NA,NA,NA,NA,NA,NA,NA,NA,10.977704707767,-4.6133736326454,NA,147631.824897961,47982.7933469389,2,142532.62,49642.29,NA,"G",22.00716,195.07151,196.308963384115,2.70022667955182,4.60004811737506,4.38336386935635
"2391515688235129856",351.24127,-21.131506,NA,12.7425003051758,NA,NA,NA,NA,NA,NA,NA,NA,NA,NA,66.4100599596042,-47.161839242907,NA,-17422.7551020475,204501.353346938,2,-17235.62,215485.02,NA,"G",96.1182,-47.68833,107.298113634066,4.48926124729172,2.68103575407448,1.80822549321724
