#OBSTEMP,8
#CONFIGTEMP,19
#EQUINOX,J2000.0
#CENTRE,23 25 28.46,-22 01 22.3 #Field centre
#UTTIME,14 00 00.00 #Target observing time
#UTDATE,2021 07 10 #Target observing date
#PLATEID,a test_plateID
#LABEL,a test_label
#TILING_DATE,2021 06 16 # Date the tile was created/configured
#PROXIMITY,220 # tiling proximity value in arcseconds
"ID","RA","DEC","g_mag","r_mag","i_mag","z_mag","y_mag","GAIA_g_mag","GAIA_bp_mag","GAIA_rp_mag","Mstar","Re","z","GAL_MU_E_R","pmRA","pmDEC","priority","MagnetX_noDC","MagnetY_noDC","type","MagnetX","MagnetY","SkyFibrePosition","fibre_type","x","y","grads","gangs","gazAngs","gangs_gazAng"
"2388422384069044352",352.26358,-21.933252,NA,11.9975996017456,NA,NA,NA,NA,NA,NA,NA,NA,NA,NA,18.614339052815,-47.9581933914058,NA,202265.341632649,20249.9459183675,2,196902.28,20705.47,NA,"G",-158.69505,-86.56869,180.771283623308,4.89583660895682,0.49938437635018,4.39645223260665
"2385369315156805120",351.04855,-22.436876,NA,12.1532001495361,NA,NA,NA,NA,NA,NA,NA,NA,NA,NA,32.480798058487,-46.2295130411374,NA,-72331.4383673535,-93569.0780816329,2,-69204.63,-97045.43,NA,"G",-12.88693,114.75253,115.47387629341,0.00958502550878304,-1.45896296826683,1.46854799377561
"2388387401559966208",351.9347,-22.224596,NA,12.2288999557495,NA,NA,NA,NA,NA,NA,NA,NA,NA,NA,19.4450324037153,23.23215179311,NA,127938.461632656,-45593.7980816322,2,122938.46,-47551.96,NA,"G",97.85567,3.74757,97.9274038870315,3.90808957552044,3.17987085945879,0.728218716061656
"2388416130596679040",351.9716,-21.824066,NA,12.7131996154785,NA,NA,NA,NA,NA,NA,NA,NA,NA,NA,10.977704707767,-4.6133736326454,NA,136277.861632657,44925.9819183678,2,131394.39,46442.97,NA,"G",11.38638,-195.40496,195.736424924197,3.87103851418017,1.62900118921382,2.24203732496634
"2388396201948411904",352.0999,-22.067959,NA,13.4962997436523,NA,NA,NA,NA,NA,NA,NA,NA,NA,NA,5.57639194079352,-16.0351213307285,NA,165273.66163265,-10193.8360816322,2,159600.38,-10991.27,NA,"G",106.69279,-48.07069,117.021975180135,4.20745055803326,2.71827946636719,1.48917109166607
"2382386202671995136",351.76245,-22.23974,NA,13.5881996154785,NA,NA,NA,NA,NA,NA,NA,NA,NA,NA,13.2533050498432,-1.75581177175285,NA,89009.9616326519,-49016.3420816328,2,85165.26,-50772.77,NA,"G",85.16526,-50.77277,99.1513776220003,1.27095257626508,2.60399584791426,4.95014203553041
