#OBSTEMP,8
#CONFIGTEMP,19
#EQUINOX,J2000.0
#CENTRE,23 25 40.52,-22 01 22.3 #Field centre
#UTTIME,14 00 00.00 #Target observing time
#UTDATE,2021 07 10 #Target observing date
#PLATEID,a test_plateID
#LABEL,350_m20_comissioning_within_half_radius Tile 002
#TILING_DATE,2021 06 16 # Date the tile was created/configured
#PROXIMITY,220 # tiling proximity value in arcseconds
"probe","ID","x","y","rads","angs","azAngs","angs_azAng","RA","DEC","g_mag","r_mag","i_mag","z_mag","y_mag","GAIA_g_mag","GAIA_bp_mag","GAIA_rp_mag","Mstar","Re","z","GAL_MU_E_R","pmRA","pmDEC","priority","MagnetX_noDC","MagnetY_noDC","type","MagnetX","MagnetY","SkyFibrePosition","fibre_type","fraction_plate_radius_X","fraction_plate_radius_Y"
1,"2388396128933877248",150.8562,-13.8568,151.491267024472,4.03292768246258,3.0499953236253,0.982932358837278,352.11115,-22.080374,18.6853008270264,17.8530006408691,17.534200668335,17.3978996276855,17.2849006652832,17.910591,18.481651,17.168653,-99,1,0,19,1.86518289061261,-4.73382138074975,1,156462.19836735,-12999.6260816324,1,150856.2,-13856.8,NA,"P",0.667505309734513,-0.0613132743362832
2,"2391434148280592768",-15.65177,74.72783,76.3493711869443,3.16135761684636,-1.36433062688076,4.52568824372712,351.34677,-21.702429,16.1655006408691,15.3473997116089,14.9512996673584,15.1583995819092,14.8597002029419,15.670816,15.882101,14.646678,-99,1,0,19,-9.85059933773047,-13.5859896689426,1,-16287.6816326542,72415.9439183677,1,-15651.77,74727.83,NA,"P",-0.0692556194690266,0.330654115044248
3,"2385368280069613440",-129.49493,-86.60863,155.788291235836,-1.25044144469568,0.589490989396702,4.4432528730872,350.82336,-22.389687,17.1145000457764,15.9533996582031,15.4012002944946,15.1461000442505,14.9728002548218,15.936115,16.79308,15.029324,-99,1,0,19,-4.42457770765748,-0.790262621444965,1,-134578.341632657,-82904.3640816323,1,-129494.93,-86608.63,NA,"P",-0.572986415929203,-0.383224026548673
4,"2385482771013001728",-85.34128,107.56881,137.310534762831,-0.397262961629461,-0.900114510114033,0.502851548484572,351.02798,-21.564032,18.641300201416,17.4398994445801,16.7196006774902,16.3892993927002,16.1907005310059,17.32868,18.27397,16.34032,-99,1,0,19,-3.32535319116901,-5.35797217904372,1,-88334.2216326494,103693.665918367,1,-85341.28,107568.81,NA,"P",-0.377616283185841,0.475968185840708
5,"2388399805425924224",135.45087,6.31528,135.59801232037,3.95721376811156,3.18818305116999,0.769030716941569,352.0414,-21.994837,17.1375999450684,16.2458000183105,15.8731002807617,15.7327995300293,15.5946998596191,16.28562,16.93848,15.514439,-99,1,0,19,-11.0486764796863,-0.950602755186481,1,140698.69836735,6331.73591836734,1,135450.87,6315.28,NA,"P",0.599340132743363,0.0279437168141593
6,"2382370255457668224",26.3791,-134.62111,137.181267578493,1.28975852985931,1.76429530906386,5.80864852797503,351.54022,-22.596062,15.4015998840332,14.5841999053955,14.2441997528076,14.1005001068115,13.9720001220703,14.615424,15.226612,13.881585,-99,1,0,19,5.93260418669996,-16.7887323101491,1,27432.0183673423,-129545.114081633,1,26379.1,-134621.11,NA,"P",0.116721681415929,-0.595668628318584
7,"2382367197441207552",-49.32395,-102.84115,114.057679166836,1.90254970526653,1.12359095054582,0.778958754720713,351.19046,-22.462067,18.80419921875,17.9706001281738,17.6347999572754,17.4965991973877,17.3880996704102,18.036856,18.70923,17.29885,-99,1,0,19,7.36708975530977,-3.97684998118077,1,-51613.7416326585,-99262.2440816328,1,-49323.95,-102841.15,NA,"P",-0.218247566371681,-0.455049336283186
8,"2388415168523999744",136.49068,42.06561,142.825842449938,3.88037670366341,3.44054983238139,0.439826871282016,352.04495,-21.842718,16.8577995300293,16.1725006103516,15.9146995544434,15.8312997817993,15.7388000488281,16.231195,16.773024,15.567882,-99,1,0,19,2.52998159107219,4.91676136778503,1,141500.998367341,40710.6299183671,1,136490.68,42065.61,NA,"P",0.603941061946903,0.186131017699115
9,"2382367575398347136",-32.50134,-95.31912,100.707853414567,1.89452838885341,1.24218502179265,0.652343367060763,351.26807,-22.430696,18.4321002960205,17.7068004608154,17.4064998626709,17.2744007110596,17.176399230957,17.752127,18.30476,17.072884,-99,1,0,19,6.280277326725,2.1289019076758,1,-34073.8816326473,-92172.3980816328,1,-32501.34,-95319.12,NA,"P",-0.143811238938053,-0.421766017699115
10,"2385477032936686976",-51.72828,77.37246,93.0715451586037,0.0307720667218003,-0.981482775955095,1.0122548426769,351.1804,-21.691124,17.8502006530762,16.6396007537842,15.9056997299194,15.5791997909546,15.3805999755859,16.513906,17.501629,15.53063,-99,1,0,19,3.98798526455737,-7.46283525475677,1,-53887.3016326479,74970.8739183678,1,-51728.28,77372.46,NA,"P",-0.228886194690265,0.342356017699115
11,"2391509262964054272",-55.72082,162.45709,171.747244148896,-0.0805645781360944,-1.24038195210903,1.15981737397294,351.16562,-21.33411,18.1805000305176,16.9123001098633,16.0167999267578,15.6111001968384,15.3949003219604,16.67112,17.79798,15.617165,-99,1,0,19,-0.848577687100033,-6.86707940479417,1,-57227.5816326547,155656.037918368,1,-55720.82,162457.09,NA,"P",-0.246552300884956,0.718836681415929
12,"2385398761452656000",-22.89877,-34.63467,41.5200437562607,-0.706958403117856,0.986621520630272,4.58960538343146,351.3124,-22.171717,18.3948001861572,17.6986999511719,17.3785991668701,17.2444000244141,17.145299911499,17.745455,18.300087,17.035255,-99,1,0,19,1.24374770277509,-4.5298441092899,1,-24055.3016326468,-33643.1440816328,1,-22898.77,-34634.67,NA,"P",-0.101321991150442,-0.153250752212389
13,"2388405509142316160",95.79843,-8.57152,96.1811319624348,1.15578903270689,3.05235574651047,4.38661859337601,351.8616,-22.059006,18.371000289917,17.5804004669189,17.2702007293701,17.1254997253418,17.0160007476807,17.638706,18.20466,16.936314,-99,1,0,19,2.6224634713818,-4.67538955024303,1,100063.89836735,-8170.4580816326,1,95798.43,-8571.52,NA,"P",0.42388685840708,-0.0379270796460177
14,"2388412552888548352",114.51173,12.22594,115.162536948769,4.49608312258478,3.24795556410186,1.24812755848293,351.9466,-21.96983,18.6902008056641,17.9365005493164,17.6180992126465,17.4647998809814,17.3838005065918,17.991804,18.54438,17.27393,-99,1,0,19,-13.5212840644541,1.48841130474607,1,119273.898367345,11983.317918367,1,114511.73,12225.94,NA,"P",0.50668907079646,0.0540970796460177
15,"2382380872617134848",95.71927,-74.98686,121.59443993042,1.00586019540899,2.47705345537896,4.81199204720962,351.8605,-22.342339,17.7674007415771,16.5548992156982,15.6012001037598,15.1856002807617,14.9618997573853,16.27186,17.434332,15.207109,-99,1,0,19,1.50496924863887,0.168902000065175,1,99815.298367348,-72203.7160816324,1,95719.27,-74986.86,NA,"P",0.423536592920354,-0.331800265486726
16,"2391438958643976192",19.70019,89.95591,92.0878017435762,3.40124380421049,4.49679434640903,5.18763476498104,351.50983,-21.637728,18.974100112915,17.7563991546631,16.7968997955322,16.3806991577148,16.1270008087158,17.48162,18.663565,16.412132,-99,1,0,19,8.8423086978791,8.32563700912958,1,20563.8783673526,87038.3699183676,1,19700.19,89955.91,NA,"P",0.0871689823008849,0.398035
17,"2382396819831144192",18.99319,-55.02895,58.214487925933,1.46015986656493,1.90314307073359,5.84020210301093,351.50684,-22.259079,18.4778003692627,17.5701007843018,17.176399230957,17.0006008148193,16.8661003112793,17.616978,18.281513,16.808804,-99,1,0,19,7.43689568932601,-12.0607056725547,1,19888.1383673501,-53386.9560816325,1,18993.19,-55028.95,NA,"P",0.0840406637168142,-0.24349092920354
18,"2391418209657328128",33.87204,47.40783,58.2650619073772,0.0599812258878307,4.09200955016968,2.25115698289773,351.57568,-21.819237,18.3430995941162,17.7073993682861,17.4190998077393,17.357400894165,17.2145004272461,17.791643,18.258633,17.067993,-99,1,0,19,-3.00280624189495,-9.91086024707467,1,35445.9783673424,46017.3359183672,1,33872.04,47407.83,NA,"P",0.149876283185841,0.209769159292035
19,"2391488677185490816",-48.0604,120.06192,129.323882876468,-0.248429032922044,-1.19003413087262,0.941605097950577,351.1987,-21.510546,17.4848003387451,16.5886001586914,16.2140998840332,16.0617008209229,15.9383001327515,16.634733,17.28547,15.862978,-99,1,0,19,-8.56131547236183,-6.26928490120531,1,-49751.5016326583,115781.501918367,1,-48060.4,120061.92,NA,"P",-0.212656637168142,0.531247433628319
20,"2382261957857678848",-107.91096,-177.21872,207.487951473236,2.71703424984182,1.02384818137688,1.69318606846494,350.92615,-22.767235,16.6266002655029,16.2296009063721,16.0711994171143,16.0273990631104,15.9826002120972,16.257175,16.605137,15.729906,NA,NA,NA,NA,9.42349607633023,-5.21900865215483,1,-111347.801632651,-168230.212081632,0,-107910.96,-177218.72,NA,"P",-0.477482123893805,-0.784153628318584
21,"2388329745918987008",190.85753,-81.20396,207.41427115168,4.68734729507006,2.73932483679287,1.94802245827718,352.28665,-22.36205,15.3479995727539,14.8898000717163,14.7098999023438,14.6564998626709,14.5967998504639,14.916585,15.3108,14.3654175,NA,NA,NA,NA,6.55448014356631,-8.55060320513763,1,196125.19836735,-76658.4020816326,0,190857.53,-81203.96,NA,"P",0.844502345132743,-0.359309557522124
NA,"Sky-A1-1",-226.46104,82.44066,NA,NA,NA,NA,350.4034421,-21.676179485,NA,NA,NA,NA,NA,NA,NA,NA,NA,NA,NA,NA,NA,NA,NA,NA,NA,NA,-226461.04,82440.66,1,"S",-1.00204,0.364781681415929
NA,"Sky-A1-2",-222.23219,93.24117,NA,NA,NA,NA,350.4227253,-21.631298256,NA,NA,NA,NA,NA,NA,NA,NA,NA,NA,NA,NA,NA,NA,NA,NA,NA,NA,-222232.19,93241.17,1,"S",-0.983328274336283,0.412571548672566
NA,"Sky-A1-3",-217.48859,103.8257,NA,NA,NA,NA,350.4442983,-21.587327006,NA,NA,NA,NA,NA,NA,NA,NA,NA,NA,NA,NA,NA,NA,NA,NA,NA,NA,-217488.59,103825.7,1,"S",-0.96233889380531,0.459405752212389
NA,"Sky-A1-4",-212.24121,114.16975,NA,NA,NA,NA,350.4681098,-21.544366817,NA,NA,NA,NA,NA,NA,NA,NA,NA,NA,NA,NA,NA,NA,NA,NA,NA,NA,-212241.21,114169.75,1,"S",-0.939120398230089,0.505175884955752
NA,"Sky-A1-5",-206.50222,124.24934,NA,NA,NA,NA,350.4941032,-21.502516518,NA,NA,NA,NA,NA,NA,NA,NA,NA,NA,NA,NA,NA,NA,NA,NA,NA,NA,-206502.22,124249.34,1,"S",-0.913726637168142,0.549775840707965
NA,"Sky-A1-6",-200.2849,134.04112,NA,NA,NA,NA,350.5222171,-21.461872243,NA,NA,NA,NA,NA,NA,NA,NA,NA,NA,NA,NA,NA,NA,NA,NA,NA,NA,-200284.9,134041.12,1,"S",-0.886216371681416,0.593102300884956
NA,"Sky-A1-7",-191.99688,142.3313,NA,NA,NA,NA,350.5590798,-21.427201971,NA,NA,NA,NA,NA,NA,NA,NA,NA,NA,NA,NA,NA,NA,NA,NA,NA,NA,-191996.88,142331.3,2,"S",-0.849543716814159,0.629784513274336
NA,"Sky-A2-1",-2.98751,238.98133,NA,NA,NA,NA,351.4060751,-21.026646142,NA,NA,NA,NA,NA,NA,NA,NA,NA,NA,NA,NA,NA,NA,NA,NA,NA,NA,-2987.51,238981.33,2,"S",-0.0132190707964602,1.05743951327434
NA,"Sky-A2-2",8.5856,240.84715,NA,NA,NA,NA,351.4577584,-21.019432207,NA,NA,NA,NA,NA,NA,NA,NA,NA,NA,NA,NA,NA,NA,NA,NA,NA,NA,8585.6,240847.15,1,"S",0.0379893805309735,1.0656953539823
NA,"Sky-A2-3",20.16382,240.15512,NA,NA,NA,NA,351.5094507,-21.022316688,NA,NA,NA,NA,NA,NA,NA,NA,NA,NA,NA,NA,NA,NA,NA,NA,NA,NA,20163.82,240155.12,1,"S",0.0892204424778761,1.06263327433628
NA,"Sky-A2-4",31.69534,238.90682,NA,NA,NA,NA,351.5609356,-21.027503778,NA,NA,NA,NA,NA,NA,NA,NA,NA,NA,NA,NA,NA,NA,NA,NA,NA,NA,31695.34,238906.82,1,"S",0.140244867256637,1.05710982300885
NA,"Sky-A2-5",42.43718,233.16965,NA,NA,NA,NA,351.6091148,-21.050323725,NA,NA,NA,NA,NA,NA,NA,NA,NA,NA,NA,NA,NA,NA,NA,NA,NA,NA,42437.18,233169.65,3,"S",0.187775132743363,1.03172411504425
NA,"Sky-A2-6",54.51158,234.75423,NA,NA,NA,NA,351.6628157,-21.044733029,NA,NA,NA,NA,NA,NA,NA,NA,NA,NA,NA,NA,NA,NA,NA,NA,NA,NA,54511.58,234754.23,1,"S",0.241201681415929,1.03873553097345
NA,"Sky-A2-7",65.74346,231.85957,NA,NA,NA,NA,351.7129792,-21.056735711,NA,NA,NA,NA,NA,NA,NA,NA,NA,NA,NA,NA,NA,NA,NA,NA,NA,NA,65743.46,231859.57,1,"S",0.290900265486726,1.02592730088496
NA,"Sky-A3-1",231.67752,66.38214,NA,NA,NA,NA,352.4578636,-21.743311077,NA,NA,NA,NA,NA,NA,NA,NA,NA,NA,NA,NA,NA,NA,NA,NA,NA,NA,231677.52,66382.14,1,"S",1.0251217699115,0.293726283185841
NA,"Sky-A3-2",234.60313,55.15828,NA,NA,NA,NA,352.4712675,-21.78996211,NA,NA,NA,NA,NA,NA,NA,NA,NA,NA,NA,NA,NA,NA,NA,NA,NA,NA,234603.13,55158.28,1,"S",1.03806694690265,0.244063185840708
NA,"Sky-A3-3",236.98531,43.80666,NA,NA,NA,NA,352.4822457,-21.837156469,NA,NA,NA,NA,NA,NA,NA,NA,NA,NA,NA,NA,NA,NA,NA,NA,NA,NA,236985.31,43806.66,1,"S",1.04860756637168,0.193834778761062
NA,"Sky-A3-4",238.81857,32.35357,NA,NA,NA,NA,352.4907709,-21.884785387,NA,NA,NA,NA,NA,NA,NA,NA,NA,NA,NA,NA,NA,NA,NA,NA,NA,NA,238818.57,32353.57,1,"S",1.05671933628319,0.143157389380531
NA,"Sky-A3-5",240.09865,20.82553,NA,NA,NA,NA,352.4968212,-21.932739029,NA,NA,NA,NA,NA,NA,NA,NA,NA,NA,NA,NA,NA,NA,NA,NA,NA,NA,240098.65,20825.53,1,"S",1.06238340707965,0.0921483628318584
NA,"Sky-A3-6",240.82258,9.24926,NA,NA,NA,NA,352.5003802,-21.980906611,NA,NA,NA,NA,NA,NA,NA,NA,NA,NA,NA,NA,NA,NA,NA,NA,NA,NA,240822.58,9249.26,1,"S",1.06558663716814,0.0409259292035398
NA,"Sky-A3-7",240.98869,2.34844,NA,NA,NA,NA,352.5013112,-22.009626572,NA,NA,NA,NA,NA,NA,NA,NA,NA,NA,NA,NA,NA,NA,NA,NA,NA,NA,240988.69,2348.44,1,"S",1.06632163716814,0.0103913274336283
NA,"Sky-A4-1",210.21182,-117.86456,NA,NA,NA,NA,352.3659229,-22.5107337,NA,NA,NA,NA,NA,NA,NA,NA,NA,NA,NA,NA,NA,NA,NA,NA,NA,NA,210211.82,-117864.56,1,"S",0.930140796460177,-0.521524601769911
NA,"Sky-A4-2",204.2974,-127.84223,NA,NA,NA,NA,352.3395051,-22.552396855,NA,NA,NA,NA,NA,NA,NA,NA,NA,NA,NA,NA,NA,NA,NA,NA,NA,NA,204297.4,-127842.23,1,"S",0.903970796460177,-0.565673584070796
NA,"Sky-A4-3",196.26726,-136.38242,NA,NA,NA,NA,352.3039947,-22.588438458,NA,NA,NA,NA,NA,NA,NA,NA,NA,NA,NA,NA,NA,NA,NA,NA,NA,NA,196267.26,-136382.42,2,"S",0.868439203539823,-0.60346203539823
NA,"Sky-A4-4",191.06371,-146.88677,NA,NA,NA,NA,352.2802709,-22.631952043,NA,NA,NA,NA,NA,NA,NA,NA,NA,NA,NA,NA,NA,NA,NA,NA,NA,NA,191063.71,-146886.77,1,"S",0.845414646017699,-0.649941460176991
NA,"Sky-A4-5",183.77509,-155.90952,NA,NA,NA,NA,352.2475897,-22.669657943,NA,NA,NA,NA,NA,NA,NA,NA,NA,NA,NA,NA,NA,NA,NA,NA,NA,NA,183775.09,-155909.52,1,"S",0.813164115044248,-0.689865132743363
NA,"Sky-A4-6",174.59961,-163.20532,NA,NA,NA,NA,352.2067831,-22.700588823,NA,NA,NA,NA,NA,NA,NA,NA,NA,NA,NA,NA,NA,NA,NA,NA,NA,NA,174599.61,-163205.32,2,"S",0.772564646017699,-0.722147433628319
NA,"Sky-A4-7",166.5449,-171.41703,NA,NA,NA,NA,352.1705753,-22.734940611,NA,NA,NA,NA,NA,NA,NA,NA,NA,NA,NA,NA,NA,NA,NA,NA,NA,NA,166544.9,-171417.03,2,"S",0.736924336283186,-0.758482433628319
NA,"Sky-A5-1",-148.4702,-189.83588,NA,NA,NA,NA,350.7476362,-22.811681491,NA,NA,NA,NA,NA,NA,NA,NA,NA,NA,NA,NA,NA,NA,NA,NA,NA,NA,-148470.2,-189835.88,1,"S",-0.656947787610619,-0.839981769911504
NA,"Sky-A5-2",-157.43205,-182.47249,NA,NA,NA,NA,350.7073053,-22.780875391,NA,NA,NA,NA,NA,NA,NA,NA,NA,NA,NA,NA,NA,NA,NA,NA,NA,NA,-157432.05,-182472.49,1,"S",-0.696601991150442,-0.807400398230088
NA,"Sky-A5-3",-164.65131,-173.23667,NA,NA,NA,NA,350.674491,-22.74269757,NA,NA,NA,NA,NA,NA,NA,NA,NA,NA,NA,NA,NA,NA,NA,NA,NA,NA,-164651.31,-173236.67,2,"S",-0.728545619469027,-0.766533938053097
NA,"Sky-A5-4",-174.24185,-166.49577,NA,NA,NA,NA,350.631751,-22.714050758,NA,NA,NA,NA,NA,NA,NA,NA,NA,NA,NA,NA,NA,NA,NA,NA,NA,NA,-174241.85,-166495.77,1,"S",-0.770981637168142,-0.736706946902655
NA,"Sky-A5-5",-180.53997,-156.60881,NA,NA,NA,NA,350.6031048,-22.673125896,NA,NA,NA,NA,NA,NA,NA,NA,NA,NA,NA,NA,NA,NA,NA,NA,NA,NA,-180539.97,-156608.81,2,"S",-0.798849424778761,-0.692959336283186
NA,"Sky-A5-6",-189.43818,-148.97731,NA,NA,NA,NA,350.5635839,-22.640805297,NA,NA,NA,NA,NA,NA,NA,NA,NA,NA,NA,NA,NA,NA,NA,NA,NA,NA,-189438.18,-148977.31,1,"S",-0.83822203539823,-0.659191637168142
NA,"Sky-A5-7",-196.38671,-139.6901,NA,NA,NA,NA,350.5324698,-22.60198713,NA,NA,NA,NA,NA,NA,NA,NA,NA,NA,NA,NA,NA,NA,NA,NA,NA,NA,-196386.71,-139690.1,1,"S",-0.868967743362832,-0.61809778761062
NA,"Sky-H1-1",-179.66666,157.60993,NA,NA,NA,NA,350.6146903,-21.363785153,NA,NA,NA,NA,NA,NA,NA,NA,NA,NA,NA,NA,NA,NA,NA,NA,NA,NA,-179666.66,157609.93,2,"S",-0.794985221238938,0.69738907079646
NA,"Sky-H1-2",-170.43701,164.68219,NA,NA,NA,NA,350.6557744,-21.334125669,NA,NA,NA,NA,NA,NA,NA,NA,NA,NA,NA,NA,NA,NA,NA,NA,NA,NA,-170437.01,164682.19,3,"S",-0.754146061946903,0.728682256637168
NA,"Sky-H1-3",-165.05567,175.60663,NA,NA,NA,NA,350.6809279,-21.289464938,NA,NA,NA,NA,NA,NA,NA,NA,NA,NA,NA,NA,NA,NA,NA,NA,NA,NA,-165055.67,175606.63,1,"S",-0.73033482300885,0.777020486725664
NA,"Sky-H1-4",-156.41534,183.34477,NA,NA,NA,NA,350.7197466,-21.257391777,NA,NA,NA,NA,NA,NA,NA,NA,NA,NA,NA,NA,NA,NA,NA,NA,NA,NA,-156415.34,183344.77,1,"S",-0.692103274336283,0.811260044247788
NA,"Sky-H1-5",-147.4127,190.65822,NA,NA,NA,NA,350.7601605,-21.227086127,NA,NA,NA,NA,NA,NA,NA,NA,NA,NA,NA,NA,NA,NA,NA,NA,NA,NA,-147412.7,190658.22,1,"S",-0.652268584070796,0.843620442477876
NA,"Sky-H1-6",-136.92273,195.8907,NA,NA,NA,NA,350.806835,-21.205021016,NA,NA,NA,NA,NA,NA,NA,NA,NA,NA,NA,NA,NA,NA,NA,NA,NA,NA,-136922.73,195890.7,2,"S",-0.605852787610619,0.866773008849558
NA,"Sky-H1-7",-128.4047,203.94434,NA,NA,NA,NA,350.8453981,-21.172049946,NA,NA,NA,NA,NA,NA,NA,NA,NA,NA,NA,NA,NA,NA,NA,NA,NA,NA,-128404.7,203944.34,1,"S",-0.568162389380531,0.902408584070796
NA,"Sky-H1-8",-118.44464,209.88551,NA,NA,NA,NA,350.89002,-21.147448033,NA,NA,NA,NA,NA,NA,NA,NA,NA,NA,NA,NA,NA,NA,NA,NA,NA,NA,-118444.64,209885.51,1,"S",-0.524091327433628,0.928696946902655
NA,"Sky-H2-1",-100.81652,218.89973,NA,NA,NA,NA,350.9689377,-21.110132607,NA,NA,NA,NA,NA,NA,NA,NA,NA,NA,NA,NA,NA,NA,NA,NA,NA,NA,-100816.52,218899.73,1,"S",-0.446090796460177,0.968582876106195
NA,"Sky-H2-2",-90.16757,223.49692,NA,NA,NA,NA,351.0165803,-21.091108355,NA,NA,NA,NA,NA,NA,NA,NA,NA,NA,NA,NA,NA,NA,NA,NA,NA,NA,-90167.57,223496.92,1,"S",-0.398971548672566,0.988924424778761
NA,"Sky-H2-3",-79.30977,227.57641,NA,NA,NA,NA,351.0651373,-21.074230915,NA,NA,NA,NA,NA,NA,NA,NA,NA,NA,NA,NA,NA,NA,NA,NA,NA,NA,-79309.77,227576.41,1,"S",-0.350928185840708,1.00697526548673
NA,"Sky-H2-4",-68.26826,231.12877,NA,NA,NA,NA,351.1144977,-21.059538609,NA,NA,NA,NA,NA,NA,NA,NA,NA,NA,NA,NA,NA,NA,NA,NA,NA,NA,-68268.26,231128.77,1,"S",-0.302071946902655,1.02269367256637
NA,"Sky-H2-5",-57.06862,234.14576,NA,NA,NA,NA,351.1645491,-21.047064884,NA,NA,NA,NA,NA,NA,NA,NA,NA,NA,NA,NA,NA,NA,NA,NA,NA,NA,-57068.62,234145.76,1,"S",-0.252516017699115,1.03604318584071
NA,"Sky-H2-6",-45.73679,236.62039,NA,NA,NA,NA,351.2151774,-21.036838082,NA,NA,NA,NA,NA,NA,NA,NA,NA,NA,NA,NA,NA,NA,NA,NA,NA,NA,-45736.79,236620.39,1,"S",-0.20237517699115,1.04699287610619
NA,"Sky-H2-7",-33.72972,234.58752,NA,NA,NA,NA,351.2686211,-21.04431981,NA,NA,NA,NA,NA,NA,NA,NA,NA,NA,NA,NA,NA,NA,NA,NA,NA,NA,-33729.72,234587.52,3,"S",-0.149246548672566,1.03799787610619
NA,"Sky-H2-8",-22.78326,239.92079,NA,NA,NA,NA,351.3176963,-21.023213404,NA,NA,NA,NA,NA,NA,NA,NA,NA,NA,NA,NA,NA,NA,NA,NA,NA,NA,-22783.26,239920.79,1,"S",-0.100810884955752,1.0615964159292
NA,"Sky-H3-1",184.61356,154.91577,NA,NA,NA,NA,352.2451443,-21.37573092,NA,NA,NA,NA,NA,NA,NA,NA,NA,NA,NA,NA,NA,NA,NA,NA,NA,NA,184613.56,154915.77,1,"S",0.816874159292035,0.685468008849557
NA,"Sky-H3-2",191.8534,145.85382,NA,NA,NA,NA,352.2777095,-21.413323954,NA,NA,NA,NA,NA,NA,NA,NA,NA,NA,NA,NA,NA,NA,NA,NA,NA,NA,191853.4,145853.82,1,"S",0.848908849557522,0.645370884955752
NA,"Sky-H3-3",198.64884,136.45402,NA,NA,NA,NA,352.3083084,-21.452325588,NA,NA,NA,NA,NA,NA,NA,NA,NA,NA,NA,NA,NA,NA,NA,NA,NA,NA,198648.84,136454.02,1,"S",0.878977168141593,0.603778849557522
NA,"Sky-H3-4",204.98415,126.73816,NA,NA,NA,NA,352.3368698,-21.492646385,NA,NA,NA,NA,NA,NA,NA,NA,NA,NA,NA,NA,NA,NA,NA,NA,NA,NA,204984.15,126738.16,1,"S",0.907009513274336,0.560788318584071
NA,"Sky-H3-5",210.84465,116.72873,NA,NA,NA,NA,352.3633268,-21.534193959,NA,NA,NA,NA,NA,NA,NA,NA,NA,NA,NA,NA,NA,NA,NA,NA,NA,NA,210844.65,116728.73,1,"S",0.93294092920354,0.516498805309734
NA,"Sky-H3-6",216.21677,106.44891,NA,NA,NA,NA,352.387617,-21.576873018,NA,NA,NA,NA,NA,NA,NA,NA,NA,NA,NA,NA,NA,NA,NA,NA,NA,NA,216216.77,106448.91,1,"S",0.956711371681416,0.471012876106195
NA,"Sky-H3-7",221.08806,95.92253,NA,NA,NA,NA,352.4096831,-21.620585512,NA,NA,NA,NA,NA,NA,NA,NA,NA,NA,NA,NA,NA,NA,NA,NA,NA,NA,221088.06,95922.53,1,"S",0.978265752212389,0.424435973451327
NA,"Sky-H3-8",225.44672,85.17533,NA,NA,NA,NA,352.4294703,-21.665225393,NA,NA,NA,NA,NA,NA,NA,NA,NA,NA,NA,NA,NA,NA,NA,NA,NA,NA,225446.72,85175.33,1,"S",0.99755185840708,0.376881991150442
NA,"Sky-H4-1",239.9828,-22.12059,NA,NA,NA,NA,352.4974504,-22.11150135,NA,NA,NA,NA,NA,NA,NA,NA,NA,NA,NA,NA,NA,NA,NA,NA,NA,NA,239982.8,-22120.59,1,"S",1.06187079646018,-0.0978787168141593
NA,"Sky-H4-2",238.64054,-33.64155,NA,NA,NA,NA,352.4917273,-22.159489324,NA,NA,NA,NA,NA,NA,NA,NA,NA,NA,NA,NA,NA,NA,NA,NA,NA,NA,238640.54,-33641.55,1,"S",1.05593159292035,-0.148856415929204
NA,"Sky-H4-3",236.74552,-45.08459,NA,NA,NA,NA,352.4835138,-22.207166507,NA,NA,NA,NA,NA,NA,NA,NA,NA,NA,NA,NA,NA,NA,NA,NA,NA,NA,236745.52,-45084.59,1,"S",1.04754654867257,-0.199489336283186
NA,"Sky-H4-4",234.30213,-56.42319,NA,NA,NA,NA,352.4728266,-22.254422219,NA,NA,NA,NA,NA,NA,NA,NA,NA,NA,NA,NA,NA,NA,NA,NA,NA,NA,234302.13,-56423.19,1,"S",1.03673508849558,-0.249660132743363
NA,"Sky-H4-5",231.31601,-67.6311,NA,NA,NA,NA,352.459688,-22.301146778,NA,NA,NA,NA,NA,NA,NA,NA,NA,NA,NA,NA,NA,NA,NA,NA,NA,NA,231316.01,-67631.1,1,"S",1.02352216814159,-0.299252654867257
NA,"Sky-H4-6",227.79409,-78.68236,NA,NA,NA,NA,352.4441265,-22.347231582,NA,NA,NA,NA,NA,NA,NA,NA,NA,NA,NA,NA,NA,NA,NA,NA,NA,NA,227794.09,-78682.36,1,"S",1.00793845132743,-0.34815203539823
NA,"Sky-H4-7",223.74453,-89.55136,NA,NA,NA,NA,352.4261759,-22.392569365,NA,NA,NA,NA,NA,NA,NA,NA,NA,NA,NA,NA,NA,NA,NA,NA,NA,NA,223744.53,-89551.36,1,"S",0.990020044247788,-0.396244955752212
NA,"Sky-H4-8",219.17732,-100.21161,NA,NA,NA,NA,352.4058786,-22.437049071,NA,NA,NA,NA,NA,NA,NA,NA,NA,NA,NA,NA,NA,NA,NA,NA,NA,NA,219177.32,-100211.61,1,"S",0.969811150442478,-0.443414203539823
NA,"Sky-H5-1",41.83481,-237.34134,NA,NA,NA,NA,351.6074785,-23.010452904,NA,NA,NA,NA,NA,NA,NA,NA,NA,NA,NA,NA,NA,NA,NA,NA,NA,NA,41834.81,-237341.34,1,"S",0.185109778761062,-1.05018292035398
NA,"Sky-H5-2",30.36687,-239.07931,NA,NA,NA,NA,351.5556168,-23.017742316,NA,NA,NA,NA,NA,NA,NA,NA,NA,NA,NA,NA,NA,NA,NA,NA,NA,NA,30366.87,-239079.31,1,"S",0.134366681415929,-1.05787305309735
NA,"Sky-H5-3",18.8286,-240.26349,NA,NA,NA,NA,351.5034305,-23.022712288,NA,NA,NA,NA,NA,NA,NA,NA,NA,NA,NA,NA,NA,NA,NA,NA,NA,NA,18828.6,-240263.49,1,"S",0.083312389380531,-1.06311278761062
NA,"Sky-H5-4",7.2467,-240.89115,NA,NA,NA,NA,351.4510426,-23.025351039,NA,NA,NA,NA,NA,NA,NA,NA,NA,NA,NA,NA,NA,NA,NA,NA,NA,NA,7246.7,-240891.15,1,"S",0.0320650442477876,-1.06589004424779
NA,"Sky-H5-5",-4.35197,-240.96083,NA,NA,NA,NA,351.3985771,-23.025652214,NA,NA,NA,NA,NA,NA,NA,NA,NA,NA,NA,NA,NA,NA,NA,NA,NA,NA,-4351.97,-240960.83,1,"S",-0.0192565044247788,-1.06619836283186
NA,"Sky-H5-6",-15.94057,-240.47237,NA,NA,NA,NA,351.346158,-23.023615005,NA,NA,NA,NA,NA,NA,NA,NA,NA,NA,NA,NA,NA,NA,NA,NA,NA,NA,-15940.57,-240472.37,1,"S",-0.0705334955752212,-1.06403703539823
NA,"Sky-H5-7",-27.49224,-239.4269,NA,NA,NA,NA,351.2939091,-23.019244113,NA,NA,NA,NA,NA,NA,NA,NA,NA,NA,NA,NA,NA,NA,NA,NA,NA,NA,-27492.24,-239426.9,1,"S",-0.121647079646018,-1.0594110619469
NA,"Sky-H5-8",-38.97879,-237.82707,NA,NA,NA,NA,351.2419605,-23.012550712,NA,NA,NA,NA,NA,NA,NA,NA,NA,NA,NA,NA,NA,NA,NA,NA,NA,NA,-38978.79,-237827.07,1,"S",-0.172472522123894,-1.05233216814159
NA,"Sky-H6-1",-58.36925,-233.82492,NA,NA,NA,NA,351.1542862,-22.995799724,NA,NA,NA,NA,NA,NA,NA,NA,NA,NA,NA,NA,NA,NA,NA,NA,NA,NA,-58369.25,-233824.92,1,"S",-0.258271017699115,-1.03462353982301
NA,"Sky-H6-2",-68.97471,-228.8307,NA,NA,NA,NA,351.1061972,-22.975474354,NA,NA,NA,NA,NA,NA,NA,NA,NA,NA,NA,NA,NA,NA,NA,NA,NA,NA,-68974.71,-228830.7,2,"S",-0.305197831858407,-1.01252522123894
NA,"Sky-H6-3",-79.23618,-223.3621,NA,NA,NA,NA,351.0596324,-22.953132953,NA,NA,NA,NA,NA,NA,NA,NA,NA,NA,NA,NA,NA,NA,NA,NA,NA,NA,-79236.18,-223362.1,3,"S",-0.350602566371681,-0.988327876106195
NA,"Sky-H6-4",-91.4085,-222.99226,NA,NA,NA,NA,351.0049908,-22.950450788,NA,NA,NA,NA,NA,NA,NA,NA,NA,NA,NA,NA,NA,NA,NA,NA,NA,NA,-91408.5,-222992.26,1,"S",-0.404462389380531,-0.986691415929204
NA,"Sky-H6-5",-102.03172,-218.33596,NA,NA,NA,NA,350.9570221,-22.930958448,NA,NA,NA,NA,NA,NA,NA,NA,NA,NA,NA,NA,NA,NA,NA,NA,NA,NA,-102031.72,-218335.96,1,"S",-0.45146778761062,-0.966088318584071
NA,"Sky-H6-6",-112.41861,-213.17391,NA,NA,NA,NA,350.9101417,-22.909350209,NA,NA,NA,NA,NA,NA,NA,NA,NA,NA,NA,NA,NA,NA,NA,NA,NA,NA,-112418.61,-213173.91,1,"S",-0.497427477876106,-0.943247389380531
NA,"Sky-H6-7",-122.54511,-207.51809,NA,NA,NA,NA,350.8644595,-22.885677004,NA,NA,NA,NA,NA,NA,NA,NA,NA,NA,NA,NA,NA,NA,NA,NA,NA,NA,-122545.11,-207518.09,1,"S",-0.542235,-0.918221637168142
NA,"Sky-H6-8",-131.28781,-199.71107,NA,NA,NA,NA,350.824756,-22.853519626,NA,NA,NA,NA,NA,NA,NA,NA,NA,NA,NA,NA,NA,NA,NA,NA,NA,NA,-131287.81,-199711.07,2,"S",-0.580919513274336,-0.883677300884956
NA,"Sky-H7-1",-205.47015,-122.07792,NA,NA,NA,NA,350.4914589,-22.528732897,NA,NA,NA,NA,NA,NA,NA,NA,NA,NA,NA,NA,NA,NA,NA,NA,NA,NA,-205470.15,-122077.92,2,"S",-0.909159955752212,-0.540167787610619
NA,"Sky-H7-2",-212.87255,-112.98823,NA,NA,NA,NA,350.4588456,-22.49042777,NA,NA,NA,NA,NA,NA,NA,NA,NA,NA,NA,NA,NA,NA,NA,NA,NA,NA,-212872.55,-112988.23,1,"S",-0.941913938053097,-0.499947920353982
NA,"Sky-H7-3",-218.06235,-102.61518,NA,NA,NA,NA,350.4357479,-22.447108901,NA,NA,NA,NA,NA,NA,NA,NA,NA,NA,NA,NA,NA,NA,NA,NA,NA,NA,-218062.35,-102615.18,1,"S",-0.964877654867257,-0.454049469026549
NA,"Sky-H7-4",-222.74704,-92.00444,NA,NA,NA,NA,350.4149464,-22.402808728,NA,NA,NA,NA,NA,NA,NA,NA,NA,NA,NA,NA,NA,NA,NA,NA,NA,NA,-222747.04,-92004.44,1,"S",-0.985606371681416,-0.407099292035398
NA,"Sky-H7-5",-226.91579,-81.18059,NA,NA,NA,NA,350.3964876,-22.357630667,NA,NA,NA,NA,NA,NA,NA,NA,NA,NA,NA,NA,NA,NA,NA,NA,NA,NA,-226915.79,-81180.59,1,"S",-1.00405216814159,-0.359206150442478
NA,"Sky-H7-6",-230.55892,-70.1687,NA,NA,NA,NA,350.3804126,-22.311680091,NA,NA,NA,NA,NA,NA,NA,NA,NA,NA,NA,NA,NA,NA,NA,NA,NA,NA,-230558.92,-70168.7,1,"S",-1.02017221238938,-0.310480973451327
NA,"Sky-H7-7",-231.72873,-58.50467,NA,NA,NA,NA,350.3749281,-22.263212121,NA,NA,NA,NA,NA,NA,NA,NA,NA,NA,NA,NA,NA,NA,NA,NA,NA,NA,-231728.73,-58504.67,2,"S",-1.02534836283186,-0.258870221238938
NA,"Sky-H7-8",-236.23556,-47.68464,NA,NA,NA,NA,350.3555507,-22.217897196,NA,NA,NA,NA,NA,NA,NA,NA,NA,NA,NA,NA,NA,NA,NA,NA,NA,NA,-236235.56,-47684.64,1,"S",-1.04529008849558,-0.210993982300885
