#OBSTEMP,8
#CONFIGTEMP,19
#EQUINOX,J2000.0
#CENTRE,23 25 16.41,-21 58 21.4 #Field centre
#UTTIME,14 00 00.00 #Target observing time
#UTDATE,2021 07 10 #Target observing date
#PLATEID,a test_plateID
#LABEL,350_m20_comissioning_within_half_radius Tile 004
#TILING_DATE,2021 06 16 # Date the tile was created/configured
#PROXIMITY,220 # tiling proximity value in arcseconds
"ID","RA","DEC","g_mag","r_mag","i_mag","z_mag","y_mag","GAIA_g_mag","GAIA_bp_mag","GAIA_rp_mag","Mstar","Re","z","GAL_MU_E_R","pmRA","pmDEC","priority","MagnetX_noDC","MagnetY_noDC","type","MagnetX","MagnetY","SkyFibrePosition","fibre_type","x","y","grads","gangs","gazAngs","gangs_gazAng"
"2391435591389549312",351.38025,-21.69073,NA,11.7128000259399,NA,NA,NA,NA,NA,NA,NA,NA,NA,NA,7.18010781030776,-6.36007143612997,NA,13986.7248979533,63706.7940816328,2,13361.44,65693.9,NA,"G",-147.61385,-98.33173,177.366788989978,2.42852314898504,0.587639025489352,1.84088412349569
"2391490189013813120",351.2506,-21.421366,NA,11.9776000976563,NA,NA,NA,NA,NA,NA,NA,NA,NA,NA,78.0714533562508,38.6414672538206,NA,-15314.1751020398,124583.058081633,2,-14854.55,129243.31,NA,"G",-147.51511,153.30386,212.75051391057,3.18193950338139,-0.804639089676343,3.98657859305774
"2388387401559966208",351.9347,-22.224596,NA,12.2288999557495,NA,NA,NA,NA,NA,NA,NA,NA,NA,NA,19.4450324037153,23.23215179311,NA,139292.42489796,-56946.9219183672,2,134164.71,-59518.16,NA,"G",160.90316,138.34753,212.202417411034,-0.143272725707984,3.85175937571279,2.28815320575881
"2391515688235129856",351.24127,-21.131506,NA,12.7425003051758,NA,NA,NA,NA,NA,NA,NA,NA,NA,NA,66.4100599596042,-47.161839242907,NA,-17422.7551020475,190091.418081632,2,-17162.91,199551.59,NA,"G",-10.40724,-150.7558,151.114598494181,1.7729327774386,1.50187191621995,0.271060861218656
"2388396201948411904",352.0999,-22.067959,NA,13.4962997436523,NA,NA,NA,NA,NA,NA,NA,NA,NA,NA,5.57639194079352,-16.0351213307285,NA,176627.624897954,-21546.9599183672,2,170974.49,-22932.32,NA,"G",21.95269,179.44574,180.783556227838,2.89154860223568,4.59065776792767,4.58407614148759
"2391484867549772416",351.30966,-21.532448,NA,13.5687999725342,NA,NA,NA,NA,NA,NA,NA,NA,NA,NA,-8.38442056224042,-4.93830797926288,NA,-1966.61510204251,99478.5260816327,2,-1946.09,102843.03,NA,"G",170.97449,-22.93232,172.505557972323,4.53230558980297,3.00826125780619,1.52404433199678
