#OBSTEMP,8
#CONFIGTEMP,19
#EQUINOX,J2000.0
#CENTRE,23 25 16.36,-21 59 12.1 #Field centre
#UTTIME,14 00 00.00 #Target observing time
#UTDATE,2021 07 10 #Target observing date
#PLATEID,a test_plateID
#LABEL,a test_label
#TILING_DATE,2021 06 16 # Date the tile was created/configured
#PROXIMITY,220 # tiling proximity value in arcseconds
"probe","ID","x","y","rads","angs","azAngs","angs_azAng","RA","DEC","g_mag","r_mag","i_mag","z_mag","y_mag","GAIA_g_mag","GAIA_bp_mag","GAIA_rp_mag","Mstar","Re","z","GAL_MU_E_R","pmRA","pmDEC","priority","MagnetX_noDC","MagnetY_noDC","type","MagnetX","MagnetY","SkyFibrePosition","fibre_type","fraction_plate_radius_X","fraction_plate_radius_Y"
1,"2385404259010811264",25.69102,-33.33178,42.0836793378241,1.13550722013116,2.22745607545196,5.19123645185879,351.43738,-22.12997,16.3001003265381,15.3758001327515,14.9965000152588,14.8517999649048,14.7149000167847,15.419301,16.088486,14.642094,-99,1,0,19,-4.47595058638668,-7.05647216241183,1,26937.3551020486,-32377.2673469385,1,25691.02,-33331.78,NA,"P",0.113677079646018,-0.147485752212389
2,"2382398778336242048",59.07025,-50.42142,77.6634665069677,0.90395363890746,2.43502157178256,4.75211737430449,351.5916,-22.2026,18.2563991546631,17.1156997680664,16.5375995635986,16.3083992004395,16.1070003509521,17.088205,17.928074,16.18013,-99,1,0,19,2.62896302966197,-7.6679195414043,1,61791.0751020507,-48791.6473469385,1,59070.25,-50421.42,NA,"P",0.261372787610619,-0.223103628318584
3,"2388408223561651328",85.14175,-10.37313,85.771320492688,4.30577994115767,3.02035650325088,1.28542343790679,351.71167,-22.030703,17.9090995788574,16.7486991882324,16.1650009155273,15.9308004379272,15.7632999420166,16.712608,17.57265,15.80967,-99,1,0,19,23.29812664685,-8.66332149851488,1,88926.8951020504,-9942.92534693824,1,85141.75,-10373.13,NA,"P",0.376733407079646,-0.0458988053097345
4,"2385494071071570432",-76.70699,98.48266,124.831072396001,-0.121379702190038,-0.909061599752755,0.787681897562718,350.96625,-21.565947,17.1590995788574,15.9450998306274,14.7750997543335,14.3456001281738,14.0885000228882,15.607972,16.713842,14.305798,-99,1,0,19,-9.5273291641943,-40.6389656447058,1,-79538.0248979551,95091.9306530612,1,-76706.99,98482.66,NA,"P",-0.339411460176991,0.435763982300885
5,"2385362408849399296",-80.95103,-125.84452,149.632591610556,2.25054974538859,0.99917224843027,1.25137749695832,350.94507,-22.521412,17.7075996398926,16.6016006469727,16.1289005279541,15.9139995574951,15.7639999389648,16.6335,17.427794,15.761206,-99,1,0,19,7.24025420361733,-15.0162934254478,1,-84324.7048979586,-120843.159346939,1,-80951.03,-125844.52,NA,"P",-0.358190398230089,-0.556834159292035
6,"2391431713034510848",35.21199,63.22338,72.3676724676461,3.44230402476654,4.20422881828234,5.52126051366378,351.48096,-21.715494,18.6285991668701,17.7136001586914,16.9867000579834,16.6494007110596,16.4447994232178,17.572838,18.4159,16.615923,-99,1,0,19,-4.7321669432065,-11.6712018223443,1,36786.4351020403,61294.3086530616,1,35211.99,63223.38,NA,"P",0.155805265486726,0.279749469026549
7,"2391503658031482496",-40.11099,156.50984,161.568009010465,2.95914971083302,-1.31991197846803,4.27906168930105,351.13568,-21.322037,17.6287994384766,16.964599609375,16.6662998199463,16.5100994110107,16.3955993652344,17.00667,17.571669,16.307758,-99,1,0,19,-12.1331785718498,-5.68922005206798,1,-41246.8448979603,150215.590653061,1,-40110.99,156509.84,NA,"P",-0.177482256637168,0.692521415929204
8,"2388413691055255552",130.09889,15.96256,131.074499812075,4.37580397656851,3.26367805028489,1.11212592628363,351.91626,-21.917639,18.3292999267578,17.112699508667,15.606499671936,14.9259996414185,14.5623998641968,16.366835,17.854053,15.111779,-99,1,0,19,-16.5412464688904,19.9548237076375,1,135164.235102049,15609.5386530613,1,130098.89,15962.56,NA,"P",0.575658805309735,0.070630796460177
9,"2385377149177165312",-60.99152,-51.36332,79.7380470875278,1.90680110080383,0.69991243903278,1.20688866177105,351.03564,-22.206549,17.5342998504639,16.8987998962402,16.6067008972168,16.4766998291016,16.3780994415283,16.92854,17.451742,16.246971,-99,1,0,19,-1.7155715394439,-2.73254627117957,1,-63855.8848979554,-49684.1213469382,1,-60991.52,-51363.32,NA,"P",-0.269873982300885,-0.227271327433628
10,"2385423702327125376",0.16988,20.91155,20.9122400191108,3.58170333195009,4.7042654188571,5.16062322027257,351.31903,-21.896553,18.408899307251,17.5802993774414,17.2043991088867,17.0396003723145,16.914400100708,17.615522,18.264645,16.834295,-99,1,0,19,5.14108070816119,-11.5178935979535,1,190.25510204392,20374.9746530614,1,169.88,20911.55,NA,"P",0.000751681415929204,0.092528982300885
11,"2382351361897244288",14.64927,-126.77412,127.617704936687,3.93798664675728,1.68584019193096,2.25214645482631,351.38553,-22.527298,18.4046993255615,17.637300491333,17.2777996063232,17.1319999694824,17.0109996795654,17.688831,18.28118,16.936392,-99,1,0,19,-7.33704227794461,-16.3778723866423,1,15219.2551020482,-122173.395346938,1,14649.27,-126774.12,NA,"P",0.0648197787610619,-0.560947433628319
12,"2385438927986779136",-139.76385,-43.85103,146.481557197087,-1.2281135711182,0.304024047880533,4.75104768818085,350.67587,-22.171911,17.5926990509033,16.9535007476807,16.6566009521484,16.5403995513916,16.448600769043,16.995869,17.537302,16.310389,-99,1,0,19,-9.52227426378542,-4.63734021386821,1,-145163.904897961,-41855.9333469388,1,-139763.85,-43851.03,NA,"P",-0.618424115044248,-0.19403110619469
13,"2382349506471369728",9.00779,-153.0839,153.348689984278,3.79236466418175,1.62957073316938,2.16279393101237,351.3593,-22.6372,18.6086006164551,17.3404998779297,16.0321998596191,15.4432001113892,15.1565999984741,16.775251,18.246544,15.570697,-99,1,0,19,-25.947865321055,-38.2957185676004,1,9291.27510204864,-147011.247346938,1,9007.79,-153083.9,NA,"P",0.0398574778761062,-0.677362389380531
14,"2391486684320587520",-41.78277,102.56322,110.747523519225,3.18550790303535,-1.18393938683675,4.36944728987209,351.12628,-21.54801,18.8717002868652,17.6819000244141,16.9652004241943,16.6490993499756,16.4706001281738,17.568432,18.54534,16.607944,-99,1,0,19,-3.38618821012754,-0.431634239673118,1,-43371.2448979537,99145.6926530612,1,-41782.77,102563.22,NA,"P",-0.184879513274336,0.453819557522124
15,"2382398469098594176",77.46921,-46.25572,90.2278788997198,3.75957420670407,2.60331913301596,1.15625507368811,351.67633,-22.184353,18.7978992462158,17.7329006195068,17.2768993377686,17.0823993682861,16.9396991729736,17.768316,18.501873,16.93646,-99,1,0,19,-2.04704291271666,-5.96824398929068,1,80940.055102046,-44667.8253469388,1,77469.21,-46255.72,NA,"P",0.342784115044248,-0.204671327433628
16,"2385484729518096768",-133.75242,60.00175,146.594405960524,-0.621983703211617,-0.42169165435763,6.0828932583256,350.70554,-21.730236,17.519100189209,16.4125995635986,15.9163999557495,15.7070999145508,15.552300453186,16.426373,17.208647,15.556283,-99,1,0,19,4.78966095315167,-13.0109748262284,1,-138458.484897959,57962.6166530612,1,-133752.42,60001.75,NA,"P",-0.591824867256637,0.265494469026549
17,"2382343699675576448",24.73984,-174.04606,175.79559347364,1.1263791790096,1.71199576561003,5.69756872057915,351.4313,-22.723152,18.5470008850098,17.3446998596191,16.0823001861572,15.5340003967285,15.2354001998901,16.818916,18.235289,15.644128,-99,1,0,19,-6.67583933773702,9.4917159229208,1,25563.2751020493,-166436.399346938,1,24739.84,-174046.06,NA,"P",0.109468318584071,-0.770115309734513
18,"2385470912607650944",-121.74361,26.94575,124.689935515641,-0.720148650810539,-0.21782040433686,5.78085706070591,350.75815,-21.870695,16.0363998413086,15.3375997543335,15.0510997772217,14.9419002532959,14.8591003417969,15.379528,15.910437,14.702821,-99,1,0,19,-6.70076480871587,-2.3904829914552,1,-126568.624897955,26218.8826530612,1,-121743.61,26945.75,NA,"P",-0.538688539823009,0.119228982300885
19,"2385364019462034688",-82.99936,-107.30617,135.659529265284,-1.09786239506367,0.912435515941878,4.27288739617404,350.93524,-22.443335,18.2800998687744,17.3696994781494,16.9787998199463,16.8034992218018,16.6597003936768,17.426334,18.096802,16.63615,-99,1,0,19,-6.37413999410876,-0.860632638416947,1,-86546.2848979507,-103197.757346939,1,-82999.36,-107306.17,NA,"P",-0.367253805309735,-0.474806061946903
20,"2382327924259889280",164.29745,-128.13559,208.356380994561,4.58280134148222,2.47922850326438,2.10357283821784,351.88474,-22.71997,17.5333995819092,17.0275001525879,16.8411998748779,16.7682991027832,16.6879005432129,17.083092,17.484661,16.491997,NA,NA,NA,NA,0.308620503339005,-6.6363713631228,1,128040.715102049,-165717.267346938,0,124586.46,-174963.81,NA,"P",0.551267522123894,-0.774176150442478
21,"2382307175273657344",124.58646,-174.96381,214.788549101314,0.388793071864384,2.18957703595418,4.48240134308979,352.06573,-22.523638,16.128999710083,15.5818996429443,15.3105001449585,15.2207002639771,15.1464996337891,15.599576,16.066132,14.968564,NA,NA,NA,NA,17.1717925308224,-5.89543242187011,1,168944.455102038,-121346.235346938,0,164297.45,-128135.59,NA,"P",0.726979867256637,-0.566971637168142
NA,"Sky-A1-1",-231.15927,84.151,NA,NA,NA,NA,350.2834767,-21.633277127,NA,NA,NA,NA,NA,NA,NA,NA,NA,NA,NA,NA,NA,NA,NA,NA,NA,NA,-231159.27,84151,0,"S",-1.02282862831858,0.372349557522124
NA,"Sky-A1-2",-222.23219,93.24117,NA,NA,NA,NA,350.3223253,-21.595156762,NA,NA,NA,NA,NA,NA,NA,NA,NA,NA,NA,NA,NA,NA,NA,NA,NA,NA,-222232.19,93241.17,1,"S",-0.983328274336283,0.412571548672566
NA,"Sky-A1-3",-217.48859,103.8257,NA,NA,NA,NA,350.3438923,-21.551185324,NA,NA,NA,NA,NA,NA,NA,NA,NA,NA,NA,NA,NA,NA,NA,NA,NA,NA,-217488.59,103825.7,1,"S",-0.96233889380531,0.459405752212389
NA,"Sky-A1-4",-212.24121,114.16975,NA,NA,NA,NA,350.3676973,-21.508224931,NA,NA,NA,NA,NA,NA,NA,NA,NA,NA,NA,NA,NA,NA,NA,NA,NA,NA,-212241.21,114169.75,1,"S",-0.939120398230089,0.505175884955752
NA,"Sky-A1-5",-206.50222,124.24934,NA,NA,NA,NA,350.3936836,-21.466374415,NA,NA,NA,NA,NA,NA,NA,NA,NA,NA,NA,NA,NA,NA,NA,NA,NA,NA,-206502.22,124249.34,1,"S",-0.913726637168142,0.549775840707965
NA,"Sky-A1-6",-200.2849,134.04112,NA,NA,NA,NA,350.4217899,-21.425729913,NA,NA,NA,NA,NA,NA,NA,NA,NA,NA,NA,NA,NA,NA,NA,NA,NA,NA,-200284.9,134041.12,1,"S",-0.886216371681416,0.593102300884956
NA,"Sky-A1-7",-193.60365,143.52243,NA,NA,NA,NA,350.4519502,-21.386384621,NA,NA,NA,NA,NA,NA,NA,NA,NA,NA,NA,NA,NA,NA,NA,NA,NA,NA,-193603.65,143522.43,1,"S",-0.856653318584071,0.635055
NA,"Sky-A2-1",-3.01251,240.9813,NA,NA,NA,NA,351.3053273,-20.982711687,NA,NA,NA,NA,NA,NA,NA,NA,NA,NA,NA,NA,NA,NA,NA,NA,NA,NA,-3012.51,240981.3,1,"S",-0.0133296902654867,1.0662889380531
NA,"Sky-A2-2",8.5856,240.84715,NA,NA,NA,NA,351.3570969,-20.983286946,NA,NA,NA,NA,NA,NA,NA,NA,NA,NA,NA,NA,NA,NA,NA,NA,NA,NA,8585.6,240847.15,1,"S",0.0379893805309735,1.0656953539823
NA,"Sky-A2-3",20.16382,240.15512,NA,NA,NA,NA,351.4087765,-20.986171538,NA,NA,NA,NA,NA,NA,NA,NA,NA,NA,NA,NA,NA,NA,NA,NA,NA,NA,20163.82,240155.12,1,"S",0.0892204424778761,1.06263327433628
NA,"Sky-A2-4",31.69534,238.90682,NA,NA,NA,NA,351.4602488,-20.991358766,NA,NA,NA,NA,NA,NA,NA,NA,NA,NA,NA,NA,NA,NA,NA,NA,NA,NA,31695.34,238906.82,1,"S",0.140244867256637,1.05710982300885
NA,"Sky-A2-5",43.15344,237.10513,NA,NA,NA,NA,351.5113967,-20.998836763,NA,NA,NA,NA,NA,NA,NA,NA,NA,NA,NA,NA,NA,NA,NA,NA,NA,NA,43153.44,237105.13,1,"S",0.190944424778761,1.04913774336283
NA,"Sky-A2-6",54.51158,234.75423,NA,NA,NA,NA,351.5621039,-21.008588374,NA,NA,NA,NA,NA,NA,NA,NA,NA,NA,NA,NA,NA,NA,NA,NA,NA,NA,54511.58,234754.23,1,"S",0.241201681415929,1.03873553097345
NA,"Sky-A2-7",65.74346,231.85957,NA,NA,NA,NA,351.6122551,-21.020591273,NA,NA,NA,NA,NA,NA,NA,NA,NA,NA,NA,NA,NA,NA,NA,NA,NA,NA,65743.46,231859.57,1,"S",0.290900265486726,1.02592730088496
NA,"Sky-A3-1",231.67752,66.38214,NA,NA,NA,NA,352.3569482,-21.707172888,NA,NA,NA,NA,NA,NA,NA,NA,NA,NA,NA,NA,NA,NA,NA,NA,NA,NA,231677.52,66382.14,1,"S",1.0251217699115,0.293726283185841
NA,"Sky-A3-2",234.60313,55.15828,NA,NA,NA,NA,352.3703481,-21.753824073,NA,NA,NA,NA,NA,NA,NA,NA,NA,NA,NA,NA,NA,NA,NA,NA,NA,NA,234603.13,55158.28,1,"S",1.03806694690265,0.244063185840708
NA,"Sky-A3-3",236.98531,43.80666,NA,NA,NA,NA,352.3813229,-21.801018552,NA,NA,NA,NA,NA,NA,NA,NA,NA,NA,NA,NA,NA,NA,NA,NA,NA,NA,236985.31,43806.66,1,"S",1.04860756637168,0.193834778761062
NA,"Sky-A3-4",234.85465,31.81656,NA,NA,NA,NA,352.3732364,-21.85084237,NA,NA,NA,NA,NA,NA,NA,NA,NA,NA,NA,NA,NA,NA,NA,NA,NA,NA,234854.65,31816.56,3,"S",1.03917986725664,0.140781238938053
NA,"Sky-A3-5",238.106,20.65269,NA,NA,NA,NA,352.3875473,-21.897326569,NA,NA,NA,NA,NA,NA,NA,NA,NA,NA,NA,NA,NA,NA,NA,NA,NA,NA,238106,20652.69,2,"S",1.05356637168142,0.0913835840707965
NA,"Sky-A3-6",240.82258,9.24926,NA,NA,NA,NA,352.3994509,-21.944768866,NA,NA,NA,NA,NA,NA,NA,NA,NA,NA,NA,NA,NA,NA,NA,NA,NA,NA,240822.58,9249.26,1,"S",1.06558663716814,0.0409259292035398
NA,"Sky-A3-7",240.98869,2.34844,NA,NA,NA,NA,352.4003812,-21.973488825,NA,NA,NA,NA,NA,NA,NA,NA,NA,NA,NA,NA,NA,NA,NA,NA,NA,NA,240988.69,2348.44,1,"S",1.06632163716814,0.0103913274336283
NA,"Sky-A4-1",210.21182,-117.86456,NA,NA,NA,NA,352.2650222,-22.474594,NA,NA,NA,NA,NA,NA,NA,NA,NA,NA,NA,NA,NA,NA,NA,NA,NA,NA,210211.82,-117864.56,1,"S",0.930140796460177,-0.521524601769911
NA,"Sky-A4-2",204.2974,-127.84223,NA,NA,NA,NA,352.2386109,-22.516256825,NA,NA,NA,NA,NA,NA,NA,NA,NA,NA,NA,NA,NA,NA,NA,NA,NA,NA,204297.4,-127842.23,1,"S",0.903970796460177,-0.565673584070796
NA,"Sky-A4-3",197.90977,-137.52377,NA,NA,NA,NA,352.2100457,-22.55669409,NA,NA,NA,NA,NA,NA,NA,NA,NA,NA,NA,NA,NA,NA,NA,NA,NA,NA,197909.77,-137523.77,1,"S",0.875706946902655,-0.608512256637168
NA,"Sky-A4-4",191.06371,-146.88677,NA,NA,NA,NA,352.1793915,-22.595811308,NA,NA,NA,NA,NA,NA,NA,NA,NA,NA,NA,NA,NA,NA,NA,NA,NA,NA,191063.71,-146886.77,1,"S",0.845414646017699,-0.649941460176991
NA,"Sky-A4-5",183.77509,-155.90952,NA,NA,NA,NA,352.1467185,-22.633516839,NA,NA,NA,NA,NA,NA,NA,NA,NA,NA,NA,NA,NA,NA,NA,NA,NA,NA,183775.09,-155909.52,1,"S",0.813164115044248,-0.689865132743363
NA,"Sky-A4-6",176.06079,-164.57115,NA,NA,NA,NA,352.1121017,-22.669722486,NA,NA,NA,NA,NA,NA,NA,NA,NA,NA,NA,NA,NA,NA,NA,NA,NA,NA,176060.79,-164571.15,1,"S",0.779030044247788,-0.72819092920354
NA,"Sky-A4-7",166.5449,-171.41703,NA,NA,NA,NA,352.069724,-22.698798696,NA,NA,NA,NA,NA,NA,NA,NA,NA,NA,NA,NA,NA,NA,NA,NA,NA,NA,166544.9,-171417.03,2,"S",0.736924336283186,-0.758482433628319
NA,"Sky-A5-1",-148.4702,-189.83588,NA,NA,NA,NA,350.6471651,-22.77553697,NA,NA,NA,NA,NA,NA,NA,NA,NA,NA,NA,NA,NA,NA,NA,NA,NA,NA,-148470.2,-189835.88,1,"S",-0.656947787610619,-0.839981769911504
NA,"Sky-A5-2",-157.43205,-182.47249,NA,NA,NA,NA,350.6068446,-22.744731137,NA,NA,NA,NA,NA,NA,NA,NA,NA,NA,NA,NA,NA,NA,NA,NA,NA,NA,-157432.05,-182472.49,1,"S",-0.696601991150442,-0.807400398230088
NA,"Sky-A5-3",-166.02924,-174.68645,NA,NA,NA,NA,350.5681963,-22.712162376,NA,NA,NA,NA,NA,NA,NA,NA,NA,NA,NA,NA,NA,NA,NA,NA,NA,NA,-166029.24,-174686.45,1,"S",-0.734642654867257,-0.77294889380531
NA,"Sky-A5-4",-174.24185,-166.49577,NA,NA,NA,NA,350.5313099,-22.677907056,NA,NA,NA,NA,NA,NA,NA,NA,NA,NA,NA,NA,NA,NA,NA,NA,NA,NA,-174241.85,-166495.77,1,"S",-0.770981637168142,-0.736706946902655
NA,"Sky-A5-5",-182.05086,-157.91943,NA,NA,NA,NA,350.4962708,-22.642045594,NA,NA,NA,NA,NA,NA,NA,NA,NA,NA,NA,NA,NA,NA,NA,NA,NA,NA,-182050.86,-157919.43,1,"S",-0.805534778761062,-0.698758539823009
NA,"Sky-A5-6",-189.43818,-148.97731,NA,NA,NA,NA,350.46316,-22.604662152,NA,NA,NA,NA,NA,NA,NA,NA,NA,NA,NA,NA,NA,NA,NA,NA,NA,NA,-189438.18,-148977.31,1,"S",-0.83822203539823,-0.659191637168142
NA,"Sky-A5-7",-196.38671,-139.6901,NA,NA,NA,NA,350.4320538,-22.565844259,NA,NA,NA,NA,NA,NA,NA,NA,NA,NA,NA,NA,NA,NA,NA,NA,NA,NA,-196386.71,-139690.1,1,"S",-0.868967743362832,-0.61809778761062
NA,"Sky-H1-1",-179.66666,157.60993,NA,NA,NA,NA,350.5142389,-21.32764212,NA,NA,NA,NA,NA,NA,NA,NA,NA,NA,NA,NA,NA,NA,NA,NA,NA,NA,-179666.66,157609.93,2,"S",-0.794985221238938,0.69738907079646
NA,"Sky-H1-2",-173.31368,167.46173,NA,NA,NA,NA,350.5433351,-21.287089039,NA,NA,NA,NA,NA,NA,NA,NA,NA,NA,NA,NA,NA,NA,NA,NA,NA,NA,-173313.68,167461.73,1,"S",-0.766874690265487,0.74098110619469
NA,"Sky-H1-3",-165.05567,175.60663,NA,NA,NA,NA,350.5804593,-21.253321463,NA,NA,NA,NA,NA,NA,NA,NA,NA,NA,NA,NA,NA,NA,NA,NA,NA,NA,-165055.67,175606.63,1,"S",-0.73033482300885,0.777020486725664
NA,"Sky-H1-4",-156.41534,183.34477,NA,NA,NA,NA,350.619268,-21.221248061,NA,NA,NA,NA,NA,NA,NA,NA,NA,NA,NA,NA,NA,NA,NA,NA,NA,NA,-156415.34,183344.77,1,"S",-0.692103274336283,0.811260044247788
NA,"Sky-H1-5",-146.18928,189.07589,NA,NA,NA,NA,350.6647533,-21.197126333,NA,NA,NA,NA,NA,NA,NA,NA,NA,NA,NA,NA,NA,NA,NA,NA,NA,NA,-146189.28,189075.89,2,"S",-0.646855221238938,0.836618982300885
NA,"Sky-H1-6",-138.06861,197.53006,NA,NA,NA,NA,350.701577,-21.162472966,NA,NA,NA,NA,NA,NA,NA,NA,NA,NA,NA,NA,NA,NA,NA,NA,NA,NA,-138068.61,197530.06,1,"S",-0.610923053097345,0.874026814159292
NA,"Sky-H1-7",-128.4047,203.94434,NA,NA,NA,NA,350.7448877,-21.135905557,NA,NA,NA,NA,NA,NA,NA,NA,NA,NA,NA,NA,NA,NA,NA,NA,NA,NA,-128404.7,203944.34,1,"S",-0.568162389380531,0.902408584070796
NA,"Sky-H1-8",-118.44464,209.88551,NA,NA,NA,NA,350.7894985,-21.111303445,NA,NA,NA,NA,NA,NA,NA,NA,NA,NA,NA,NA,NA,NA,NA,NA,NA,NA,-118444.64,209885.51,1,"S",-0.524091327433628,0.928696946902655
NA,"Sky-H2-1",-99.14316,215.26642,NA,NA,NA,NA,350.8753396,-21.088173106,NA,NA,NA,NA,NA,NA,NA,NA,NA,NA,NA,NA,NA,NA,NA,NA,NA,NA,-99143.16,215266.42,3,"S",-0.438686548672566,0.952506283185841
NA,"Sky-H2-2",-90.16757,223.49692,NA,NA,NA,NA,350.9160273,-21.054963319,NA,NA,NA,NA,NA,NA,NA,NA,NA,NA,NA,NA,NA,NA,NA,NA,NA,NA,-90167.57,223496.92,1,"S",-0.398971548672566,0.988924424778761
NA,"Sky-H2-3",-79.30977,227.57641,NA,NA,NA,NA,350.9645722,-21.038085752,NA,NA,NA,NA,NA,NA,NA,NA,NA,NA,NA,NA,NA,NA,NA,NA,NA,NA,-79309.77,227576.41,1,"S",-0.350928185840708,1.00697526548673
NA,"Sky-H2-4",-68.26826,231.12877,NA,NA,NA,NA,351.0139205,-21.023393343,NA,NA,NA,NA,NA,NA,NA,NA,NA,NA,NA,NA,NA,NA,NA,NA,NA,NA,-68268.26,231128.77,1,"S",-0.302071946902655,1.02269367256637
NA,"Sky-H2-5",-57.06862,234.14576,NA,NA,NA,NA,351.0639595,-21.01091954,NA,NA,NA,NA,NA,NA,NA,NA,NA,NA,NA,NA,NA,NA,NA,NA,NA,NA,-57068.62,234145.76,1,"S",-0.252516017699115,1.03604318584071
NA,"Sky-H2-6",-45.73679,236.62039,NA,NA,NA,NA,351.1145754,-21.000692687,NA,NA,NA,NA,NA,NA,NA,NA,NA,NA,NA,NA,NA,NA,NA,NA,NA,NA,-45736.79,236620.39,1,"S",-0.20237517699115,1.04699287610619
NA,"Sky-H2-7",-34.29902,238.54693,NA,NA,NA,NA,351.1656528,-20.992735984,NA,NA,NA,NA,NA,NA,NA,NA,NA,NA,NA,NA,NA,NA,NA,NA,NA,NA,-34299.02,238546.93,1,"S",-0.151765575221239,1.05551738938053
NA,"Sky-H2-8",-22.59418,237.92962,NA,NA,NA,NA,351.2178482,-20.994823785,NA,NA,NA,NA,NA,NA,NA,NA,NA,NA,NA,NA,NA,NA,NA,NA,NA,NA,-22594.18,237929.62,2,"S",-0.0999742477876106,1.05278592920354
NA,"Sky-H3-1",184.61356,154.91577,NA,NA,NA,NA,352.1442866,-21.339590404,NA,NA,NA,NA,NA,NA,NA,NA,NA,NA,NA,NA,NA,NA,NA,NA,NA,NA,184613.56,154915.77,1,"S",0.816874159292035,0.685468008849557
NA,"Sky-H3-2",191.8534,145.85382,NA,NA,NA,NA,352.1768432,-21.377183771,NA,NA,NA,NA,NA,NA,NA,NA,NA,NA,NA,NA,NA,NA,NA,NA,NA,NA,191853.4,145853.82,1,"S",0.848908849557522,0.645370884955752
NA,"Sky-H3-3",198.64884,136.45402,NA,NA,NA,NA,352.2074341,-21.416185727,NA,NA,NA,NA,NA,NA,NA,NA,NA,NA,NA,NA,NA,NA,NA,NA,NA,NA,198648.84,136454.02,1,"S",0.878977168141593,0.603778849557522
NA,"Sky-H3-4",203.28293,125.68632,NA,NA,NA,NA,352.2288986,-21.460636509,NA,NA,NA,NA,NA,NA,NA,NA,NA,NA,NA,NA,NA,NA,NA,NA,NA,NA,203282.93,125686.32,2,"S",0.899481991150442,0.556134159292035
NA,"Sky-H3-5",210.84465,116.72873,NA,NA,NA,NA,352.2624377,-21.498054697,NA,NA,NA,NA,NA,NA,NA,NA,NA,NA,NA,NA,NA,NA,NA,NA,NA,NA,210844.65,116728.73,1,"S",0.93294092920354,0.516498805309734
NA,"Sky-H3-6",216.21677,106.44891,NA,NA,NA,NA,352.2867214,-21.540734027,NA,NA,NA,NA,NA,NA,NA,NA,NA,NA,NA,NA,NA,NA,NA,NA,NA,NA,216216.77,106448.91,1,"S",0.956711371681416,0.471012876106195
NA,"Sky-H3-7",221.08806,95.92253,NA,NA,NA,NA,352.3087814,-21.584446772,NA,NA,NA,NA,NA,NA,NA,NA,NA,NA,NA,NA,NA,NA,NA,NA,NA,NA,221088.06,95922.53,1,"S",0.978265752212389,0.424435973451327
NA,"Sky-H3-8",225.44672,85.17533,NA,NA,NA,NA,352.328563,-21.629086879,NA,NA,NA,NA,NA,NA,NA,NA,NA,NA,NA,NA,NA,NA,NA,NA,NA,NA,225446.72,85175.33,1,"S",0.99755185840708,0.376881991150442
NA,"Sky-H4-1",235.99955,-21.75343,NA,NA,NA,NA,352.3797844,-22.074042472,NA,NA,NA,NA,NA,NA,NA,NA,NA,NA,NA,NA,NA,NA,NA,NA,NA,NA,235999.55,-21753.43,3,"S",1.04424579646018,-0.0962541150442478
NA,"Sky-H4-2",238.64054,-33.64155,NA,NA,NA,NA,352.3907979,-22.123351377,NA,NA,NA,NA,NA,NA,NA,NA,NA,NA,NA,NA,NA,NA,NA,NA,NA,NA,238640.54,-33641.55,1,"S",1.05593159292035,-0.148856415929204
NA,"Sky-H4-3",234.7807,-44.71042,NA,NA,NA,NA,352.3743288,-22.169626989,NA,NA,NA,NA,NA,NA,NA,NA,NA,NA,NA,NA,NA,NA,NA,NA,NA,NA,234780.7,-44710.42,2,"S",1.03885265486726,-0.197833716814159
NA,"Sky-H4-4",232.35758,-55.95492,NA,NA,NA,NA,352.3637241,-22.216515997,NA,NA,NA,NA,NA,NA,NA,NA,NA,NA,NA,NA,NA,NA,NA,NA,NA,NA,232357.58,-55954.92,2,"S",1.02813088495575,-0.24758814159292
NA,"Sky-H4-5",231.31601,-67.6311,NA,NA,NA,NA,352.3587652,-22.265008342,NA,NA,NA,NA,NA,NA,NA,NA,NA,NA,NA,NA,NA,NA,NA,NA,NA,NA,231316.01,-67631.1,1,"S",1.02352216814159,-0.299252654867257
NA,"Sky-H4-6",227.79409,-78.68236,NA,NA,NA,NA,352.3432071,-22.311092923,NA,NA,NA,NA,NA,NA,NA,NA,NA,NA,NA,NA,NA,NA,NA,NA,NA,NA,227794.09,-78682.36,1,"S",1.00793845132743,-0.34815203539823
NA,"Sky-H4-7",223.74453,-89.55136,NA,NA,NA,NA,352.3252606,-22.356430458,NA,NA,NA,NA,NA,NA,NA,NA,NA,NA,NA,NA,NA,NA,NA,NA,NA,NA,223744.53,-89551.36,1,"S",0.990020044247788,-0.396244955752212
NA,"Sky-H4-8",219.17732,-100.21161,NA,NA,NA,NA,352.3049682,-22.40090989,NA,NA,NA,NA,NA,NA,NA,NA,NA,NA,NA,NA,NA,NA,NA,NA,NA,NA,219177.32,-100211.61,1,"S",0.969811150442478,-0.443414203539823
NA,"Sky-H5-1",41.48761,-235.37157,NA,NA,NA,NA,351.5053058,-22.966658667,NA,NA,NA,NA,NA,NA,NA,NA,NA,NA,NA,NA,NA,NA,NA,NA,NA,NA,41487.61,-235371.57,2,"S",0.183573495575221,-1.04146712389381
NA,"Sky-H5-2",30.36687,-239.07931,NA,NA,NA,NA,351.4549293,-22.981596408,NA,NA,NA,NA,NA,NA,NA,NA,NA,NA,NA,NA,NA,NA,NA,NA,NA,NA,30366.87,-239079.31,1,"S",0.134366681415929,-1.05787305309735
NA,"Sky-H5-3",18.8286,-240.26349,NA,NA,NA,NA,351.402757,-22.986566244,NA,NA,NA,NA,NA,NA,NA,NA,NA,NA,NA,NA,NA,NA,NA,NA,NA,NA,18828.6,-240263.49,1,"S",0.083312389380531,-1.06311278761062
NA,"Sky-H5-4",7.2467,-240.89115,NA,NA,NA,NA,351.3503833,-22.989204889,NA,NA,NA,NA,NA,NA,NA,NA,NA,NA,NA,NA,NA,NA,NA,NA,NA,NA,7246.7,-240891.15,1,"S",0.0320650442477876,-1.06589004424779
NA,"Sky-H5-5",-4.35197,-240.96083,NA,NA,NA,NA,351.297932,-22.98950599,NA,NA,NA,NA,NA,NA,NA,NA,NA,NA,NA,NA,NA,NA,NA,NA,NA,NA,-4351.97,-240960.83,1,"S",-0.0192565044247788,-1.06619836283186
NA,"Sky-H5-6",-15.94057,-240.47237,NA,NA,NA,NA,351.2455271,-22.987468738,NA,NA,NA,NA,NA,NA,NA,NA,NA,NA,NA,NA,NA,NA,NA,NA,NA,NA,-15940.57,-240472.37,1,"S",-0.0705334955752212,-1.06403703539823
NA,"Sky-H5-7",-27.49224,-239.4269,NA,NA,NA,NA,351.1932923,-22.983097834,NA,NA,NA,NA,NA,NA,NA,NA,NA,NA,NA,NA,NA,NA,NA,NA,NA,NA,-27492.24,-239426.9,1,"S",-0.121647079646018,-1.0594110619469
NA,"Sky-H5-8",-38.97879,-237.82707,NA,NA,NA,NA,351.1413578,-22.976404453,NA,NA,NA,NA,NA,NA,NA,NA,NA,NA,NA,NA,NA,NA,NA,NA,NA,NA,-38978.79,-237827.07,1,"S",-0.172472522123894,-1.05233216814159
NA,"Sky-H6-1",-57.88483,-231.88434,NA,NA,NA,NA,351.0557702,-22.952117953,NA,NA,NA,NA,NA,NA,NA,NA,NA,NA,NA,NA,NA,NA,NA,NA,NA,NA,-57884.83,-231884.34,2,"S",-0.256127566371681,-1.02603690265487
NA,"Sky-H6-2",-69.55194,-230.74573,NA,NA,NA,NA,351.0031736,-22.946763599,NA,NA,NA,NA,NA,NA,NA,NA,NA,NA,NA,NA,NA,NA,NA,NA,NA,NA,-69551.94,-230745.73,1,"S",-0.307751946902655,-1.02099880530973
NA,"Sky-H6-3",-80.57354,-227.13205,NA,NA,NA,NA,350.9533827,-22.931635536,NA,NA,NA,NA,NA,NA,NA,NA,NA,NA,NA,NA,NA,NA,NA,NA,NA,NA,-80573.54,-227132.05,1,"S",-0.356520088495575,-1.00500907079646
NA,"Sky-H6-4",-91.4085,-222.99226,NA,NA,NA,NA,350.9044516,-22.914305011,NA,NA,NA,NA,NA,NA,NA,NA,NA,NA,NA,NA,NA,NA,NA,NA,NA,NA,-91408.5,-222992.26,1,"S",-0.404462389380531,-0.986691415929204
NA,"Sky-H6-5",-102.03172,-218.33596,NA,NA,NA,NA,350.8564958,-22.894812847,NA,NA,NA,NA,NA,NA,NA,NA,NA,NA,NA,NA,NA,NA,NA,NA,NA,NA,-102031.72,-218335.96,1,"S",-0.45146778761062,-0.966088318584071
NA,"Sky-H6-6",-112.41861,-213.17391,NA,NA,NA,NA,350.8096278,-22.873204806,NA,NA,NA,NA,NA,NA,NA,NA,NA,NA,NA,NA,NA,NA,NA,NA,NA,NA,-112418.61,-213173.91,1,"S",-0.497427477876106,-0.943247389380531
NA,"Sky-H6-7",-122.54511,-207.51809,NA,NA,NA,NA,350.7639578,-22.849531818,NA,NA,NA,NA,NA,NA,NA,NA,NA,NA,NA,NA,NA,NA,NA,NA,NA,NA,-122545.11,-207518.09,1,"S",-0.542235,-0.918221637168142
NA,"Sky-H6-8",-132.38652,-201.3824,NA,NA,NA,NA,350.7195985,-22.823852914,NA,NA,NA,NA,NA,NA,NA,NA,NA,NA,NA,NA,NA,NA,NA,NA,NA,NA,-132386.52,-201382.4,1,"S",-0.585781061946903,-0.891072566371681
NA,"Sky-H7-1",-207.18967,-123.09956,NA,NA,NA,NA,350.3837833,-22.496521701,NA,NA,NA,NA,NA,NA,NA,NA,NA,NA,NA,NA,NA,NA,NA,NA,NA,NA,-207189.67,-123099.56,1,"S",-0.916768451327434,-0.544688318584071
NA,"Sky-H7-2",-212.87255,-112.98823,NA,NA,NA,NA,350.3584476,-22.454285596,NA,NA,NA,NA,NA,NA,NA,NA,NA,NA,NA,NA,NA,NA,NA,NA,NA,NA,-212872.55,-112988.23,1,"S",-0.941913938053097,-0.499947920353982
NA,"Sky-H7-3",-218.06235,-102.61518,NA,NA,NA,NA,350.3353553,-22.410966961,NA,NA,NA,NA,NA,NA,NA,NA,NA,NA,NA,NA,NA,NA,NA,NA,NA,NA,-218062.35,-102615.18,1,"S",-0.964877654867257,-0.454049469026549
NA,"Sky-H7-4",-222.74704,-92.00444,NA,NA,NA,NA,350.3145587,-22.366667006,NA,NA,NA,NA,NA,NA,NA,NA,NA,NA,NA,NA,NA,NA,NA,NA,NA,NA,-222747.04,-92004.44,1,"S",-0.985606371681416,-0.407099292035398
NA,"Sky-H7-5",-226.91579,-81.18059,NA,NA,NA,NA,350.2961042,-22.321489145,NA,NA,NA,NA,NA,NA,NA,NA,NA,NA,NA,NA,NA,NA,NA,NA,NA,NA,-226915.79,-81180.59,1,"S",-1.00405216814159,-0.359206150442478
NA,"Sky-H7-6",-230.55892,-70.1687,NA,NA,NA,NA,350.2800328,-22.275538748,NA,NA,NA,NA,NA,NA,NA,NA,NA,NA,NA,NA,NA,NA,NA,NA,NA,NA,-230558.92,-70168.7,1,"S",-1.02017221238938,-0.310480973451327
NA,"Sky-H7-7",-233.66801,-58.99428,NA,NA,NA,NA,350.2663797,-22.228922915,NA,NA,NA,NA,NA,NA,NA,NA,NA,NA,NA,NA,NA,NA,NA,NA,NA,NA,-233668.01,-58994.28,1,"S",-1.03392924778761,-0.261036637168142
NA,"Sky-H7-8",-234.27497,-47.28889,NA,NA,NA,NA,350.2634298,-22.180270255,NA,NA,NA,NA,NA,NA,NA,NA,NA,NA,NA,NA,NA,NA,NA,NA,NA,NA,-234274.97,-47288.89,2,"S",-1.03661491150442,-0.209242876106195
