#OBSTEMP,8
#CONFIGTEMP,19
#EQUINOX,J2000.0
#CENTRE,23 25 16.36,-21 59 12.1 #Field centre
#UTTIME,14 00 00.00 #Target observing time
#UTDATE,2021 07 10 #Target observing date
#PLATEID,a test_plateID
#LABEL,a test_label
#TILING_DATE,2021 06 16 # Date the tile was created/configured
#PROXIMITY,220 # tiling proximity value in arcseconds
"ID","RA","DEC","g_mag","r_mag","i_mag","z_mag","y_mag","GAIA_g_mag","GAIA_bp_mag","GAIA_rp_mag","Mstar","Re","z","GAL_MU_E_R","pmRA","pmDEC","priority","MagnetX_noDC","MagnetY_noDC","type","MagnetX","MagnetY","SkyFibrePosition","fibre_type","x","y","grads","gangs","gazAngs","gangs_gazAng"
"2391435591389549312",351.38025,-21.69073,NA,11.7128000259399,NA,NA,NA,NA,NA,NA,NA,NA,NA,NA,7.18010781030776,-6.36007143612997,NA,14025.975102042,66890.9726530619,2,13400.92,68996.23,NA,"G",-147.52067,-94.96557,175.444599696525,2.41531037344517,0.571964864290732,1.84334550915444
"2391490189013813120",351.2506,-21.421366,NA,11.9776000976563,NA,NA,NA,NA,NA,NA,NA,NA,NA,NA,78.0714533562508,38.6414672538206,NA,-15274.9248979511,127767.236653062,2,-14825.53,132610.06,NA,"G",-127.09437,171.33288,213.325888383926,0.704490802538899,-0.932565263810341,1.63705606634924
"2385369315156805120",351.04855,-22.436876,NA,12.1532001495361,NA,NA,NA,NA,NA,NA,NA,NA,NA,NA,32.480798058487,-46.2295130411374,NA,-60938.2248979607,-101738.023346939,2,-58303.71,-105510.52,NA,"G",22.00445,182.9031,184.22198514133,2.75902268098943,4.59265781819105,4.44955016997797
"2388387401559966208",351.9347,-22.224596,NA,12.2288999557495,NA,NA,NA,NA,NA,NA,NA,NA,NA,NA,19.4450324037153,23.23215179311,NA,139331.675102049,-53762.7433469381,2,134171.61,-56192.63,NA,"G",170.99668,-19.60406,172.116773556519,4.52804802498937,3.02744516677413,1.50060285821524
"2391515688235129856",351.24127,-21.131506,NA,12.7425003051758,NA,NA,NA,NA,NA,NA,NA,NA,NA,NA,66.4100599596042,-47.161839242907,NA,-17383.5048979588,193275.596653061,2,-17139.94,203055.8,NA,"G",-17.13994,203.0558,203.777907185356,0.467068285226806,-1.48658594958053,1.95365423480734
"2388396201948411904",352.0999,-22.067959,NA,13.4962997436523,NA,NA,NA,NA,NA,NA,NA,NA,NA,NA,5.57639194079352,-16.0351213307285,NA,176666.875102042,-18362.7813469381,2,170996.68,-19604.06,NA,"G",148.59493,-33.09323,152.235393695217,0.914433057842573,2.92246115618915,4.27515720883301
